# name: A
# type: matrix
# rows: 3
# columns: 3
 1 2 3
 4 5 6
 7 8 9
