# name: MAT
# type: matrix
# rows: 3
# columns: 3
0.3678794412 0.6065306597 0.3678794412 
0.6065306597 1.0000000000 0.6065306597 
0.3678794412 0.6065306597 0.3678794412 
