# name: MAT
# type: matrix
# rows: 13
# columns: 13
0.0000000000 0.0000000000 0.0000000000 0.0000000000 0.0000000003 0.0000000015 0.0000000024 0.0000000015 0.0000000003 0.0000000000 0.0000000000 0.0000000000 0.0000000000 
0.0000000000 0.0000000000 0.0000000002 0.0000000066 0.0000000803 0.0000003597 0.0000005931 0.0000003597 0.0000000803 0.0000000066 0.0000000002 0.0000000000 0.0000000000 
0.0000000000 0.0000000002 0.0000000179 0.0000005931 0.0000072256 0.0000323830 0.0000533905 0.0000323830 0.0000072256 0.0000005931 0.0000000179 0.0000000002 0.0000000000 
0.0000000000 0.0000000066 0.0000005931 0.0000196413 0.0002392798 0.0010723776 0.0017680517 0.0010723776 0.0002392798 0.0000196413 0.0000005931 0.0000000066 0.0000000000 
0.0000000003 0.0000000803 0.0000072256 0.0002392798 0.0029150244 0.0130642331 0.0215392791 0.0130642331 0.0029150244 0.0002392798 0.0000072256 0.0000000803 0.0000000003 
0.0000000015 0.0000003597 0.0000323830 0.0010723776 0.0130642331 0.0585498309 0.0965323516 0.0585498309 0.0130642331 0.0010723776 0.0000323830 0.0000003597 0.0000000015 
0.0000000024 0.0000005931 0.0000533905 0.0017680517 0.0215392791 0.0965323516 0.1591549414 0.0965323516 0.0215392791 0.0017680517 0.0000533905 0.0000005931 0.0000000024 
0.0000000015 0.0000003597 0.0000323830 0.0010723776 0.0130642331 0.0585498309 0.0965323516 0.0585498309 0.0130642331 0.0010723776 0.0000323830 0.0000003597 0.0000000015 
0.0000000003 0.0000000803 0.0000072256 0.0002392798 0.0029150244 0.0130642331 0.0215392791 0.0130642331 0.0029150244 0.0002392798 0.0000072256 0.0000000803 0.0000000003 
0.0000000000 0.0000000066 0.0000005931 0.0000196413 0.0002392798 0.0010723776 0.0017680517 0.0010723776 0.0002392798 0.0000196413 0.0000005931 0.0000000066 0.0000000000 
0.0000000000 0.0000000002 0.0000000179 0.0000005931 0.0000072256 0.0000323830 0.0000533905 0.0000323830 0.0000072256 0.0000005931 0.0000000179 0.0000000002 0.0000000000 
0.0000000000 0.0000000000 0.0000000002 0.0000000066 0.0000000803 0.0000003597 0.0000005931 0.0000003597 0.0000000803 0.0000000066 0.0000000002 0.0000000000 0.0000000000 
0.0000000000 0.0000000000 0.0000000000 0.0000000000 0.0000000003 0.0000000015 0.0000000024 0.0000000015 0.0000000003 0.0000000000 0.0000000000 0.0000000000 0.0000000000 
