# name: MAT
# type: matrix
# rows: 21
# columns: 21
0.0000000000 0.0000000000 0.0000000000 0.0000000000 0.0000000000 0.0000000000 0.0000000000 0.0000000000 0.0000000000 0.0000000000 0.0000000000 0.0000000000 0.0000000000 0.0000000000 0.0000000000 0.0000000000 0.0000000000 0.0000000000 0.0000000000 0.0000000000 0.0000000000 
0.0000000000 0.0000000000 0.0000000000 0.0000000000 0.0000000000 0.0000000000 0.0000000000 0.0000000000 0.0000000000 0.0000000000 0.0000000000 0.0000000000 0.0000000000 0.0000000000 0.0000000000 0.0000000000 0.0000000000 0.0000000000 0.0000000000 0.0000000000 0.0000000000 
0.0000000000 0.0000000000 0.0000000000 0.0000000000 0.0000000000 0.0000000000 0.0000000000 0.0000000000 0.0000000000 0.0000000000 0.0000000000 0.0000000000 0.0000000000 0.0000000000 0.0000000000 0.0000000000 0.0000000000 0.0000000000 0.0000000000 0.0000000000 0.0000000000 
0.0000000000 0.0000000000 0.0000000000 0.0000000000 0.0000000000 0.0000000000 0.0000000000 0.0000000000 0.0000000000 0.0000000000 0.0000000000 0.0000000000 0.0000000000 0.0000000000 0.0000000000 0.0000000000 0.0000000000 0.0000000000 0.0000000000 0.0000000000 0.0000000000 
0.0000000000 0.0000000000 0.0000000000 0.0000000000 0.0000000000 0.0000000000 0.0000000000 0.0000000002 0.0000000021 0.0000000092 0.0000000152 0.0000000092 0.0000000021 0.0000000002 0.0000000000 0.0000000000 0.0000000000 0.0000000000 0.0000000000 0.0000000000 0.0000000000 
0.0000000000 0.0000000000 0.0000000000 0.0000000000 0.0000000000 0.0000000000 0.0000000013 0.0000000414 0.0000005043 0.0000022603 0.0000037267 0.0000022603 0.0000005043 0.0000000414 0.0000000013 0.0000000000 0.0000000000 0.0000000000 0.0000000000 0.0000000000 0.0000000000 
0.0000000000 0.0000000000 0.0000000000 0.0000000000 0.0000000000 0.0000000013 0.0000001125 0.0000037267 0.0000453999 0.0002034684 0.0003354626 0.0002034684 0.0000453999 0.0000037267 0.0000001125 0.0000000013 0.0000000000 0.0000000000 0.0000000000 0.0000000000 0.0000000000 
0.0000000000 0.0000000000 0.0000000000 0.0000000000 0.0000000002 0.0000000414 0.0000037267 0.0001234098 0.0015034392 0.0067379470 0.0111089965 0.0067379470 0.0015034392 0.0001234098 0.0000037267 0.0000000414 0.0000000002 0.0000000000 0.0000000000 0.0000000000 0.0000000000 
0.0000000000 0.0000000000 0.0000000000 0.0000000000 0.0000000021 0.0000005043 0.0000453999 0.0015034392 0.0183156389 0.0820849986 0.1353352832 0.0820849986 0.0183156389 0.0015034392 0.0000453999 0.0000005043 0.0000000021 0.0000000000 0.0000000000 0.0000000000 0.0000000000 
0.0000000000 0.0000000000 0.0000000000 0.0000000000 0.0000000092 0.0000022603 0.0002034684 0.0067379470 0.0820849986 0.3678794412 0.6065306597 0.3678794412 0.0820849986 0.0067379470 0.0002034684 0.0000022603 0.0000000092 0.0000000000 0.0000000000 0.0000000000 0.0000000000 
0.0000000000 0.0000000000 0.0000000000 0.0000000000 0.0000000152 0.0000037267 0.0003354626 0.0111089965 0.1353352832 0.6065306597 1.0000000000 0.6065306597 0.1353352832 0.0111089965 0.0003354626 0.0000037267 0.0000000152 0.0000000000 0.0000000000 0.0000000000 0.0000000000 
0.0000000000 0.0000000000 0.0000000000 0.0000000000 0.0000000092 0.0000022603 0.0002034684 0.0067379470 0.0820849986 0.3678794412 0.6065306597 0.3678794412 0.0820849986 0.0067379470 0.0002034684 0.0000022603 0.0000000092 0.0000000000 0.0000000000 0.0000000000 0.0000000000 
0.0000000000 0.0000000000 0.0000000000 0.0000000000 0.0000000021 0.0000005043 0.0000453999 0.0015034392 0.0183156389 0.0820849986 0.1353352832 0.0820849986 0.0183156389 0.0015034392 0.0000453999 0.0000005043 0.0000000021 0.0000000000 0.0000000000 0.0000000000 0.0000000000 
0.0000000000 0.0000000000 0.0000000000 0.0000000000 0.0000000002 0.0000000414 0.0000037267 0.0001234098 0.0015034392 0.0067379470 0.0111089965 0.0067379470 0.0015034392 0.0001234098 0.0000037267 0.0000000414 0.0000000002 0.0000000000 0.0000000000 0.0000000000 0.0000000000 
0.0000000000 0.0000000000 0.0000000000 0.0000000000 0.0000000000 0.0000000013 0.0000001125 0.0000037267 0.0000453999 0.0002034684 0.0003354626 0.0002034684 0.0000453999 0.0000037267 0.0000001125 0.0000000013 0.0000000000 0.0000000000 0.0000000000 0.0000000000 0.0000000000 
0.0000000000 0.0000000000 0.0000000000 0.0000000000 0.0000000000 0.0000000000 0.0000000013 0.0000000414 0.0000005043 0.0000022603 0.0000037267 0.0000022603 0.0000005043 0.0000000414 0.0000000013 0.0000000000 0.0000000000 0.0000000000 0.0000000000 0.0000000000 0.0000000000 
0.0000000000 0.0000000000 0.0000000000 0.0000000000 0.0000000000 0.0000000000 0.0000000000 0.0000000002 0.0000000021 0.0000000092 0.0000000152 0.0000000092 0.0000000021 0.0000000002 0.0000000000 0.0000000000 0.0000000000 0.0000000000 0.0000000000 0.0000000000 0.0000000000 
0.0000000000 0.0000000000 0.0000000000 0.0000000000 0.0000000000 0.0000000000 0.0000000000 0.0000000000 0.0000000000 0.0000000000 0.0000000000 0.0000000000 0.0000000000 0.0000000000 0.0000000000 0.0000000000 0.0000000000 0.0000000000 0.0000000000 0.0000000000 0.0000000000 
0.0000000000 0.0000000000 0.0000000000 0.0000000000 0.0000000000 0.0000000000 0.0000000000 0.0000000000 0.0000000000 0.0000000000 0.0000000000 0.0000000000 0.0000000000 0.0000000000 0.0000000000 0.0000000000 0.0000000000 0.0000000000 0.0000000000 0.0000000000 0.0000000000 
0.0000000000 0.0000000000 0.0000000000 0.0000000000 0.0000000000 0.0000000000 0.0000000000 0.0000000000 0.0000000000 0.0000000000 0.0000000000 0.0000000000 0.0000000000 0.0000000000 0.0000000000 0.0000000000 0.0000000000 0.0000000000 0.0000000000 0.0000000000 0.0000000000 
0.0000000000 0.0000000000 0.0000000000 0.0000000000 0.0000000000 0.0000000000 0.0000000000 0.0000000000 0.0000000000 0.0000000000 0.0000000000 0.0000000000 0.0000000000 0.0000000000 0.0000000000 0.0000000000 0.0000000000 0.0000000000 0.0000000000 0.0000000000 0.0000000000 
