# name: MAT
# type: matrix
# rows: 7
# columns: 7
0.0001234098 0.0015034392 0.0067379470 0.0111089965 0.0067379470 0.0015034392 0.0001234098 
0.0015034392 0.0183156389 0.0820849986 0.1353352832 0.0820849986 0.0183156389 0.0015034392 
0.0067379470 0.0820849986 0.3678794412 0.6065306597 0.3678794412 0.0820849986 0.0067379470 
0.0111089965 0.1353352832 0.6065306597 1.0000000000 0.6065306597 0.1353352832 0.0111089965 
0.0067379470 0.0820849986 0.3678794412 0.6065306597 0.3678794412 0.0820849986 0.0067379470 
0.0015034392 0.0183156389 0.0820849986 0.1353352832 0.0820849986 0.0183156389 0.0015034392 
0.0001234098 0.0015034392 0.0067379470 0.0111089965 0.0067379470 0.0015034392 0.0001234098 
