# name: MAT
# type: matrix
# rows: 5
# columns: 5
0.0183156389 0.0820849986 0.1353352832 0.0820849986 0.0183156389 
0.0820849986 0.3678794412 0.6065306597 0.3678794412 0.0820849986 
0.1353352832 0.6065306597 1.0000000000 0.6065306597 0.1353352832 
0.0820849986 0.3678794412 0.6065306597 0.3678794412 0.0820849986 
0.0183156389 0.0820849986 0.1353352832 0.0820849986 0.0183156389 
