# name: MAT
# type: matrix
# rows: 55
# columns: 133
 -10.1529 -9.70956 -11.3901 -10.089 -11.7067 -9.75551 -9.63113 -10.8013 -10.7258 -10.5683 -10.5494 -8.28195 -8.90608 -10.3516 -10.6367 -10.0363 -11.4237 -10.7776 -10.8193 -11.3196 -9.90496 -10.9908 -9.89047 -10.5365 -11.8365 -12.3402 -11.2094 -10.215 -10.8541 -10.851 -10.205 -11.7948 -10.7535 -8.63948 -10.5716 -10.1341 -9.49702 -9.25817 -7.929 -6.87315 -7.88433 -8.35412 -8.26172 -8.59413 -9.90306 -9.41934 -9.4653 -8.95599 -9.22456 -8.74272 -8.29685 -8.94751 -9.02073 -11.3445 -9.96426 -7.15499 -7.93232 -10.4 -9.30432 -9.32148 -8.47361 -9.18527 -6.57666 -6.47542 -8.18032 -6.27653 -6.79792 -8.20006 -7.79761 -6.40175 -8.75159 -8.40389 -8.31304 -7.84869 -6.9828 -5.38976 -6.83549 -5.82247 -5.0087 -7.19527 -6.74695 -5.65641 -3.68158 -3.62602 -0.961846 -1.99571 -2.51969 -2.27607 -4.93812 -6.09719 -7.8125 -7.81842 -8.62728 -6.72759 -7.85429 -7.80867 -7.40008 -9.56031 -8.70534 -7.89552 -6.79135 -7.28793 -6.26049 -5.66037 -4.35045 -5.005 -8.19526 -7.84856 -9.74362 -9.74362 -9.22696 -10.0254 -8.74674 -7.98823 -7.16973 -8.32704 -8.7563 -8.93782 -10.762 -9.57077 -9.13388 -8.13575 -7.4693 -6.31717 -6.31717 -6.45051 -6.3167 -7.24746 -8.09251 -9.52312 -10.1121 -10.6288 -10.1343
 -12.2193 -10.8627 -11.4791 -10.9877 -10.9245 -11.4239 -10.5443 -10.3815 -10.3027 -10.6147 -10.7406 -9.58419 -8.53433 -9.05099 -9.3361 -11.4382 -11.4743 -11.4743 -10.8283 -10.9803 -10.9039 -11.3535 -11.3535 -10.5365 -11.2219 -11.2094 -11.3182 -11.3182 -10.4315 -9.89227 -9.22039 -8.03429 -8.16858 -8.61816 -9.99121 -9.38216 -8.06088 -7.62116 -8.17651 -6.9745 -8.37021 -8.76373 -7.51109 -7.13 -8.1577 -8.04473 -8.0907 -8.15841 -8.1444 -7.83446 -8.36737 -7.5936 -9.37912 -9.48486 -8.68697 -8.91495 -6.95688 -8.30046 -8.22976 -7.90869 -8.8863 -10.6945 -9.53079 -10.6183 -8.70198 -8.32009 -7.87422 -8.22484 -7.82086 -6.8924 -7.59735 -7.73949 -8.91296 -9.37725 -7.67205 -6.24621 -7.38631 -6.40494 -8.56438 -8.09767 -7.04791 -4.5735 -1.61932 -1.19006 -1.93639 -0.544613 -2.20274 -1.84556 -5.37513 -5.87917 -7.54953 -9.82562 -9.52675 -7.6597 -6.8174 -7.95941 -8.70923 -9.18183 -9.95572 -9.72392 -8.65904 -9.0199 -10.0186 -9.07387 -8.30167 -9.17998 -10.1026 -9.59333 -9.59333 -9.32172 -9.08216 -9.13559 -9.81354 -11.0048 -10.6311 -9.17828 -10.2275 -9.35235 -9.39358 -10.2589 -8.70632 -8.22468 -7.62471 -6.96045 -6.60592 -7.94041 -8.73921 -9.58241 -10.4193 -11.3636 -10.8525 -10.9378 -12.1279
 -11.5233 -10.968 -10.9263 -10.1107 -10.2695 -11.382 -10.3775 -11.3013 -10.0851 -10.1234 -10.3216 -8.57067 -7.21271 -8.01449 -8.8301 -9.69354 -11.9622 -11.0969 -9.7753 -12.0052 -13.0708 -11.908 -11.908 -11.5428 -11.7098 -10.8745 -11.3182 -10.4315 -10.4315 -9.23564 -8.67242 -8.05816 -9.55708 -9.12128 -9.07517 -8.09138 -6.51687 -6.07308 -5.78088 -3.97813 -5.97935 -7.26217 -7.1842 -6.26471 -7.29241 -8.04473 -10.1698 -10.1698 -10.7433 -11.844 -7.88812 -8.43597 -9.43815 -10.7348 -8.1998 -7.81531 -7.63311 -6.61783 -8.22068 -7.40507 -8.89355 -8.79228 -9.98158 -8.53786 -7.88942 -9.06091 -9.27151 -8.24767 -7.48003 -6.34133 -5.02491 -6.77186 -7.73144 -7.51536 -7.68656 -7.72057 -7.37089 -6.97732 -9.23783 -8.69993 -7.52236 -5.41785 -3.47023 -2.43022 -0.981718 -0.96615 -0.511339 -1.23417 -3.35235 -7.52342 -9.00377 -8.82114 -8.37851 -7.6597 -8.19573 -8.25619 -10.7033 -10.7033 -11.6761 -11.4946 -10.4297 -9.08698 -9.07387 -9.07387 -10.4631 -11.0795 -9.33396 -8.71758 -8.71758 -8.71758 -9.29102 -11.2179 -10.7012 -11.4327 -10.8326 -11.4969 -11.279 -11.6541 -10.7906 -10.8422 -10.582 -10.582 -10.582 -9.98207 -8.82994 -8.82994 -11.773 -11.3372 -11.8091 -11.8091 -11.8091 -10.5901 -10.2617
 -10.4394 -10.2164 -10.1107 -11.1266 -10.817 -11.3871 -11.4102 -10.6012 -11.3408 -10.6395 -10.3118 -9.47212 -6.97857 -7.41437 -10.3578 -10.3578 -10.9941 -11.0758 -12.1007 -10.7903 -11.1399 -11.1399 -11.1425 -11.1232 -12.1888 -11.9387 -10.8646 -9.61589 -9.11218 -6.8897 -7.37757 -8.87649 -9.55708 -9.12128 -8.44659 -7.52871 -8.1054 -6.71957 -6.14353 -3.9742 -5.32332 -8.17827 -8.43632 -7.51683 -9.47484 -8.53825 -10.8336 -10.7573 -10.2641 -11.5789 -12.2707 -8.67803 -10.9119 -11.9314 -8.73838 -7.18697 -6.63293 -6.01882 -6.76708 -6.53486 -7.70696 -8.79053 -7.93118 -8.11984 -9.87446 -9.70778 -10.1969 -8.79333 -6.79824 -8.06823 -7.18396 -7.66475 -8.68544 -8.93173 -9.11014 -8.6822 -6.91422 -5.78059 -6.69159 -8.02892 -7.08766 -5.1466 -4.86425 -3.18307 -2.11877 -1.89704 -1.89704 -2.94669 -3.14654 -6.0984 -9.65664 -9.90883 -9.24699 -9.18041 -8.59328 -10.9946 -10.4228 -11.0111 -10.4885 -11.2757 -9.49186 -8.62841 -8.77342 -9.27 -10.6593 -10.1482 -11.3215 -9.93642 -9.80978 -9.80978 -9.5951 -11.203 -11.1791 -11.1656 -10.5655 -11.2969 -11.4867 -9.82906 -10.2583 -9.25553 -9.61119 -11.6423 -10.9542 -10.3542 -9.68994 -11.0387 -11.8354 -11.3996 -12.2365 -11.3712 -10.5343 -11.4738 -10.1522
 -10.1919 -8.51613 -11.1131 -12.1291 -10.3167 -11.5566 -10.9927 -11.363 -11.3408 -10.7407 -10.1997 -7.98917 -8.65344 -9.90485 -10.394 -10.5062 -10.3418 -11.5767 -12.1007 -10.289 -10.6584 -10.1553 -11.6228 -11.8164 -12.6935 -12.1255 -9.81993 -8.24689 -7.09576 -6.02441 -6.47399 -7.44111 -8.18073 -7.41155 -7.07208 -8.28075 -8.83909 -10.2081 -8.62326 -8.61765 -8.82938 -7.17605 -10.5878 -9.61422 -11.3059 -10.9568 -10.9352 -11.0836 -10.8907 -10.6347 -12.4578 -10.9389 -10.7556 -10.9067 -8.2015 -5.6414 -5.07627 -6.40154 -5.4041 -5.43885 -4.8029 -5.33649 -8.88922 -9.32876 -9.90877 -10.7019 -10.69 -8.16372 -7.66169 -8.70569 -7.07981 -8.70014 -8.89536 -9.3231 -8.24083 -8.18147 -7.35206 -7.87196 -6.12026 -7.11497 -4.36633 -3.75955 -3.75951 -3.43897 -3.26057 -3.94359 -3.88471 -3.3956 -4.59932 -5.59462 -6.68402 -9.83163 -8.62583 -10.6337 -9.9149 -9.75351 -10.7577 -12.3709 -10.1348 -10.1877 -9.36911 -8.07613 -8.43706 -7.94333 -9.3326 -10.3209 -11.8008 -10.9812 -11.2961 -10.8048 -9.53244 -10.1144 -11.1791 -10.6625 -10.6625 -10.0623 -11.0791 -9.82906 -8.28841 -9.81087 -10.1665 -10.5488 -10.0248 -11.0241 -11.2231 -11.3007 -11.792 -11.2224 -11.1959 -10.5343 -10.5343 -9.96424 -10.924
 -9.69266 -9.69266 -9.50519 -9.50519 -9.67065 -10.4226 -10.4226 -10.3553 -10.3923 -9.11764 -9.02798 -8.80704 -8.2156 -9.41698 -8.82948 -9.9187 -11.531 -10.6461 -10.6461 -11.7448 -10.5032 -11.1492 -10.649 -11.3371 -11.3251 -11.753 -11.0247 -9.84877 -7.73203 -6.02441 -6.47399 -6.79503 -8.15227 -6.98132 -6.48404 -6.29062 -8.71284 -9.81182 -9.26445 -9.21229 -8.76449 -8.15302 -9.97368 -10.0099 -11.3139 -10.993 -11.4898 -10.2617 -10.9894 -10.9894 -11.7783 -10.9667 -11.3389 -10.575 -6.49892 -6.16233 -6.01025 -6.49321 -4.49466 -5.29938 -4.75458 -6.24568 -8.84127 -9.50873 -8.61924 -11.1245 -9.81174 -8.49013 -9.25427 -10.3715 -9.85419 -10.8286 -10.591 -9.40453 -9.2606 -7.23157 -7.1189 -5.62157 -4.67769 -5.06601 -5.73868 -3.94425 -3.05424 -7.50894 -2.91663 -4.72141 -6.23278 -2.84026 -4.90394 -5.94128 -5.2379 -7.47677 -8.12925 -8.68684 -9.18342 -9.69304 -11.6211 -11.7703 -10.2503 -8.82174 -8.00613 -9.92216 -7.80326 -7.48832 -10.454 -10.9852 -11.3687 -10.5323 -10.3367 -10.2835 -10.6578 -10.2131 -11.7267 -12.2748 -12.2748 -8.7327 -10.2422 -9.4408 -8.3794 -9.36032 -10.7135 -10.1661 -10.0744 -9.35226 -10.2379 -10.7534 -11.2447 -9.37533 -9.34693 -9.7889 -10.6523 -10.6589 -10.0155
