# name: MAT
# type: matrix
# rows: 70
# columns: 60
 -7.78487 -8.83592 -9.37374 -7.45579 -7.5758 -5.81254 -4.47594 -4.11274 -0.243021 -1.249 0.312955 -3.11407 -3.07474 -3.07474 -3.07973 -4.3797 -4.60919 -5.07736 -5.07177 -5.59296 -7.58968 -8.20826 -9.98802 -10.3818 -9.95319 -9.02028 -8.6855 -9.84889 -8.65627 -7.59732 -8.02232 -7.29667 -8.31248 -7.57121 -9.94824 -10.5042 -9.93832 -8.25086 -7.25812 -6.36013 -6.36954 -3.91838 -4.63907 -6.55698 -2.87446 -2.88263 -4.33003 -4.71072 -5.8975 -5.00787 -3.63479 -3.56627 -4.07182 -4.73746 -2.5167 -2.56952 -3.5465 -4.50479 -3.66187 -3.18831
 -7.78487 -8.595 -9.31917 -8.30818 -7.0722 -5.32855 -4.25555 -5.1087 -1.44186 -1.37226 -2.69143 -3.80325 -4.35519 -4.16747 -3.10548 -3.59955 -3.54651 -4.52677 -4.77125 -8.10682 -8.14162 -7.77632 -9.20382 -9.84521 -9.07502 -8.79586 -8.40405 -8.29829 -11.0957 -8.06209 -7.02249 -4.94821 -4.42766 -7.17605 -8.98743 -10.0311 -10.015 -8.41697 -8.08801 -7.32899 -7.19933 -5.32109 -5.03756 -3.1718 -3.9785 -2.16743 -3.79555 -3.60104 -3.69343 -2.3227 -4.83833 -4.58878 -3.39566 -3.46387 -3.55089 -1.86265 -3.11856 -4.07685 -5.20629 -3.75617
 -7.69881 -7.57902 -7.94951 -8.27266 -8.65884 -6.28678 -3.13387 -2.17504 -0.603923 -1.42202 -2.34892 -3.80154 -5.39291 -5.4204 -5.35249 -3.05663 -4.1166 -4.66008 -6.49586 -6.45687 -7.70378 -7.77632 -7.87563 -9.12094 -9.45008 -8.61167 -8.05709 -8.29829 -10.352 -7.3207 -9.07979 -6.6744 -4.36333 -6.74591 -9.08348 -10.6233 -11.1368 -10.5548 -7.97235 -7.81018 -7.21902 -4.38902 -3.33856 -2.15211 -3.48183 -4.12068 -4.52804 -4.45095 -4.42993 -3.15848 -3.54722 -4.01534 -3.32355 -3.36189 -2.80071 -2.63639 -4.50469 -5.47915 -6.8277 -5.84307
 -5.0561 -5.86575 -6.23623 -5.55749 -7.17086 -5.90483 -2.99571 -3.11381 0.159947 -1.00118 -2.31397 -2.10947 -6.51526 -6.00958 -5.35249 -3.72243 -5.32574 -5.8457 -6.48275 -7.1857 -6.82917 -7.83505 -7.87563 -9.12094 -9.33489 -8.71046 -8.05709 -7.79469 -7.97432 -8.16575 -8.38113 -8.03971 -6.25089 -4.13935 -6.66538 -9.20849 -10.7627 -10.9223 -8.40265 -7.27923 -7.2487 -5.42679 -3.35162 -2.48296 -4.11391 -3.98356 -4.76922 -3.67428 -2.99371 -2.69873 -2.15651 -1.22896 -2.32819 -2.31854 -1.86918 -2.22499 -2.8828 -6.96731 -6.19728 -5.84972
 -4.55952 -4.71767 -5.64633 -5.11965 -5.39906 -5.97059 -3.37959 -4.80353 -0.54839 -2.2212 -1.33372 -1.8429 -5.53928 -6.90609 -6.55303 -4.40925 -3.36279 -5.84638 -6.49007 -7.6215 -6.39707 -7.16318 -7.76096 -9.79441 -9.33489 -9.16538 -7.80922 -5.93361 -6.69607 -7.42399 -9.36463 -9.28573 -7.59428 -6.79804 -7.59701 -6.48768 -11.4452 -10.9286 -7.5494 -7.88393 -6.73907 -5.55945 -4.3967 -1.33717 -3.91473 -4.13008 -3.20415 -2.70454 -2.50812 -3.25416 -1.58767 -0.102845 -0.837398 -0.768197 -1.34423 -0.7419 -3.05607 -5.50683 -7.22756 -7.50282
 -4.74299 -6.09829 -5.16896 -5.17454 -5.90266 -5.88886 -3.31676 -1.08572 -0.110551 -1.60213 -2.02983 -2.89609 -6.81538 -6.78706 -8.1442 -5.92089 -6.24458 -4.14061 -5.77863 -7.98292 -6.0739 -6.64734 -9.57154 -10.4444 -10.4444 -9.07187 -10.0504 -8.81699 -5.52233 -6.24846 -8.49554 -9.1787 -9.01531 -7.09071 -8.36096 -9.19303 -11.1644 -10.588 -8.17628 -8.20112 -7.59187 -5.39863 -5.95828 -2.73748 -3.49761 -4.12263 -2.98769 -2.63072 -1.9985 -0.338154 -1.98722 -1.31673 -0.360749 -0.425026 -1.21186 -0.895258 -3.57994 -4.93339 -6.98062 -9.0504
 -5.80237 -6.56849 -5.3413 -5.64463 -5.34527 -6.39102 -4.98609 -1.89161 -0.230183 -1.11083 -0.110379 -3.36924 -5.67147 -7.50587 -8.5937 -6.55246 -4.73858 -5.30848 -8.26811 -9.87599 -9.08736 -8.8981 -8.37886 -9.75924 -8.98461 -9.56318 -10.5417 -8.37024 -8.94347 -10.1309 -9.31913 -10.3324 -9.27473 -8.61922 -8.65432 -10.3072 -8.8681 -9.54451 -7.11626 -8.63527 -7.05188 -6.07651 -5.29867 -4.18745 -4.38116 -3.57245 -3.6843 -1.57279 -2.28246 -0.0451966 -0.182266 -2.44919 -1.79311 -1.37197 -3.99335 -2.50843 -4.63474 -7.99299 -7.58205 -7.98785
 -7.69492 -6.79204 -5.28948 -5.01192 -6.03186 -4.87289 -4.72572 -2.46505 -0.803621 -1.60213 -0.110379 -3.60018 -5.67147 -7.93796 -7.44577 -6.74733 -6.03579 -5.53973 -9.53982 -9.99859 -10.2567 -9.57354 -10.3949 -9.99415 -8.61608 -8.98316 -9.51384 -8.31356 -8.74519 -8.79644 -9.97352 -9.91817 -7.497 -7.92712 -7.20784 -8.2237 -8.58147 -8.09804 -6.51483 -9.08549 -8.24827 -5.78708 -4.06829 -4.07305 -4.3044 -5.57408 -4.17341 -2.83305 -1.60006 -0.0451966 -0.698352 -2.87226 -2.19879 -3.89272 -4.48575 -3.97644 -4.47471 -7.1561 -8.59237 -8.00912
 -7.49268 -8.64278 -6.33208 -4.01923 -5.52308 -3.27052 -5.50176 -3.64626 -2.51843 -0.427614 -1.8025 -4.33167 -8.14547 -7.99307 -8.72686 -8.03028 -6.04021 -5.95388 -7.88396 -8.84685 -10.2915 -10.2454 -11.1496 -8.57512 -7.54938 -8.64795 -7.79272 -7.43098 -7.25927 -8.9223 -9.9462 -7.70427 -6.51245 -6.40425 -5.7776 -7.29252 -6.69067 -8.33218 -5.57857 -9.68973 -8.85252 -8.94751 -4.70397 -4.13748 -4.21709 -5.03853 -4.87303 -2.91792 -3.61296 -0.0104307 -1.08665 -3.39293 -2.22838 -4.19661 -3.96909 -4.99844 -6.24167 -6.4235 -8.16443 -6.76796
 -8.52017 -8.29341 -6.82479 -5.51446 -5.00515 -2.69788 -4.98571 -3.82354 -4.75354 -2.11138 -2.00888 -4.01124 -7.90459 -8.85651 -9.99209 -8.1283 -6.55687 -5.83269 -7.87264 -9.97963 -9.03493 -10.7069 -10.1532 -9.56113 -7.97441 -8.56986 -7.79272 -7.87133 -8.00827 -10.3393 -9.2469 -7.75704 -5.93309 -6.37683 -5.30023 -6.12433 -4.76463 -7.45192 -7.7227 -11.29 -9.42188 -8.86098 -5.12832 -5.93062 -5.9669 -5.46444 -5.56215 -4.36305 -4.43139 -2.89284 -0.848762 -1.91694 -2.22838 -3.22714 -4.40119 -5.50765 -6.24167 -5.78974 -7.77587 -6.86894
 -10.0017 -9.37187 -8.09817 -6.93806 -4.26553 -4.87324 -4.49785 -2.73976 -4.24423 -5.51139 -4.09716 -5.03978 -9.4614 -10.513 -9.35582 -7.04083 -6.36659 -3.26677 -5.09381 -9.42766 -11.008 -10.8215 -11.0278 -8.92408 -8.60135 -9.12529 -7.38304 -6.47739 -9.49484 -9.35571 -8.32424 -9.09899 -7.87125 -5.20615 -6.80814 -5.75217 -6.52023 -8.52197 -7.79072 -8.0751 -7.98756 -8.83999 -5.11296 -5.35068 -5.63983 -5.49695 -6.14216 -5.27575 -2.95591 -2.99466 -1.884 -1.93247 -1.99077 -2.73236 -4.93309 -5.52299 -5.00073 -6.1806 -7.0623 -7.62863
 -11.0363 -9.71232 -10.0673 -8.22092 -6.64635 -4.71499 -4.92361 -2.73976 -5.49536 -4.36581 -3.78965 -4.8034 -8.90957 -9.78455 -9.35917 -9.13241 -10.1359 -6.7196 -4.05388 -9.2104 -10.9172 -11.0507 -10.3635 -9.52813 -7.16001 -6.98642 -5.83788 -6.03397 -10.3007 -8.97063 -8.78384 -9.02081 -7.5146 -5.29804 -6.2562 -5.83993 -6.95135 -8.71198 -6.43702 -7.12975 -5.81047 -7.11122 -4.88454 -4.92762 -4.25863 -4.16163 -5.13873 -4.7336 -3.42139 -2.99466 -2.61075 -1.93247 -3.48948 -2.92517 -3.70439 -5.05623 -6.31098 -7.56654 -5.93017 -7.12568
 -9.793 -9.96188 -9.96188 -9.82422 -7.35432 -6.66806 -5.20905 -5.08306 -6.36998 -6.90556 -5.26704 -5.1916 -7.02037 -9.26361 -10.7832 -9.28082 -9.71087 -7.9141 -8.12256 -10.5861 -10.0896 -11.414 -9.96154 -9.47389 -7.48183 -7.9674 -7.29811 -8.56629 -10.6116 -10.0973 -7.66162 -7.20873 -5.15412 -6.98918 -6.85622 -5.93077 -5.82987 -6.38561 -6.30338 -5.9625 -6.41705 -7.07865 -5.10893 -3.26518 -3.87463 -3.72069 -2.50338 -4.18231 -2.70877 -3.59691 -2.63809 -3.76713 -3.52971 -3.79672 -5.84521 -5.85368 -7.05199 -7.25191 -6.15537 -8.58175
 -8.91838 -10.3997 -9.78334 -9.2228 -7.47171 -6.83776 -6.62601 -5.53139 -7.05624 -5.88225 -4.68989 -6.09691 -6.82118 -10.2619 -9.76725 -10.1832 -10.391 -8.88431 -8.81297 -10.2935 -11.5302 -11.7015 -11.4569 -10.5489 -9.35071 -7.51446 -7.8712 -8.64213 -11.9031 -11.8391 -8.19524 -7.32983 -5.95318 -4.50648 -7.85323 -4.86257 -4.25895 -6.33043 -6.62692 -5.29718 -4.92428 -6.26802 -4.96787 -3.52885 -4.02193 -3.08909 -2.6343 -3.08563 -4.91059 -4.10923 -2.9386 -3.69846 -3.06003 -4.8673 -4.85392 -5.70521 -6.04248 -7.10101 -6.67795 -8.60217
