# name: MAT
# type: matrix
# rows: 69
# columns: 159
 -11.2255 -12.1369 -11.3265 -11.8649 -12.7153 -12.214 -12.214 -13.71 -12.6362 -13.2528 -11.7644 -12.312 -10.0999 -10.0999 -10.6773 -10.3308 -10.9351 -10.5058 -11.708 -12.5048 -12.9406 -13.2688 -11.8765 -12.3346 -11.2719 -11.2719 -10.1748 -10.6785 -9.57529 -7.82497 -9.60561 -9.66672 -9.27013 -10.9874 -11.5605 -12.1697 -13.1837 -11.6288 -10.3261 -10.488 -9.90027 -9.45686 -8.89116 -9.73266 -8.80696 -8.29453 -7.0949 -7.54344 -10.5609 -8.72186 -8.79608 -8.20611 -7.45837 -8.32366 -8.19141 -7.91289 -6.37275 -6.80484 -5.12655 -6.09132 -5.29793 -4.58147 -3.06255 -0.441555 -2.72939 -2.41402 -2.58671 -3.40232 -5.3463 -7.59116 -7.97549 -7.59753 -10.0139 -11.7798 -11.7798 -10.0972 -8.88048 -9.59223 -10.2171 -10.7418 -12.7979 -12.674 -11.3808 -13.099 -10.9324 -12.1526 -11.747 -12.048 -12.0082 -12.7792 -11.9873 -10.6566 -11.4839 -10.0603 -11.1267 -9.08721 -9.25953 -6.97854 -6.11324 -5.52574 -4.41464 -4.65933 -3.76557 -4.20682 -5.97147 -6.01505 -5.17001 -5.76868 -5.76868 -4.17132 -5.38342 -4.20032 -4.64991 -6.00179 -6.13978 -8.98749 -8.17106 -9.1695 -7.30195 -6.83175 -7.18022 -8.16954 -8.67266 -9.16924 -7.64031 -6.47882 -5.96776 -5.46643 -6.39435 -7.41033 -7.41033 -5.91733 -5.96384 -5.01306 -4.56347 -4.72238 -5.21369 -8.13395 -9.07085 -9.07085 -9.57397 -9.03143 -9.00949 -9.04589 -9.22487 -9.99 -9.5875 -10.6035 -11.3755 -12.7392 -12.7392 -13.9584 -13.929 -14.0297 -14.5334 -13.5894 -14.4475 -12.168 -11.5945
 -11.2994 -11.3129 -11.8417 -11.8568 -13.3167 -13.3167 -13.1242 -14.0179 -12.9522 -11.4408 -11.0927 -10.3503 -9.88558 -10.4409 -10.9423 -9.66655 -10.7941 -10.2905 -11.708 -12.1873 -11.6035 -12.7969 -11.3763 -11.4824 -9.62219 -11.2009 -10.1038 -10.6075 -8.88794 -8.40008 -9.10538 -8.20584 -9.64923 -10.4872 -10.9361 -13.0047 -12.6321 -10.6872 -8.74286 -8.31076 -7.72304 -8.38868 -8.41191 -8.87077 -7.34441 -7.34441 -7.17248 -7.62102 -9.39077 -8.7893 -9.33562 -9.18907 -7.93762 -8.23282 -7.75357 -6.30263 -5.05623 -8.05377 -5.92716 -7.64384 -6.52862 -6.34429 -2.96188 -3.64303 -3.7502 -3.18418 -4.47799 -5.31488 -7.39756 -8.54186 -7.50528 -7.16959 -8.09205 -11.6722 -12.5694 -10.4409 -9.1294 -9.47421 -11.4786 -11.4786 -12.7979 -12.5737 -11.7394 -10.0817 -10.4643 -11.9901 -10.8754 -11.0168 -11.7297 -12.7332 -11.1603 -11.5219 -10.42 -10.9044 -10.3219 -10.0167 -8.36611 -7.83893 -4.42433 -4.85226 -3.97123 -1.70942 -4.31491 -5.27323 -5.36953 -6.36564 -5.65635 -5.13163 -5.09701 -5.89951 -5.89951 -5.22604 -5.22604 -4.88462 -6.13999 -7.95187 -7.80397 -9.73662 -9.73662 -9.26641 -11.4697 -10.9458 -9.85697 -10.7441 -11.2084 -10.5368 -8.99931 -7.38698 -8.58332 -7.58542 -5.09802 -5.69308 -5.74043 -5.2809 -7.224 -6.65224 -7.69369 -9.14993 -9.6273 -10.0868 -10.5899 -11.292 -10.1526 -10.6686 -11.1919 -10.1057 -10.4602 -11.4762 -12.2158 -12.4142 -13.2888 -13.9561 -15.7736 -14.9286 -14.0393 -13.6025 -14.4475 -11.6192 -10.6032
 -11.8031 -10.7096 -11.6811 -12.1922 -13.4119 -13.9693 -14.4336 -14.8629 -12.452 -11.4557 -11.8477 -9.67865 -10.5695 -11.9866 -10.6317 -10.305 -10.7539 -10.3247 -9.81362 -10.7834 -12.6231 -12.4894 -10.4017 -11.0069 -9.45925 -9.98452 -8.8232 -9.32691 -6.62399 -6.62399 -6.87934 -8.77593 -9.71909 -10.4348 -10.4845 -10.179 -11.3806 -10.0716 -8.07177 -7.63343 -6.99282 -6.57616 -7.64433 -8.99302 -8.3194 -6.53872 -6.53872 -8.2181 -8.81768 -7.78823 -8.43771 -8.56693 -8.84226 -8.72068 -8.22045 -7.26975 -8.71185 -7.7491 -6.52079 -6.52862 -6.06426 -5.98858 -4.39152 -2.44782 -5.15291 -5.28271 -5.31488 -6.73191 -7.89413 -8.04163 -7.00505 -7.9998 -9.04046 -11.2614 -11.8196 -10.4801 -9.42284 -9.42284 -10.9728 -11.3121 -12.1815 -13.1471 -11.6321 -11.4559 -11.271 -9.77301 -10.6725 -10.1549 -11.801 -12.5727 -11.8867 -10.3811 -9.83247 -9.70155 -8.68489 -8.27744 -6.35757 -5.09027 -2.99598 -1.43526 -0.831242 -2.44228 -3.39986 -4.79398 -7.00879 -7.88165 -6.13441 -4.93802 -5.65906 -5.0839 -4.41043 -5.22604 -5.22604 -7.33766 -6.52729 -7.95187 -9.07225 -8.75737 -11.0049 -10.2734 -12.6843 -13.1655 -11.3943 -11.1868 -11.2291 -11.6787 -10.6974 -11.2221 -11.2221 -8.61183 -6.64915 -7.32103 -6.24355 -6.24355 -5.2809 -6.28403 -7.72041 -9.79733 -9.6273 -10.0868 -11.8388 -13.4715 -11.3519 -10.7045 -10.6686 -11.1919 -10.1164 -9.24858 -11.4762 -11.9653 -11.9653 -14.4061 -15.3457 -15.3333 -14.8975 -15.5139 -12.7595 -12.2356 -10.6032
 -9.69906 -11.5547 -11.2133 -11.8679 -13.8459 -13.6838 -14.3627 -14.3627 -11.9046 -11.4557 -11.2773 -10.6088 -12.5917 -13.6048 -14.1037 -12.8371 -11.3687 -11.4182 -10.4779 -11.5057 -12.6409 -10.8924 -10.6884 -9.3816 -8.26978 -9.3816 -7.90739 -8.23893 -7.63817 -7.89892 -7.96049 -8.77593 -9.71909 -10.4845 -9.64758 -10.1569 -10.33 -9.28276 -7.02308 -6.86957 -6.99282 -7.70501 -8.13294 -8.4018 -7.98385 -6.29957 -7.65095 -8.06172 -9.34155 -9.34155 -7.38407 -7.95184 -8.413 -8.78084 -6.00331 -6.23331 -6.9965 -5.68664 -6.11105 -5.69288 -5.0715 -5.47927 -6.35591 -5.06886 -5.53026 -5.88414 -7.28726 -7.39756 -8.49054 -7.95575 -7.8501 -7.8501 -9.38528 -7.79303 -8.84596 -9.42996 -8.67313 -8.60898 -8.5877 -9.26117 -10.5044 -8.83928 -9.52947 -9.47398 -10.0293 -7.41726 -9.43677 -10.6491 -12.1228 -12.387 -11.3393 -10.6531 -8.13478 -8.30777 -8.33722 -6.65114 -5.82704 -5.60541 -5.92061 -1.88592 -0.774375 -1.7651 -2.49284 -5.80688 -7.44088 -6.84421 -6.57225 -5.89194 -6.92549 -5.56196 -3.81031 -3.54698 -7.39096 -7.33766 -5.83918 -6.52729 -9.21018 -8.61006 -8.98989 -11.2739 -9.77128 -12.3024 -12.3289 -12.3289 -12.1817 -11.7538 -11.6923 -11.7468 -11.7468 -9.63787 -6.64915 -6.84366 -6.84366 -6.24355 -6.21968 -6.21968 -6.90262 -9.79733 -10.3988 -9.94985 -10.9019 -12.0343 -10.415 -10.8745 -10.7045 -9.63632 -10.1065 -10.71 -10.2505 -12.5392 -12.1162 -13.278 -11.6768 -12.4673 -14.2503 -14.2503 -11.7353 -12.2356 -11.2196
 -8.21929 -10.1559 -9.73349 -10.879 -12.1966 -12.1966 -13.8853 -13.8853 -11.9746 -10.6634 -11.0814 -10.3316 -11.7994 -14.2224 -13.6263 -11.8566 -11.8566 -11.8633 -10.4779 -9.5642 -10.6994 -11.0074 -11.823 -8.26978 -8.70559 -8.98365 -8.02313 -10.1873 -8.5742 -7.89892 -8.45673 -9.90337 -9.76537 -9.39867 -10.7856 -11.4463 -9.5902 -8.54297 -6.76607 -6.35912 -5.41779 -7.46127 -7.67805 -8.1932 -7.90541 -5.59911 -5.77182 -7.4616 -8.10768 -7.66545 -9.3051 -7.49146 -6.2891 -6.03949 -6.90498 -6.90498 -8.19523 -7.53141 -6.87798 -5.3256 -5.04143 -7.04887 -7.37398 -5.17415 -4.7868 -5.68917 -6.9279 -7.84588 -7.47882 -8.8008 -7.72389 -8.74426 -8.80366 -7.79303 -8.04007 -6.67134 -5.20965 -6.69831 -8.53827 -9.53078 -9.93067 -8.16761 -7.5318 -8.04771 -8.04771 -7.07272 -6.64435 -8.13902 -11.6573 -11.4212 -10.1876 -9.63303 -8.17861 -8.30777 -8.33722 -7.78631 -6.7552 -7.70244 -6.54159 -2.71503 -1.76876 -0.750507 -3.38385 -7.13116 -8.21383 -7.43172 -7.10276 -6.33552 -7.513 -5.9998 -6.18997 -5.11179 -5.9274 -6.73213 -5.2316 -6.11235 -6.55019 -6.55019 -6.64213 -7.3138 -10.2743 -10.7226 -12.3111 -12.3506 -13.3775 -12.8664 -11.2427 -12.217 -12.217 -8.21865 -7.23996 -6.84366 -6.84366 -8.19753 -7.09429 -7.09429 -8.68635 -9.36285 -9.35055 -10.7698 -10.7698 -11.8893 -10.2858 -10.786 -9.81702 -10.2765 -9.62915 -9.82952 -11.3247 -11.3907 -12.7309 -12.7619 -11.1607 -10.8208 -10.8208 -11.6128 -11.7353 -11.7353 -11.4694
