# name: MAT
# type: matrix
# rows: 57
# columns: 106
 -8.06584 -7.07546 -7.67952 -8.30752 -10.63 -11.4867 -12.8149 -13.3013 -8.03022 -8.2108 -7.23581 -11.118 -9.77401 -8.27936 -9.4262 -6.5788 -6.14097 -5.73035 -5.30108 -4.25323 -3.47114 -2.40623 -3.35947 -4.25321 -4.26781 -6.29445 -6.69938 -7.61956 -8.04349 -6.54234 -5.25033 -7.55558 -4.74531 -5.31101 -5.59184 -8.19323 -7.14926 -6.34113 -8.95945 -8.7646 -8.63951 -8.04879 -7.89338 -7.5877 -10.4776 -9.69939 -8.3455 -8.4675 -8.05709 -7.42359 -8.44375 -5.22602 -6.0154 -4.04438 -4.46806 -3.38583 -1.41813 -1.38847 -3.41018 -5.97271 -5.86885 -5.11903 -8.26986 -9.78798 -7.69999 -7.82608 -6.66766 -6.56527 -7.65418 -4.63116 -7.45274 -6.04826 -6.75991 -6.69358 -6.42504 -7.71141 -6.43809 -8.62766 -11.0896 -11.1243 -12.5448 -12.5687 -12.1445 -9.29539 -10.4666 -8.9866 -11.2112 -10.682 -8.75486 -9.38918 -9.86045 -10.6173 -10.1294 -12.0863 -13.0609 -13.2707 -14.2531 -14.355 -13.2319 -11.8151 -14.1004 -13.998 -12.7617 -12.1539 -10.9025 -9.87524
 -10.6872 -8.81898 -9.15224 -10.0596 -10.9114 -12.6577 -13.1163 -11.8004 -7.59442 -8.11042 -8.14627 -8.15154 -5.73002 -5.15693 -3.51335 -3.51335 -4.00466 -3.5754 -4.33927 -4.80866 -3.68825 -3.33868 -4.2155 -5.4674 -2.9914 -4.99062 -7.75934 -7.35952 -7.60565 -7.09602 -5.8987 -7.18446 -5.96062 -5.32592 -6.68075 -8.93552 -9.07721 -10.223 -10.5143 -9.81918 -11.3282 -10.6808 -11.1546 -10.9308 -11.3204 -9.3454 -9.45583 -7.91327 -6.93709 -8.5881 -7.43869 -5.15154 -4.70578 -4.11076 -4.46806 -2.48631 -1.41813 -1.98189 -2.1889 -4.9628 -6.11578 -8.32785 -8.1061 -8.88681 -9.4028 -8.28339 -5.8792 -6.9879 -7.35147 -6.79924 -5.90708 -5.47746 -4.61687 -6.07217 -5.58305 -7.18371 -6.11261 -10.8733 -11.1433 -13.8064 -11.3053 -13.4123 -12.251 -10.0197 -10.6035 -9.09514 -11.8997 -10.5188 -9.27579 -10.3163 -9.31308 -10.5386 -9.58518 -10.304 -11.2743 -13.6916 -13.821 -14.7174 -14.2616 -13.7506 -13.5967 -10.8996 -11.4045 -10.2848 -10.2985 -8.8775
 -11.7546 -9.50662 -10.0828 -11.4448 -13.6364 -13.6503 -13.8548 -11.687 -8.41992 -8.57081 -6.21675 -5.80594 -4.02609 -3.89655 -3.48791 -2.48479 -2.48479 -3.26624 -3.92576 -4.97215 -5.55582 -4.37912 -3.42813 -5.47447 -5.39068 -6.3225 -6.87708 -5.30642 -8.35175 -7.937 -7.937 -7.24543 -6.48186 -5.81114 -8.07541 -8.17436 -9.57255 -9.40964 -8.64047 -8.20057 -11.8491 -11.8655 -11.3863 -10.983 -12.0727 -9.24831 -8.80843 -9.45583 -6.20427 -7.02081 -7.02645 -4.20136 -3.24382 -5.58102 -6.34598 -3.74621 -2.60005 -2.6214 -3.84756 -6.73482 -8.32479 -8.20197 -10.5512 -11.1606 -9.84064 -10.6347 -4.93916 -6.205 -6.5489 -6.58603 -3.92697 -2.28947 -3.60106 -6.10399 -5.58305 -7.47165 -7.78593 -11.291 -12.0152 -13.8494 -12.9773 -13.9004 -13.3033 -11.8965 -11.3453 -11.1436 -12.9099 -11.1152 -9.8658 -10.7426 -10.4108 -11.135 -11.1727 -11.8703 -10.9338 -14.2163 -13.6043 -16.4311 -13.9013 -14.0066 -12.0851 -12.4687 -11.3033 -11.3033 -9.74707 -10.6936
 -10.7267 -9.77722 -10.7473 -13.6664 -12.2119 -12.2876 -13.1921 -11.2368 -8.8192 -8.17118 -6.42632 -4.35007 -4.08278 -2.77265 -3.03769 -2.49753 -2.51908 -2.92245 -3.50247 -3.27913 -3.34012 -3.15955 -2.92317 -4.40187 -5.75852 -7.7866 -7.90334 -8.08959 -8.06638 -8.38119 -7.50661 -10.2035 -6.25858 -5.70016 -9.25116 -9.34921 -7.84393 -8.48481 -8.93471 -11.5142 -11.3689 -10.8897 -11.8776 -11.371 -9.90265 -9.06037 -9.68548 -9.01695 -7.30913 -4.9887 -4.79549 -4.57858 -4.45665 -6.70127 -6.13506 -4.28388 -5.52751 -4.63075 -4.75575 -8.53456 -9.57236 -8.503 -9.05093 -10.8891 -10.9513 -8.89462 -8.4857 -6.48076 -5.83794 -6.03866 -3.24311 -2.58111 -2.78901 -6.0178 -8.34233 -7.97297 -9.82118 -13.6447 -13.1494 -14.2773 -12.6105 -13.6136 -12.3705 -12.5458 -13.2363 -13.5688 -13.544 -14.0649 -12.4308 -10.8408 -11.1655 -11.8977 -11.3413 -11.1822 -13.596 -12.2743 -14.8239 -15.4801 -12.4912 -13.3294 -13.7908 -12.8424 -10.824 -11.3033 -10.5894 -9.42243
 -10.9689 -11.9799 -14.7182 -14.1481 -12.8911 -12.8672 -14.2291 -13.4997 -9.80307 -8.15113 -7.62571 -5.09894 -3.34031 -2.52471 -2.10241 -4.44452 -4.32508 -4.70274 -4.14351 -2.81318 -2.96105 -1.20182 -3.50847 -3.37652 -5.20779 -7.34256 -7.92721 -10.1274 -10.1682 -9.26678 -8.39328 -6.63961 -5.08056 -6.75292 -9.50571 -9.60586 -9.96733 -10.2282 -10.3648 -10.4551 -11.4401 -12.0102 -10.2088 -9.96628 -9.60893 -8.7631 -10.1754 -9.56873 -8.54851 -7.09599 -3.97847 -5.66966 -5.40735 -6.19164 -6.0378 -5.69097 -8.19721 -7.30485 -8.75855 -9.60286 -10.1937 -10.0454 -8.79558 -11.1107 -11.016 -10.5307 -7.74892 -8.03634 -6.70726 -4.47155 -4.20551 -3.77301 -5.98286 -8.63568 -9.80589 -10.3065 -11.8566 -14.0677 -14.5292 -14.6699 -15.8233 -13.0697 -12.0629 -13.0988 -13.393 -12.4035 -11.3847 -14.2219 -14.3136 -11.7146 -10.5654 -10.7299 -12.4402 -13.0894 -15.2009 -13.8793 -16.8708 -16.2141 -12.6519 -12.6929 -12.1819 -11.9369 -10.1554 -12.1323 -10.5761 -10.3552
 -13.1056 -14.7491 -16.0873 -16.3807 -15.2183 -14.6024 -15.6048 -13.5785 -12.5221 -9.87688 -7.8154 -7.42687 -4.39589 -3.59111 -3.07212 -3.39004 -4.25348 -5.84692 -5.56165 -4.99745 -3.93254 -3.82755 -5.35901 -6.09307 -5.59198 -6.68521 -10.3107 -10.3143 -10.1023 -9.82102 -8.03927 -7.49771 -4.96348 -8.01699 -7.78288 -9.59515 -11.045 -12.1734 -9.71741 -8.84279 -12.1644 -9.0757 -8.59646 -9.4464 -10.0369 -8.7631 -9.33308 -10.2161 -7.96849 -8.44034 -4.48204 -5.66966 -6.07299 -6.64418 -5.93352 -7.82103 -8.06023 -6.07271 -10.3199 -11.1755 -10.2189 -8.86816 -8.9153 -9.08874 -10.7836 -9.55711 -7.37474 -9.56806 -8.48829 -4.63942 -5.2277 -5.65665 -7.74304 -9.08841 -10.3229 -11.4602 -11.8744 -12.6383 -15.7573 -13.9362 -13.3015 -11.7228 -9.93033 -10.3262 -12.7466 -12.5547 -13.912 -14.1499 -14.0226 -13.5434 -12.9272 -11.362 -12.7354 -13.7481 -16.2256 -14.6433 -16.2685 -16.8142 -12.9133 -12.6929 -12.6856 -11.3368 -13.4759 -11.6292 -10.1486 -9.50329
 -13.7553 -15.1954 -14.6172 -13.8176 -12.5611 -13.5864 -15.0084 -15.8998 -12.6637 -12.1459 -10.187 -8.60871 -7.45735 -5.48393 -3.50947 -4.25348 -4.484 -4.96995 -7.25835 -6.55163 -4.88479 -4.80254 -7.34974 -6.83225 -5.39051 -6.74971 -10.1338 -10.6251 -11.1042 -10.1713 -7.40681 -8.36961 -4.88089 -7.06115 -9.1945 -8.21078 -9.8758 -10.0461 -8.66409 -9.32694 -8.132 -9.15557 -10.6106 -11.0112 -11.2112 -9.42229 -8.82828 -8.90325 -7.78318 -8.99028 -6.39006 -6.30579 -6.65262 -6.88122 -6.77452 -6.81208 -7.04565 -6.40054 -9.27412 -9.91148 -12.0472 -12.3439 -11.7447 -7.48281 -9.52551 -9.39599 -8.01119 -7.93571 -7.74493 -5.74154 -5.61761 -7.81684 -7.68886 -7.94173 -10.2515 -11.9706 -10.7917 -13.2251 -12.9175 -14.4155 -11.6179 -11.8016 -11.836 -11.3078 -12.4317 -13.2995 -13.85 -14.1799 -11.5287 -10.9759 -10.5972 -10.1699 -12.2601 -13.045 -14.9667 -13.4046 -15.1312 -12.8012 -12.1458 -13.7426 -12.8012 -11.742 -12.8549 -10.7862 -9.8174 -8.70476
 -12.671 -14.0788 -14.81 -12.6945 -12.6945 -12.5517 -15.6693 -15.5953 -13.6284 -11.7574 -10.3994 -11.2363 -9.83811 -9.62226 -6.69483 -5.54499 -5.47499 -6.36537 -6.14231 -6.3312 -6.82441 -6.13886 -7.84713 -6.31569 -6.85755 -8.06555 -9.53364 -10.6137 -10.5497 -9.6335 -8.74947 -7.1133 -3.9773 -8.03683 -7.96213 -8.61846 -7.68159 -9.39163 -9.16588 -8.35986 -9.19305 -9.87912 -9.87912 -11.5351 -9.88855 -11.0453 -9.82857 -9.22866 -9.16102 -10.3599 -5.88576 -4.89885 -4.9396 -4.06802 -6.21331 -6.69558 -5.13587 -5.5371 -10.2465 -11.3756 -12.5116 -12.1693 -11.4688 -10.9322 -9.92988 -8.44424 -7.74865 -8.55208 -7.92819 -7.36469 -6.44258 -7.52395 -7.69329 -8.77028 -10.304 -11.4675 -10.428 -13.2251 -12.8568 -13.2969 -11.0449 -11.0449 -11.6988 -13.7947 -12.0685 -12.3268 -13.7845 -14.1799 -11.6078 -9.9655 -9.04237 -9.12852 -10.9216 -11.2309 -12.1776 -10.8707 -11.7197 -11.883 -12.1783 -11.7755 -13.3241 -12.6598 -11.124 -11.859 -9.52976 -9.60212
