# name: MAT
# type: matrix
# rows: 59
# columns: 114
 -12.3779 -8.73254 -10.1518 -8.9568 -7.86199 -6.58622 -5.40503 -5.98719 -5.32808 -4.82707 -5.85134 -7.0389 -5.45989 -4.99912 -3.99633 -3.80183 -2.71645 -0.704497 -1.82151 -2.33665 -2.07105 -2.78522 -3.81742 -3.85103 -2.84214 -1.36068 -2.22763 -2.96441 -3.8842 -5.17407 -5.38151 -6.15051 -6.81271 -6.60517 -7.016 -7.9661 -8.60227 -7.59953 -7.33926 -6.27784 -7.02137 -4.58866 -4.07903 -3.80081 -5.06198 -4.67924 -3.96439 -4.16493 -6.2613 -6.30839 -6.6487 -7.42359 -7.4225 -9.36694 -7.79886 -9.95693 -10.2447 -11.7153 -10.6209 -7.98794 -9.44864 -6.36928 -5.49028 -5.03856 -2.44983 -4.07328 -5.68948 -7.08854 -7.41665 -8.94596 -8.64022 -10.1837 -9.43018 -9.5237 -10.6505 -9.46283 -12.2579 -11.3791 -11.1781 -8.20918 -7.80379 -9.0527 -11.2866 -10.1902 -11.0443 -8.72017 -7.28176 -7.30567 -8.65805 -7.54432 -6.58208 -6.07107 -6.14377 -6.41299 -3.40894 -5.80927 -8.02284 -7.93477 -11.6359 -10.9319 -12.5533 -12.5191 -12.5201 -12.6143 -11.8874 -10.9484 -8.81782 -9.78678 -9.12252 -7.77615 -8.18505 -7.27646 -9.09347 -10.0316
 -10.8415 -9.72986 -9.22385 -8.33064 -7.60225 -7.07753 -5.5422 -5.9343 -6.32869 -4.92594 -5.88312 -6.57616 -6.52043 -4.79197 -3.50371 -3.50371 -1.54519 -0.4079 -1.51779 -3.53401 -4.7107 -3.44948 -3.49036 0.687338 -0.387257 -1.95671 -2.48126 -2.03235 -2.55494 -6.03205 -5.54836 -4.64596 -7.30098 -7.27944 -8.99475 -9.18514 -8.13915 -4.79433 -4.67262 -4.1025 -6.4721 -7.13588 -5.14051 -2.21296 -5.22352 -6.40919 -4.31942 -4.82083 -7.2767 -7.52885 -6.45773 -5.73892 -7.91381 -10.1623 -10.9234 -11.8008 -13.1875 -12.9611 -11.7569 -9.45739 -6.90537 -5.2298 -5.67905 -6.6425 -8.1377 -5.48655 -4.05962 -7.66876 -7.81754 -9.42769 -8.80477 -9.60259 -11.8128 -9.83507 -8.49794 -8.37707 -9.4213 -8.42286 -9.09633 -6.95142 -7.53184 -8.06032 -9.59715 -7.31856 -9.30398 -9.28201 -8.23224 -8.33255 -8.82148 -7.84681 -7.88702 -6.71223 -7.00178 -5.69144 -5.83508 -6.91696 -6.17159 -7.36743 -9.95686 -8.74353 -10.1321 -10.8873 -11.5005 -11.5005 -10.6101 -10.0195 -8.55748 -9.89082 -9.96812 -8.11069 -8.21579 -8.6712 -9.54728 -8.94716
 -9.82174 -9.37901 -6.64225 -8.20541 -7.09294 -6.21408 -5.01903 -4.72728 -5.53373 -5.80615 -5.86046 -6.70874 -6.99317 -5.61731 -3.99502 -1.22809 -0.263104 -1.32259 -2.14195 -0.377911 -0.96542 -0.255692 -0.569351 0.218353 0.181152 -0.990119 -1.67198 -2.61144 -4.4538 -7.02654 -8.83322 -6.42935 -7.095 -7.9819 -9.29551 -8.73082 -6.27542 -5.98453 -4.82405 -6.5888 -7.34712 -5.68325 -5.99863 -5.14849 -6.23041 -5.81639 -5.23163 -5.70722 -6.90458 -6.61092 -7.29686 -7.14934 -7.24174 -9.93031 -11.1148 -8.92179 -12.8534 -11.2593 -10.0844 -8.32202 -6.83818 -6.15423 -7.38622 -7.02118 -6.59598 -6.63753 -6.78183 -6.99685 -7.73492 -9.19992 -10.1801 -9.05538 -9.47939 -9.03691 -7.92161 -8.72862 -8.25237 -6.98932 -6.27211 -6.41892 -7.98876 -6.54783 -6.17518 -6.39181 -5.8832 -6.36249 -6.89143 -7.44006 -7.75082 -8.86852 -8.51734 -8.21296 -6.21616 -6.21616 -5.44725 -5.59464 -6.37822 -7.54958 -7.80995 -7.60628 -7.09114 -8.69857 -12.026 -11.3457 -10.3336 -8.53696 -8.39781 -10.3147 -10.0381 -9.54085 -10.2266 -8.21326 -9.94635 -10.0091
 -10.6149 -10.1918 -6.72352 -7.47107 -7.34368 -6.26495 -5.57607 -3.48462 -4.58576 -5.40275 -6.02307 -5.66786 -6.43753 -6.29067 -5.21261 -4.23404 -3.60177 -4.17298 -3.95159 -1.48296 -2.59238 -2.81006 -2.31783 1.0818 -1.95106 -1.03757 -0.506046 -2.83176 -6.20325 -8.60032 -8.08218 -6.22017 -7.095 -7.02268 -7.5321 -5.70326 -5.28017 -4.47074 -4.90654 -4.73524 -7.43937 -8.58231 -8.3246 -6.14106 -6.61216 -7.83317 -7.90479 -5.80435 -6.39352 -5.57697 -7.99437 -8.69498 -8.22877 -8.5647 -9.35703 -10.6235 -9.59271 -10.0973 -9.37998 -8.68203 -7.31266 -6.4814 -5.28263 -6.79422 -7.13084 -7.59415 -8.0173 -8.41438 -7.11217 -7.90738 -9.61005 -10.0283 -9.83805 -8.88833 -9.25628 -8.81874 -7.90323 -6.81996 -6.38519 -6.94562 -6.0949 -6.17444 -6.68572 -5.43909 -4.56448 -4.39769 -6.04536 -6.04536 -6.3749 -7.03668 -7.53979 -6.09176 -6.30126 -5.4256 -5.47053 -5.73148 -5.48028 -8.07462 -7.58418 -8.03519 -7.52005 -7.9844 -8.196 -9.0047 -10.4718 -8.07876 -7.58965 -9.10843 -10.3002 -9.37094 -10.6227 -9.84182 -11.8334 -10.3911
 -10.9429 -7.8208 -6.97575 -7.30967 -5.54859 -5.80877 -4.53582 -4.13364 -5.82335 -6.21463 -7.44353 -5.80817 -7.43474 -5.33119 -3.46688 -3.65609 -4.20179 -4.31909 -5.30011 -4.10294 -4.16965 -2.95049 -2.87554 -3.36908 -2.93556 -2.29442 -3.05972 -3.04064 -6.12416 -7.55247 -7.71795 -6.57524 -4.89154 -6.17262 -4.96158 -4.69269 -3.56535 -5.06532 -3.66484 -4.82899 -6.18183 -8.15623 -8.25954 -6.96514 -7.14069 -7.772 -8.35291 -8.6728 -8.75951 -8.89021 -9.53853 -10.5589 -10.3463 -9.83272 -10.2898 -10.1807 -9.40819 -10.6443 -9.477 -7.65646 -6.25982 -5.75893 -5.74451 -5.50964 -5.39783 -6.48476 -7.9146 -7.05286 -6.60004 -7.49485 -7.75987 -7.93601 -7.26063 -7.15243 -5.81757 -6.48945 -6.00158 -6.04736 -7.72101 -5.6668 -6.51321 -4.57754 -6.36968 -5.43909 -4.85158 -3.80187 -2.12544 -3.28523 -3.73413 -4.08708 -5.07075 -4.94783 -4.53156 -5.84255 -3.88608 -4.86107 -3.0437 -4.32891 -6.95712 -5.62769 -5.58207 -6.91155 -6.37886 -5.76248 -6.05411 -7.58599 -7.01782 -8.8526 -9.96349 -11.4478 -12.1121 -11.7374 -8.37272 -8.53541
 -9.46037 -6.22683 -4.36837 -6.20278 -4.70427 -4.87512 -5.58383 -6.14396 -6.15642 -6.51085 -7.70565 -7.85334 -7.1575 -5.34011 -6.61683 -5.21211 -5.04204 -4.41604 -4.41604 -4.26959 -4.82598 -3.95386 -4.58233 -3.31273 -4.30374 -2.14748 -3.12079 -3.26839 -5.90952 -7.34497 -6.91003 -5.85883 -5.0658 -6.03204 -3.89307 -2.60538 -2.95577 -3.45091 -3.89945 -4.96442 -4.73621 -7.61622 -8.0498 -7.61088 -7.10791 -5.46279 -7.99138 -9.26569 -9.49407 -10.9424 -11.5713 -10.0931 -11.1274 -10.3182 -11.8488 -11.2319 -9.03928 -8.70165 -9.64499 -7.27529 -6.80444 -5.79683 -5.63726 -4.25466 -3.6637 -3.75956 -3.34409 -5.55815 -5.14017 -4.921 -7.20273 -5.32577 -5.94323 -5.80411 -5.89026 -5.98211 -5.50692 -5.0813 -4.12823 -5.25024 -5.41804 -3.18778 -3.01105 -2.27054 -2.32339 0.0545535 -1.52907 -1.52907 -2.02732 -3.27123 -1.67558 -2.13967 -0.367529 -2.68508 -3.50522 -3.37626 -2.17041 -2.0305 -3.65622 -3.53752 -3.69544 -3.56187 -4.67363 -5.04924 -4.52527 -6.068 -7.03773 -8.04983 -8.11503 -10.1036 -9.16191 -9.32337 -5.75508 -6.61329
 -8.35083 -6.56557 -5.70803 -4.30308 -4.70427 -5.19557 -6.03785 -6.15794 -6.15642 -7.19634 -7.70565 -8.90061 -7.1575 -5.83505 -4.8095 -4.86598 -4.89036 -2.6812 -4.6104 -5.23472 -4.52766 -6.42031 -3.8609 -2.6931 -5.46676 -4.23437 -3.79237 -5.62913 -8.10328 -6.79208 -7.57567 -6.22583 -6.58687 -5.53319 -4.41705 -2.25611 -2.43376 -2.52466 -2.9732 -4.01985 -4.62537 -5.8029 -4.92609 -4.40583 -4.55507 -5.28904 -6.11901 -7.14466 -7.06525 -10.2654 -8.83877 -10.2063 -10.2055 -9.76513 -10.666 -11.0465 -9.54423 -8.22506 -7.67904 -6.42249 -5.3555 -4.79648 -3.39529 -2.84568 -1.23731 -5.15547 -3.87343 -3.64165 -3.12297 -4.51345 -4.90535 -4.58768 -4.69011 -6.43051 -5.54008 -3.84434 -4.22115 -4.47859 -4.57883 -4.75572 -2.44067 0.0226245 -1.13048 -0.0494625 -0.550758 -1.15127 -0.590937 -1.47479 -1.89785 -2.57244 -3.20871 -2.01979 -1.23395 -1.4746 -2.57199 -1.6718 -1.25737 -0.386627 -0.40343 -0.131422 -1.87875 -1.38505 -2.45127 -4.59655 -2.77233 -3.70259 -5.27202 -5.76405 -6.25316 -7.41035 -10.3039 -9.08737 -7.0775 -6.6467
