# name: MAT
# type: matrix
# rows: 56
# columns: 93
 -6.77529 -6.56928 -3.80627 -4.43346 -7.61325 -6.66132 -5.8984 -3.69344 -2.31575 -0.966783 -0.00648766 0.141381 -1.66394 -1.16229 -1.5804 -2.28415 -0.529595 0.179994 0.576172 1.15772 0.616953 -0.417423 -2.68595 -2.49335 -3.08788 -3.60025 -2.99499 -5.08669 -4.53773 -4.08592 -3.24925 -4.18733 -4.52798 -3.75316 -6.69279 -7.78598 -6.40665 -7.53399 -5.87573 -8.75299 -9.37367 -8.3616 -8.62158 -11.3735 -11.866 -9.87202 -9.80117 -9.37169 -9.42699 -9.18471 -10.1445 -8.56701 -7.73099 -5.49885 -5.40439 -7.40276 -8.97329 -9.07828 -8.15681 -7.46944 -7.92834 -6.68769 -7.77161 -5.50704 -5.50583 -6.73241 -5.1256 -6.95524 -7.77664 -9.78953 -10.7504 -10.2408 -8.97631 -8.6694 -7.9839 -8.56502 -8.56897 -7.42527 -7.29873 -5.30336 -5.04487 -6.72403 -7.95113 -4.75653 -6.9173 -7.34515 -8.38265 -9.16107 -7.52399 -9.0291 -8.29066 -6.76914 -8.61144
 -5.31318 -3.79704 -2.03118 -4.44321 -5.8428 -6.22241 -4.5291 -5.24022 -2.6509 -1.88698 -0.609732 -2.20526 -3.27868 -3.23623 -3.12823 -2.69329 -2.25486 -0.211636 -1.54984 -1.06581 1.60719 1.10712 -2.20242 -2.50806 -2.54389 -3.1801 -2.46529 -4.61962 -6.25227 -5.26191 -6.90073 -6.85419 -7.02013 -5.37269 -6.64396 -8.50686 -7.94525 -8.89595 -8.08909 -7.3196 -9.56899 -9.16891 -10.8409 -11.8283 -12.6997 -10.783 -10.8817 -10.2998 -8.41043 -10.417 -9.59094 -8.65288 -8.47765 -7.90756 -7.97624 -8.68991 -10.4402 -9.88197 -9.09144 -8.45982 -9.34179 -8.8132 -7.08108 -5.65478 -5.1308 -5.84984 -5.84984 -8.16735 -9.37946 -10.2275 -10.2343 -7.87161 -9.53149 -9.44604 -7.4308 -9.10264 -8.54721 -6.66146 -6.52083 -5.12038 -6.01284 -6.92232 -8.6228 -6.70313 -7.17186 -5.64139 -6.41043 -8.56265 -8.49738 -7.85077 -6.58059 -7.38552 -6.32885
 -5.39691 -5.67851 -4.98182 -4.6348 -6.84345 -6.51362 -3.87951 -2.24373 -3.92306 -3.39222 -1.69012 -2.77535 -4.81101 -5.26761 -5.65279 -5.86625 -3.84338 -2.48043 -1.94723 -0.543042 0.017856 -0.574899 -1.86853 -3.11523 -3.77759 -3.7678 -3.48169 -6.46178 -8.35936 -8.07225 -9.63305 -8.9565 -7.7674 -7.21976 -7.91127 -7.17979 -7.38778 -7.68343 -11.0643 -8.85137 -9.56675 -9.39153 -10.93 -11.709 -11.2085 -10.5625 -10.2292 -10.9636 -7.88465 -8.12614 -8.58567 -8.37183 -8.11863 -6.84196 -7.50548 -8.38241 -11.4254 -9.09685 -9.58715 -10.1572 -9.79228 -10.6546 -8.03867 -6.47788 -6.0892 -5.17052 -6.15478 -8.7278 -10.2819 -10.6654 -9.25507 -9.89212 -9.94491 -10.901 -9.68113 -9.4062 -10.9481 -7.46949 -7.03739 -7.77025 -6.44493 -8.31555 -8.23929 -7.15308 -7.24278 -7.45037 -6.96927 -8.397 -8.397 -8.23414 -5.92575 -6.24325 -6.14466
 -5.02223 -3.94819 -4.80275 -4.8968 -5.40611 -7.58792 -5.51955 -3.14612 -2.5398 -4.04053 -2.69234 -5.61487 -7.64911 -6.57776 -7.06723 -6.15035 -6.08232 -4.66109 -3.41943 -3.15619 -2.54061 -1.55725 -2.33792 -4.56825 -4.81859 -5.08722 -6.51435 -8.72213 -8.94299 -9.69036 -9.1998 -8.69657 -5.26204 -6.04963 -8.24797 -8.29905 -9.60475 -8.49543 -11.0545 -8.75897 -11.1886 -12.1629 -11.6181 -10.2589 -10.3672 -9.93473 -9.85418 -8.14882 -6.11082 -7.13023 -6.6082 -7.28508 -7.19187 -8.79684 -8.04179 -10.4516 -10.2486 -8.59864 -10.5667 -9.70833 -9.25719 -11.7924 -8.69122 -7.78606 -6.78391 -7.07476 -7.55751 -7.77709 -9.27148 -9.39304 -9.94762 -9.62366 -9.67645 -9.20763 -8.8523 -8.14231 -8.15584 -7.59699 -6.07444 -9.137 -7.89359 -9.27553 -9.12054 -8.03316 -8.68635 -8.29961 -8.22549 -9.97106 -7.16818 -6.33971 -5.65007 -5.3338 -7.09594
 -2.61936 -2.73294 -2.93406 -3.65635 -6.33326 -7.82848 -6.51429 -2.68924 -1.54666 -3.02906 -3.15723 -3.79218 -5.67572 -6.71733 -7.0712 -6.62203 -5.7344 -5.48992 -4.47585 -4.72412 -3.86457 -2.65883 -5.96838 -7.08063 -9.33861 -7.62614 -8.43143 -8.46333 -6.47203 -8.96868 -9.92272 -9.26659 -9.42622 -7.7981 -7.686 -7.65535 -9.67136 -10.9184 -12.4403 -9.31719 -9.37857 -10.7886 -11.4946 -9.79778 -9.80399 -8.25309 -6.29742 -6.47182 -6.05104 -5.80609 -5.51209 -4.90128 -7.61807 -7.36703 -10.2156 -11.1702 -8.63127 -9.07468 -8.66191 -7.14928 -9.35515 -8.8511 -9.31861 -6.72497 -6.01212 -8.16432 -9.48022 -10.5484 -11.4803 -11.8638 -10.7526 -9.34801 -10.5761 -10.1022 -10.1178 -7.40553 -6.99481 -7.07301 -6.07444 -8.45442 -9.98707 -9.92161 -9.77947 -8.11157 -8.08489 -7.74426 -8.15925 -9.41572 -7.97905 -6.25992 -5.93389 -6.56203 -8.62463
 -2.61032 -2.41257 -4.7718 -4.62427 -4.13619 -7.37994 -4.58706 -3.67194 -1.63504 -3.65879 -3.19741 -2.44207 -3.48132 -5.56778 -6.8248 -5.83503 -4.84157 -5.11931 -5.01617 -4.62564 -5.45623 -4.29683 -6.77044 -9.03887 -11.2738 -10.2223 -9.46595 -8.19141 -8.30361 -8.05197 -9.45653 -9.91605 -8.67411 -8.32756 -7.29678 -9.82096 -10.5307 -10.7393 -12.0983 -13.0956 -10.8632 -10.9041 -9.98509 -10.1781 -8.52061 -8.82882 -5.66626 -5.85371 -5.55446 -5.82533 -5.21912 -5.59004 -7.17029 -7.10928 -9.27937 -9.65854 -9.76639 -8.30888 -7.35184 -8.35065 -7.85946 -7.90837 -7.1201 -7.78088 -6.04154 -8.60096 -9.44517 -10.0611 -11.1102 -10.2423 -9.40367 -7.98425 -8.78775 -9.92021 -10.8489 -9.90255 -8.06696 -7.95137 -8.06581 -9.0495 -8.98833 -8.80047 -7.79839 -10.2748 -9.27815 -7.60382 -8.15925 -9.71998 -7.89807 -5.7243 -6.57999 -7.06515 -7.99882
 -3.68694 -2.80382 -3.98346 -1.82354 -4.3599 -3.71818 -4.69706 -4.12242 -2.95595 -2.56198 -1.76405 -0.811908 -3.48132 -4.38097 -5.33209 -4.15228 -2.41967 -3.68968 -3.536 -5.94571 -7.31062 -4.5726 -5.81769 -7.35127 -9.76442 -8.73714 -7.61801 -8.74316 -8.74634 -7.15235 -7.69682 -8.83322 -8.3001 -9.73296 -7.15417 -10.3025 -11.2103 -11.4403 -10.6366 -14.0698 -11.1785 -10.0885 -8.1748 -7.38449 -8.88289 -8.01404 -4.69331 -5.87922 -5.86389 -5.98385 -7.58093 -6.07891 -7.61467 -7.74506 -7.94197 -7.31765 -6.35526 -6.35667 -7.8162 -10.0803 -8.97502 -9.53591 -6.90383 -8.41363 -7.98855 -8.60372 -8.91527 -10.7947 -10.171 -9.81298 -8.13952 -7.18007 -10.2215 -9.79354 -10.0319 -7.06398 -8.65595 -6.93434 -8.24759 -8.66884 -8.90736 -7.41458 -6.35495 -8.40688 -8.24307 -6.53061 -7.58916 -8.38602 -7.36426 -6.22311 -4.87572 -6.37602 -6.23356
 -5.48483 -4.82353 -2.87412 -3.05869 -2.93719 -4.80702 -6.64332 -5.54276 -2.98536 -3.21668 -2.36645 -2.31707 -3.22077 -5.41969 -3.33846 -5.16825 -1.85769 -1.97764 -3.20973 -4.84752 -5.50539 -5.37795 -4.68071 -6.50388 -9.04181 -8.24776 -7.87573 -6.28813 -8.67484 -8.35221 -7.11137 -7.54006 -9.76587 -10.4766 -8.70834 -10.8027 -11.9702 -10.2359 -10.3105 -13.9143 -11.4164 -10.6966 -8.78817 -8.12659 -6.9392 -6.81933 -5.39562 -5.55309 -4.99712 -5.82868 -7.50835 -5.67328 -5.05401 -6.71641 -6.90202 -5.55841 -6.28979 -7.32273 -6.87574 -7.93557 -10.0639 -10.0097 -9.06505 -10.2495 -9.42867 -9.48193 -9.34321 -10.3103 -10.4019 -8.20926 -8.34147 -7.38704 -8.81066 -8.00493 -8.00455 -7.91962 -8.04885 -7.89149 -7.5278 -8.38335 -6.67404 -5.96163 -7.02796 -8.52051 -6.76045 -7.12938 -6.51424 -6.51887 -5.21498 -4.84073 -4.84404 -5.34717 -6.36982
 -7.48245 -4.70374 -2.95949 -2.05943 -2.06257 -4.06205 -4.21957 -4.59116 -5.07789 -4.26218 -2.89636 -2.22469 -2.81471 -2.76035 -3.76238 -2.38378 -0.613962 -0.526594 -2.39721 -1.08013 -0.773847 -4.35475 -2.87534 -4.24984 -6.25915 -4.75735 -5.41291 -5.66732 -6.86501 -6.41189 -5.32858 -5.02465 -7.30042 -7.01535 -7.09424 -10.0923 -10.8545 -10.5075 -8.19655 -9.00867 -10.169 -10.0085 -8.88279 -7.81121 -9.67031 -7.25062 -6.41531 -7.65837 -5.7426 -5.35015 -6.07805 -5.0671 -3.99309 -4.69581 -4.18644 -1.68105 -2.42422 -5.25995 -4.70309 -4.79626 -7.41272 -9.97425 -8.94098 -10.1909 -9.86512 -10.3696 -10.2742 -10.128 -10.2196 -9.92902 -8.64607 -7.49071 -7.06011 -6.6318 -7.14286 -6.40813 -6.25238 -5.61206 -4.97288 -5.29313 -5.17902 -5.52201 -7.49747 -5.30764 -4.35065 -4.60229 -5.15197 -6.6347 -3.91849 -4.35851 -3.82986 -5.52156 -5.47372
