# name: MAT
# type: matrix
# rows: 84
# columns: 112
 -3.9728 -2.95454 -5.35236 -5.65532 -6.63227 -5.86737 -6.5648 -4.57966 -3.98487 -1.59587 -1.73672 -3.37551 -3.23852 -4.20964 -4.40151 -4.66501 -4.95077 -4.35242 -5.40574 -3.46963 -3.0835 -2.18131 -0.885008 -3.72731 -2.66511 -2.63328 -1.94568 -1.515 -2.07289 -2.7333 -1.61325 -1.52004 -3.58589 -4.57177 -4.61847 -6.7002 -9.11931 -7.55824 -8.53323 -8.90216 -8.50296 -10.1103 -11.8347 -11.1019 -11.4072 -11.9096 -12.507 -11.6786 -10.0953 -10.845 -11.3724 -11.5702 -12.0185 -12.2623 -11.631 -10.9382 -10.82 -9.12809 -8.82028 -8.72721 -8.10317 -6.492 -7.68203 -7.70273 -7.85749 -6.6031 -7.08057 -4.78767 -3.72722 -4.89316 -1.26004 0.776644 2.48093 2.71561 3.74929 4.30096 1.88328 2.42551 1.2338 2.04451 2.56778 3.98454 2.73918 0.757282 -1.37494 -3.08313 -3.35863 -3.76948 -3.62707 -4.29817 -3.83381 -5.84618 -5.2298 -4.75498 -4.25475 -7.87009 -6.06282 -5.18096 -5.30076 -6.28038 -6.42255 -5.6033 -5.85021 -8.28862 -9.45877 -9.86506 -8.17322 -7.0864 -7.54791 -6.68763 -8.60964 -9.98146
 -3.69909 -1.69817 -3.44221 -3.43287 -3.8442 -4.02919 -3.95254 -1.75608 -2.22168 -1.56516 -1.56516 -4.08442 -3.37734 -4.93956 -3.52836 -4.83297 -3.14264 -3.91748 -4.42119 -3.96987 -3.0835 -1.83216 -3.04426 -1.85265 -2.03562 -1.29013 -2.24962 -1.20454 -1.33452 -1.4444 -1.6595 -2.8426 -3.73713 -4.60359 -5.22766 -4.92341 -6.59231 -6.90184 -7.87683 -8.33206 -8.44896 -9.92963 -10.7665 -9.62978 -9.56082 -9.1585 -10.3313 -9.86093 -10.4164 -10.5643 -11.0916 -11.5861 -11.6311 -11.0539 -11.3596 -11.3524 -12.252 -10.7424 -9.38273 -9.88296 -8.7669 -7.925 -7.34251 -6.8517 -7.35106 -5.57786 -6.04176 -1.81827 -1.86454 -2.27883 -1.15874 -0.733029 1.4241 2.59699 2.88689 2.54025 2.90941 2.93651 1.77424 1.08958 1.533 2.93261 2.91452 2.13179 0.00506836 -2.61293 -3.33648 -4.95403 -3.75547 -4.87652 -5.29959 -5.83065 -5.2298 -4.75498 -4.25475 -7.87009 -7.44209 -5.77567 -5.77227 -5.71825 -7.2301 -5.607 -6.27225 -7.54113 -8.2546 -8.97659 -7.78293 -6.08431 -7.02319 -7.78706 -8.64065 -9.87745
 -2.94391 -2.49041 -5.6943 -3.45401 -3.36354 -3.35323 -4.35007 -2.82202 -0.708152 -2.62156 -1.81434 -4.79191 -3.90206 -5.56473 -4.20003 -3.90383 -4.56355 -3.40092 -3.395 -3.96987 -2.91186 -2.33239 -2.05341 -0.713853 -0.95524 -0.135437 -0.516632 0.541039 -2.3994 -1.39815 -2.56946 -2.44757 -5.56705 -4.91916 -4.63538 -3.29601 -4.84256 -6.25576 -6.90184 -6.29001 -7.85833 -8.77203 -8.25797 -6.47038 -6.02691 -9.21953 -8.72188 -9.83364 -10.2228 -9.02361 -10.9006 -11.3492 -11.5899 -11.0734 -10.7299 -10.2506 -10.5475 -10.5805 -10.8371 -9.18052 -8.1225 -7.56734 -8.37765 -7.82552 -7.33766 -5.66706 -4.67525 -1.97795 -1.35491 -1.66245 -1.66245 0.706952 2.32189 3.3433 2.88689 3.50382 3.77392 2.4818 2.28958 3.69812 1.97417 2.85048 2.35917 0.974649 -0.466186 -1.72203 -2.94691 -4.95403 -3.23881 -4.87652 -4.87652 -5.36264 -4.65267 -4.15857 -2.49735 -5.68343 -5.22764 -5.25468 -5.88248 -5.94841 -6.07904 -4.86654 -5.16389 -7.55666 -8.30647 -7.44086 -6.59422 -5.00965 -6.11372 -7.28335 -7.50351 -8.46282
 -2.2558 -2.39871 -2.89099 -4.50549 -4.94838 -3.4804 -3.85689 -1.60267 -3.09162 -3.81816 -3.79517 -4.99338 -4.57373 -4.9781 -4.20003 -3.90383 -4.3096 -3.35889 -3.395 -3.91881 -1.89985 -1.36832 -3.1027 -0.646199 -0.960483 -0.266273 -0.339217 -1.45586 -1.93392 -1.96463 -3.07942 -1.41703 -2.3914 -4.54059 -4.11871 -4.50811 -6.05466 -5.56014 -5.63938 -5.31502 -5.95067 -5.85249 -7.67046 -4.37058 -4.80486 -6.2991 -7.20401 -8.88307 -8.74976 -8.55995 -11.2549 -9.98015 -9.74744 -8.30865 -8.6353 -9.57873 -8.47792 -7.83244 -9.77372 -7.54939 -7.10013 -7.20482 -8.53901 -7.94812 -6.44475 -3.87007 -3.93064 -3.34792 -2.79265 -1.72582 -3.15252 0.112251 1.26342 4.03222 2.10855 0.811012 3.45909 1.31195 3.10752 3.12468 3.57227 3.37378 2.7277 0.990976 -0.721097 -1.21562 -1.94598 -3.09616 -1.88406 -4.35986 -4.87594 -4.84598 -3.23086 -1.6088 -1.15428 -4.76963 -4.27305 -5.85007 -5.39337 -5.3903 -5.07985 -4.91762 -5.38309 -8.82522 -8.28923 -7.39526 -7.35733 -5.69949 -3.74817 -5.53164 -7.88516 -7.82079
 -3.64017 -2.48972 -4.07144 -4.29066 -6.26544 -3.31359 -4.21073 -3.28646 -3.4641 -4.27542 -5.03457 -5.79927 -4.06267 -5.52771 -4.01002 -3.28745 -4.3096 -4.8592 -4.44593 -3.75723 -2.84007 -3.8334 -3.83419 -3.27884 -2.18327 -0.348718 -1.41871 -2.56606 -3.48754 -2.44387 -3.10565 -2.03141 -1.93308 -4.95346 -4.53159 -4.43558 -5.45825 -5.45825 -3.91796 -3.52734 -2.94482 -5.77781 -4.27006 -5.17537 -5.59608 -5.21656 -6.15292 -8.75798 -8.6536 -8.27861 -8.44414 -7.75041 -9.06424 -7.7268 -8.06186 -7.42434 -5.83757 -7.09863 -7.49322 -9.56203 -9.72393 -8.36951 -8.53901 -8.23367 -7.4792 -5.85938 -2.49994 -1.90365 -1.25294 -0.175403 -1.80597 -1.55949 2.05347 3.94377 3.01111 2.23023 2.70102 1.75418 2.2097 2.00819 2.04942 1.85744 0.992153 -1.72288 -1.20144 -0.660184 -1.42118 -1.30639 -1.36769 -2.48874 -2.55631 -4.39766 -2.11066 -1.61043 -0.731217 -4.34656 -4.27305 -5.40048 -5.96681 -5.3903 -5.10683 -4.65867 -5.66434 -8.63935 -8.19594 -6.47983 -5.71093 -5.06627 -4.25178 -6.55134 -8.96086 -6.84266
 -4.65189 -4.67681 -2.98787 -3.62602 -2.41543 -1.3071 -1.86156 -1.67147 -4.76041 -4.00174 -3.787 -5.27345 -3.30829 -5.28941 -4.44691 -5.36053 -5.36053 -4.59666 -4.89484 -3.24056 -1.68448 -5.51865 -3.86497 -3.30963 -2.67873 -1.60163 -0.859202 -1.89887 -0.776953 -2.54649 -3.34237 -3.52838 -2.76505 -3.97215 -4.30565 -5.84999 -5.87032 -5.87032 -6.63572 -5.21696 -4.17375 -4.53666 -5.18274 -5.61068 -5.59587 -6.64145 -7.82499 -8.1005 -7.66523 -7.33566 -8.39636 -9.55872 -9.69107 -8.02406 -7.06126 -8.14913 -8.35906 -6.88706 -7.55894 -10.168 -10.4655 -9.07046 -8.17225 -7.62488 -7.54771 -7.0485 -3.15179 -4.01535 -2.41471 -0.618821 -0.198955 0.05937 3.63201 3.03612 3.04129 2.53525 1.94783 1.40412 1.58043 1.93822 3.48533 1.75913 0.087947 -2.67978 -4.70465 -5.13169 -3.39506 -2.25886 -2.83195 -3.43944 -2.41139 -1.35051 -1.7675 -2.61468 -1.68428 -5.09272 -6.22016 -6.22016 -5.56911 -6.70336 -5.68026 -3.57544 -4.00993 -8.95384 -8.8638 -7.47234 -5.18422 -4.18847 -3.65538 -5.44775 -8.38777 -7.41278
 -3.74096 -3.63459 -2.5896 -2.05794 -2.70896 0.571554 -0.0549926 -0.592342 -2.16108 -3.22655 -3.08825 -2.84475 -3.86023 -3.94502 -4.18615 -4.59666 -4.59666 -5.85146 -4.89484 -2.71669 -2.36294 -4.23807 -4.49059 -3.32548 -2.62472 -1.60163 -1.42189 -1.41071 -0.776953 -2.62356 -3.34237 -3.92854 -2.39543 -2.61096 -2.68566 -5.58385 -7.62119 -7.54185 -6.94027 -5.43017 -5.65821 -4.53666 -6.47412 -5.97921 -5.99778 -6.84794 -8.13129 -7.15815 -5.19307 -6.88957 -8.45778 -9.04358 -8.51712 -7.65957 -8.26489 -8.95763 -7.54554 -8.31618 -8.77473 -11.4506 -8.8595 -9.07046 -7.53318 -7.74204 -7.11561 -5.87216 -3.7966 -3.00324 -3.64173 -1.94488 -0.885718 -0.427208 1.13352 2.65788 3.92759 2.25622 0.600966 1.28448 2.29943 0.744425 2.2365 1.72719 -3.66199 -4.01952 -5.99846 -4.17335 -0.549153 -1.78866 -2.40401 -2.83997 -3.73297 -2.29634 -2.1334 -1.16293 0.110033 -5.31535 -5.35671 -5.35671 -4.2826 -4.90285 -3.74616 -3.02086 -4.65684 -8.39926 -7.31879 -5.91182 -5.0094 -4.89601 -3.20216 -5.85269 -7.28417 -7.41278
 -3.57596 -3.04894 -1.5086 -0.97637 -0.787632 -0.320224 -2.03602 1.38774 -0.0732627 -1.76479 -2.13755 -1.89405 -3.09636 -3.49543 -4.61952 -5.66341 -5.66341 -5.96751 -4.86334 -2.7581 -3.09883 -4.31093 -3.93721 -4.9047 -3.65134 -1.63969 -0.340983 -0.391774 -1.03122 -2.36285 -1.69118 -3.07929 -1.77943 -0.906712 -3.11232 -4.11581 -5.92295 -6.04894 -6.46406 -5.45345 -4.90608 -6.11712 -8.27407 -8.08481 -6.28036 -8.68472 -8.16898 -7.76398 -7.0235 -6.15506 -7.50942 -9.97594 -9.57943 -11.2234 -10.608 -11.0959 -9.63269 -8.78421 -10.8056 -10.4115 -8.8595 -7.98188 -7.53318 -7.05393 -7.14193 -7.05774 -5.43177 -2.99288 -3.67948 -2.39746 -0.58257 -1.0922 1.13352 2.52995 3.24652 3.1232 1.96395 0.181359 -0.161336 2.35947 -0.548145 -2.84928 -4.80168 -4.49952 -4.80351 -3.06835 -1.83583 -1.39223 -3.41655 -3.80062 -3.77968 -4.24797 -2.71964 -3.14757 -1.44047 -5.73842 -5.31535 -4.8654 -4.95448 -4.90285 -4.79898 -2.43771 -2.85377 -5.84757 -5.93956 -6.80301 -5.0637 -3.98383 -3.1923 -5.19517 -5.69733 -6.78843
