# name: MAT
# type: matrix
# rows: 62
# columns: 171
 -11.4157 -12.8393 -13.0256 -10.5616 -11.0803 -9.5734 -9.78368 -9.93489 -8.13434 -9.00631 -8.08124 -7.07394 -7.92922 -8.54616 -7.38662 -8.47337 -9.24444 -9.17996 -7.76647 -9.31977 -10.3257 -10.375 -10.5874 -8.37795 -7.48091 -9.02988 -9.4782 -8.99172 -9.60273 -9.81178 -8.85212 -8.82212 -9.57176 -8.50688 -11.365 -9.20391 -6.16459 -7.91691 -10.3149 -8.49894 -8.03871 -6.4572 -6.85393 -8.805 -8.38377 -7.35073 -6.22633 -4.77191 -4.7601 -4.72794 -6.10987 -7.12245 -7.58976 -7.33156 -7.85069 -7.74674 -7.99507 -7.37926 -6.91259 -7.33977 -7.73704 -9.28693 -9.42914 -8.24149 -8.19312 -10.0184 -10.4565 -9.99976 -9.24655 -9.26756 -9.44792 -10.2683 -10.2683 -9.1945 -8.94039 -10.4568 -7.47311 -7.47311 -6.59276 -6.37878 -7.04444 -8.15916 -5.75151 -4.92822 -6.7982 -7.1967 -7.1967 -7.64629 -7.94427 -7.46051 -8.23867 -7.61103 -8.68758 -7.63029 -6.71065 -5.0478 -6.17174 -5.51224 -6.01929 -6.9859 -7.457 -7.81053 -7.63381 -7.58936 -7.07952 -6.56846 -5.98095 -4.90458 -4.95774 -4.50942 -4.72479 -5.93689 -7.53843 -8.41263 -9.01256 -10.0368 -11.1638 -11.9363 -11.4332 -11.6826 -10.9945 -12.8174 -12.3796 -12.1592 -11.5787 -9.74607 -11.4741 -10.2373 -7.64604 -5.70909 -5.87655 -5.43634 -6.60022 -7.22726 -5.54361 -6.13656 -6.93116 -5.44191 -5.53908 -4.00034 -5.6184 -7.67307 -7.58255 -9.8494 -7.84415 -9.66455 -10.3106 -9.97967 -9.72941 -9.23283 -6.80688 -6.03348 -7.1102 -6.63396 -7.65451 -6.8389 -8.36098 -9.66601 -8.88774 -7.60799 -6.11891 -6.10854 -8.24345 -9.80669 -8.07428 -7.18565 -8.64603 -8.15816 -8.15816 -7.73936 -6.80523
 -9.37336 -10.4857 -12.5525 -10.9719 -9.95655 -10.0671 -10.0671 -9.77489 -8.36585 -9.24685 -9.41252 -7.17268 -7.04694 -4.9108 -6.19532 -8.4792 -9.11254 -7.82321 -7.48998 -6.57473 -8.22911 -8.94518 -8.95884 -9.73094 -8.95377 -10.7647 -10.7647 -10.4025 -9.5494 -10.9607 -10.0797 -9.27649 -9.33077 -9.6965 -10.9343 -8.74396 -6.07193 -7.23442 -9.32577 -8.55124 -7.19871 -6.77827 -6.32995 -7.48533 -8.38348 -6.69807 -6.19495 -6.21452 -4.7601 -5.31545 -4.26358 -6.10643 -5.83431 -6.46807 -8.25171 -6.58376 -7.72289 -7.88287 -6.79488 -8.98192 -7.60839 -7.65925 -8.24149 -8.24149 -8.32055 -9.6088 -10.0184 -9.99976 -10.227 -9.25892 -8.7644 -9.91908 -9.5368 -8.46302 -9.32646 -8.58782 -7.83284 -6.87677 -6.87677 -5.78237 -5.23917 -6.41371 -6.73493 -5.76868 -4.52628 -6.13209 -7.64629 -7.09892 -9.37139 -8.93355 -7.90654 -7.30272 -7.57067 -6.25115 -5.0204 -4.52382 -4.55074 -4.94369 -6.37439 -6.45896 -6.10899 -7.44632 -7.06869 -4.81104 -6.08548 -6.0507 -5.97986 -6.61691 -6.61691 -5.44905 -5.93689 -5.53596 -8.48127 -7.88865 -7.88865 -9.51279 -10.6257 -11.4123 -11.8623 -12.1274 -13.4103 -12.0569 -11.6191 -11.3987 -11.4631 -10.2763 -10.8663 -9.49724 -9.58185 -9.09055 -9.09055 -7.95997 -8.65455 -8.71137 -6.53916 -5.7073 -4.23922 -4.74637 -4.28684 -5.89273 -4.76863 -6.98497 -6.57859 -9.82992 -9.88573 -9.95241 -9.21564 -10.6306 -10.2013 -9.4427 -7.79601 -6.73353 -6.38983 -6.66505 -7.78915 -7.83585 -10.9907 -10.1684 -9.0125 -8.92796 -8.69738 -6.04204 -7.73059 -9.38362 -9.57937 -7.68781 -8.13672 -8.15816 -8.15816 -6.47579 -6.72945
 -8.16798 -9.69688 -10.7375 -10.1843 -8.89167 -9.20365 -10.0671 -9.2018 -8.31767 -8.24953 -7.00777 -7.7726 -5.89569 -6.00042 -7.3626 -7.95296 -9.2042 -7.97331 -5.43985 -7.00131 -6.99548 -8.2084 -9.46127 -9.04283 -7.93007 -9.34704 -9.47149 -10.4678 -11.8241 -10.9607 -10.6494 -11.0367 -10.7556 -9.78238 -10.9343 -8.82292 -6.45569 -7.51056 -8.06059 -6.76833 -6.5551 -8.94293 -8.30917 -5.68501 -7.24731 -5.7306 -5.7306 -5.08452 -5.7108 -4.85109 -4.26358 -5.22005 -6.25991 -6.46807 -7.78025 -6.58376 -7.60216 -8.80325 -8.2936 -7.15955 -6.7403 -7.92986 -7.2079 -8.3306 -9.65669 -9.6088 -9.57539 -10.7531 -10.2213 -9.66086 -9.18656 -9.18656 -9.1921 -8.4619 -7.98932 -7.01331 -7.07349 -5.97568 -6.73955 -5.17645 -4.74606 -3.77023 -2.2117 -4.42125 -4.89396 -6.05855 -6.46224 -6.95603 -8.35353 -8.35353 -7.35418 -6.35023 -5.27299 -3.78998 -3.69878 -3.69878 -5.02891 -5.37546 -6.41868 -7.0143 -6.53693 -5.32518 -4.38116 -3.19418 -3.25757 -4.38681 -5.20241 -5.35706 -6.24293 -5.37948 -5.51992 -5.4603 -7.9573 -7.46072 -9.00526 -9.44106 -10.6257 -10.6257 -12.7559 -12.4485 -12.4485 -12.4485 -12.4485 -12.9595 -12.4698 -12.4972 -11.947 -9.73503 -10.7403 -9.67072 -9.72341 -9.8709 -10.0232 -9.8328 -9.71299 -7.28819 -3.94513 -4.27737 -5.63086 -5.52316 -6.36022 -6.94343 -8.77468 -10.7162 -9.98028 -9.83739 -9.60085 -10.1817 -9.67816 -9.53044 -7.71115 -8.11463 -7.49018 -8.75383 -8.30021 -8.33801 -10.9907 -8.52662 -8.4871 -8.31158 -9.0512 -6.58744 -9.13136 -10.7844 -10.4888 -9.18116 -7.68781 -7.64885 -7.06134 -6.36194 -4.91606
 -7.9326 -8.75866 -8.70071 -9.88599 -6.95373 -7.50936 -7.7118 -9.06977 -8.19159 -7.00477 -6.62705 -6.21517 -6.89415 -5.8847 -7.20397 -8.00497 -8.63157 -7.41742 -6.37223 -6.96117 -7.51062 -8.01527 -10.4133 -8.40636 -9.36791 -9.42474 -8.35596 -8.85048 -10.3983 -9.75242 -10.568 -8.54292 -9.81622 -8.72597 -9.07612 -8.15594 -6.17435 -6.92305 -7.50033 -5.58871 -6.98722 -5.46695 -4.97834 -5.73944 -7.24673 -5.95336 -5.28169 -5.28169 -5.30125 -4.89336 -4.34518 -2.90317 -4.15509 -4.89903 -5.40623 -8.08591 -9.67367 -9.66918 -9.51739 -9.03237 -7.22817 -9.04371 -9.5215 -9.24296 -9.83936 -10.4457 -9.57539 -8.94031 -7.12052 -7.39231 -8.35108 -7.14536 -8.04075 -7.27378 -7.87736 -6.02733 -6.60224 -6.60224 -5.95616 -3.82778 -4.68118 -2.86696 -1.24408 -3.12848 -4.33359 -4.80844 -4.86701 -4.86701 -6.26451 -6.26451 -6.26451 -4.62212 -4.10546 -4.63018 -5.29025 -5.74088 -5.03638 -6.01479 -5.52626 -4.83118 -3.99957 -3.31004 -2.75486 -3.04247 -3.31614 -3.83943 -3.31545 -4.99119 -5.50785 -6.08909 -5.45978 -5.17386 -6.28476 -8.57732 -9.87055 -10.7616 -11.4497 -11.941 -13.2337 -13.3007 -11.9562 -12.4655 -12.9429 -13.9332 -13.4737 -12.0021 -11.6028 -10.8316 -10.6396 -8.434 -8.434 -9.20663 -9.23135 -10.1564 -9.189 -8.97373 -8.35863 -6.16925 -6.24406 -6.28773 -8.29407 -8.92903 -8.86432 -9.8432 -9.83955 -9.83955 -10.6491 -11.0141 -10.4518 -8.27775 -9.74421 -8.97496 -8.96573 -9.48615 -10.816 -9.31562 -10.9873 -9.39927 -8.4871 -9.36204 -8.78895 -8.44523 -7.82505 -10.5704 -10.5174 -9.61326 -7.67447 -7.69128 -4.94884 -5.91982 -5.42325
 -8.35549 -8.00147 -10.313 -9.25663 -6.20529 -5.96306 -5.43834 -6.22267 -7.54168 -6.78696 -6.05685 -6.02985 -5.71408 -5.82115 -7.31598 -7.75092 -9.97342 -7.76463 -7.94726 -8.3952 -9.4206 -8.01527 -7.31368 -7.8384 -6.2095 -6.61546 -7.75259 -7.69845 -10.3708 -9.50732 -9.2409 -9.88373 -9.36277 -8.12956 -8.68413 -6.2156 -7.23539 -6.54531 -5.915 -5.28152 -6.82203 -6.44449 -5.51344 -5.3742 -4.72382 -6.91131 -5.09385 -5.09385 -6.49147 -4.3503 -3.90176 -3.85387 -4.15509 -5.69247 -5.49317 -8.68069 -10.1197 -10.6336 -9.36784 -7.76477 -9.17651 -9.31333 -10.1934 -9.77699 -10.8092 -10.3909 -10.1179 -8.82419 -7.86095 -7.66043 -7.93519 -7.2037 -7.17873 -6.07207 -7.38627 -5.31259 -5.3998 -5.90291 -5.95995 -5.92298 -5.50492 -2.9257 -2.85248 -1.73887 -5.01898 -3.85524 -2.37994 -3.7575 -4.86135 -4.86135 -4.3507 -2.8646 -2.8501 -2.88571 -4.38352 -3.86022 -6.01479 -6.53145 -5.52626 -3.96588 -3.36581 -2.82218 -3.25798 -3.47141 -3.11236 -3.80676 -4.27112 -4.90817 -5.42484 -5.69627 -4.95667 -6.57611 -7.57196 -7.91754 -9.73724 -10.1652 -10.925 -10.925 -11.7384 -11.3398 -12.8061 -12.8061 -13.7945 -13.0994 -13.2988 -12.1723 -12.6556 -11.9981 -11.4939 -11.0646 -10.4309 -10.7287 -10.7733 -11.7112 -10.4885 -9.27645 -8.94362 -7.50866 -6.98737 -8.64592 -7.80088 -9.85463 -9.20709 -9.94726 -9.74687 -9.71499 -9.66122 -9.87748 -9.23085 -10.22 -10.2497 -10.2167 -9.54899 -9.48615 -10.2913 -10.7666 -12.8852 -11.1143 -9.87664 -9.21114 -8.06684 -6.99662 -7.50849 -7.45652 -9.06803 -6.95441 -7.60049 -5.99691 -4.91659 -5.026 -5.026
