# name: MAT
# type: matrix
# rows: 66
# columns: 140
 -2.03254 -1.92326 -3.02421 -2.42781 -1.71013 -1.28706 -0.31618 -0.735026 -0.881364 -2.67839 -5.92748 -5.97324 -5.16602 -4.8039 -4.04631 -3.6392 -3.11913 -3.05467 -0.805328 -1.35148 -2.35515 -3.55904 -2.33234 -0.465345 1.03922 0.0218508 0.124994 -1.20576 -1.10273 -1.79779 -2.50788 -2.37064 -2.88809 -2.27336 -1.63231 -2.56396 -3.63837 -3.37868 -3.81813 -4.92273 -5.51657 -5.44536 -7.03622 -6.19061 -7.85303 -7.41725 -6.28658 -8.99457 -7.82023 -6.67914 -6.71462 -8.56004 -7.48805 -7.37566 -8.88013 -8.37759 -7.3207 -7.00587 -3.5271 -5.14053 -5.93642 -6.07471 -7.77092 -7.16166 -6.11724 -4.4488 -4.60618 -7.60764 -5.79664 -5.76457 -6.55648 -7.96939 -9.45199 -10.0229 -11.0405 -10.6663 -9.50136 -10.9275 -10.1108 -9.925 -5.51201 -3.78992 -2.48 -2.87324 -2.53491 -0.575676 0.269984 -0.964747 -1.18005 -2.60434 -6.32886 -4.00148 -4.14342 -4.80184 -1.98233 -0.377888 -2.47674 -2.94313 0.168591 0.263356 1.43624 0.940312 -2.12161 -0.277412 -0.715705 -0.595213 -1.41736 -0.926423 -2.11533 -2.62526 -2.06634 -1.52125 -4.29436 -3.94973 -4.56254 -2.42694 -4.13759 -3.66022 -2.33545 -4.27344 -5.74181 -7.11246 -7.02383 -5.48017 -4.96351 -3.80953 -3.08426 -1.57689 -1.06329 -2.67479 -3.6699 -3.48061 -5.37971 -4.876 -4.30667 -5.62828 -7.00303 -4.61667 -5.23215 -4.24287
 -1.61727 -1.15817 -0.573745 -1.30523 -0.190933 -0.187967 0.857149 -0.370077 -0.521444 -3.08769 -6.03135 -6.5644 -4.72656 -2.12767 -1.66332 -3.09947 -3.40413 -2.81842 -2.6749 -2.70803 -1.39949 -2.66005 -4.79151 -0.412814 0.984386 -0.656602 -1.76078 -1.28341 -1.28341 -2.54275 -3.94829 -3.75454 -6.05713 -3.49193 -2.72114 -2.63735 -3.74199 -3.89382 -4.22528 -4.6494 -6.55563 -6.64381 -5.92981 -5.33067 -7.34967 -7.39468 -6.88713 -8.58137 -7.20973 -7.59446 -6.79266 -8.95274 -8.42403 -7.38788 -8.29008 -7.07706 -5.39306 -5.46232 -4.52574 -6.91716 -8.59336 -8.13903 -8.03812 -8.26849 -8.10991 -7.10782 -5.42178 -7.85851 -7.16642 -8.0896 -9.63679 -11.8717 -11.3448 -10.9675 -11.4377 -10.3135 -10.5356 -10.1952 -11.3383 -10.7411 -8.77405 -4.44553 -5.38879 -4.36855 -2.20414 -0.8023 -2.28783 -4.1076 -5.18277 -3.37891 -4.01597 -4.26129 -5.13455 -7.96148 -5.81407 -4.78273 -4.55959 -2.33314 -1.18645 0.589965 -0.189815 0.0918211 -1.9332 -2.45552 -2.269 -1.46781 -1.47434 -2.89007 -2.90369 -2.39982 -1.67509 -1.09507 -2.3352 -4.54119 -3.5146 -2.52975 -2.6025 -2.65457 -1.88442 -4.78528 -5.22667 -5.74181 -3.95592 -3.48821 -4.36094 -2.60704 -2.1401 -1.58475 -0.987921 -2.61118 -4.73555 -5.36422 -4.12618 -4.98232 -4.49101 -3.97995 -3.89286 -1.40118 -1.11835 -2.52166
 -3.01249 -1.53781 -1.04123 -2.67566 -2.1168 -3.8562 -3.80601 -3.80601 -3.65279 -4.27583 -4.14881 -5.17327 -4.93055 -4.41446 -4.88975 -4.45481 -3.40413 -4.28544 -2.67311 -3.34842 -4.35133 -3.10977 -4.18858 -3.22058 -1.0513 -2.75808 -3.11745 -2.54733 -3.7486 -4.62945 -4.90397 -5.59375 -6.28838 -5.12075 -4.42132 -2.20632 -3.72186 -5.25932 -5.48963 -6.48814 -6.54346 -5.63045 -7.88153 -6.74316 -6.51062 -7.0026 -8.30578 -8.90049 -8.2054 -7.72719 -6.75962 -8.06599 -7.56288 -7.84012 -8.52524 -7.90129 -7.5038 -6.17808 -5.74738 -7.87302 -9.84598 -9.09122 -7.6114 -8.18448 -8.28791 -7.85227 -6.69189 -6.91808 -5.82739 -6.90196 -7.85303 -10.4103 -11.9034 -11.0377 -10.9711 -9.17932 -9.94593 -9.30733 -9.38662 -11.257 -10.1898 -8.79525 -8.16682 -4.32481 -3.19457 -1.61024 -1.30915 -3.8525 -4.50018 -4.24823 -4.53707 -6.18033 -7.98935 -7.22863 -6.10453 -5.08208 -4.93439 -2.42176 -0.954134 -1.01908 -0.839105 -1.8974 -2.57481 -3.08412 -4.88728 -4.63761 -3.69344 -4.96221 -3.44374 -3.0059 -2.5297 -2.85246 -2.90285 -3.16669 -3.55201 -2.74855 -2.83231 -2.35306 -2.78754 -3.34681 -2.42019 -3.88364 -2.49363 -3.94474 -3.46732 -2.78858 -2.49911 -1.33419 -2.18234 -3.7775 -4.38944 -6.17003 -4.52965 -5.85127 -4.8434 -4.36603 -3.33178 -2.6391 -2.37967 -3.3165
 -4.33337 -3.80939 -4.45362 -4.40558 -6.47769 -7.25308 -5.67838 -4.44557 -3.872 -3.85451 -2.97989 -3.90125 -3.80765 -4.87127 -5.31826 -5.76167 -4.88357 -4.56136 -3.84404 -4.30532 -4.35858 -3.49346 -2.52955 -4.20321 -5.10691 -6.31477 -4.08765 -4.49884 -3.88247 -5.5354 -3.99962 -5.27251 -6.40821 -6.47409 -3.30324 -1.81777 -3.7306 -4.89703 -7.62302 -7.04993 -7.77142 -7.62966 -8.35933 -6.67592 -6.94556 -9.06862 -7.73063 -9.55975 -8.34954 -7.38407 -7.16014 -7.3513 -7.96364 -9.00316 -10.4033 -9.88951 -9.38911 -6.20335 -8.07304 -9.18486 -8.45744 -9.14952 -8.24279 -9.80269 -10.551 -9.90086 -9.24802 -8.00739 -8.14526 -8.64839 -6.56724 -8.88076 -9.77773 -8.65098 -9.65968 -8.99504 -8.72765 -9.47732 -8.99759 -13.4651 -10.0941 -8.42355 -8.56228 -6.51019 -4.60614 -6.01378 -3.60794 -4.08753 -3.86186 -3.75371 -4.53707 -5.98973 -7.92203 -8.41861 -5.75573 -5.60606 -2.88129 -1.94176 -1.45593 -1.01867 -1.27632 -2.00439 -2.15512 -2.48036 -4.05765 -4.93448 -3.8145 -4.55163 -3.85033 -3.56236 -2.45631 -2.39219 -2.09564 -4.36506 -2.82182 -2.41422 -2.99662 -2.99662 -2.99662 -3.40716 -2.50018 -2.50018 -2.11414 -2.73927 -2.87367 -4.36808 -3.99121 -4.11236 -4.67891 -6.57698 -5.87322 -6.67167 -5.74038 -4.57106 -4.40744 -4.40744 -3.98437 -3.23738 -3.72236 -4.86074
 -3.90063 -5.5515 -5.85373 -6.28299 -5.92813 -5.43695 -5.99301 -5.5017 -4.80968 -5.24462 -4.37 -4.37 -5.13985 -6.08638 -5.65144 -5.20947 -5.84653 -7.72762 -8.17595 -8.25504 -5.95614 -4.53559 -5.05813 -5.03487 -6.24529 -7.54663 -7.0824 -4.35347 -5.31915 -4.33955 -3.185 -4.91401 -4.77168 -4.83756 -3.88442 -0.85382 -2.91074 -4.00403 -7.30815 -7.31969 -6.93826 -6.49484 -7.24152 -7.35133 -9.16314 -6.76622 -8.32185 -8.89369 -9.43902 -9.37558 -9.48603 -10.4302 -11.1174 -11.3499 -10.7223 -10.4766 -9.03132 -8.08889 -9.6213 -9.99029 -9.97579 -11.2709 -13.3158 -12.2555 -11.8828 -11.3182 -10.7148 -8.40814 -8.14526 -7.6286 -8.33494 -9.68374 -8.47243 -7.54627 -8.12581 -6.96914 -6.99 -7.18544 -6.99326 -9.73341 -11.4508 -10.0481 -8.9451 -6.00909 -5.47302 -7.55391 -5.61388 -5.76629 -5.04897 -5.54543 -5.0524 -5.63951 -6.77535 -5.31798 -5.12755 -2.6927 -1.41029 -0.143896 -1.59118 1.13029 -1.40021 -2.58048 -3.24497 -3.6935 -3.64396 -6.3556 -3.01099 -1.8528 -3.94959 -3.83335 -3.85221 -2.39219 -2.97026 -3.77636 -3.26774 -4.0724 -4.00225 -4.00225 -5.16625 -2.85607 -3.61444 -4.73393 -1.79196 -2.88145 -4.52768 -6.42515 -6.8087 -5.33205 -5.83311 -7.93455 -6.78658 -5.5574 -6.37792 -5.15857 -4.12331 -4.96483 -4.5053 -3.98132 -4.34076 -7.52228
 -4.52812 -4.52812 -4.52812 -4.52812 -4.97665 -4.98974 -4.82494 -5.34833 -5.34833 -5.29417 -4.65711 -5.08018 -5.92354 -5.93855 -6.5756 -6.5756 -7.56619 -7.03503 -7.19647 -7.68867 -8.74348 -7.42857 -8.2886 -6.82303 -6.7063 -8.57395 -8.82074 -6.6469 -6.14667 -6.17214 -3.38491 -3.94034 -4.44405 -3.62985 -2.7007 -0.480784 -2.96231 -4.60961 -6.38134 -9.57408 -8.82256 -8.31751 -8.98343 -7.0892 -5.09028 -7.33264 -8.95324 -11.3119 -10.9028 -12.5557 -11.8791 -11.1567 -12.7257 -11.7194 -10.8423 -9.86434 -9.00013 -9.20509 -8.06568 -9.12139 -11.3127 -11.3196 -14.3126 -14.2773 -12.9685 -12.0207 -8.84394 -9.86579 -6.82906 -6.86415 -6.90243 -8.19332 -9.26939 -6.85286 -6.59418 -5.5885 -5.63588 -6.30841 -5.75366 -9.59293 -10.1241 -11.0942 -8.59794 -7.06067 -7.14688 -7.95885 -8.72714 -5.6409 -6.9912 -5.7791 -5.23265 -3.70034 -4.5468 -4.86803 -2.73342 -2.69346 -2.20216 -2.05009 -1.11771 -1.32254 -1.85974 -3.90345 -2.85498 -3.05645 -5.65109 -4.66631 -5.0082 -4.25689 -6.13145 -5.3748 -5.14848 -5.91122 -3.63109 -5.06845 -6.26203 -6.60881 -5.5588 -6.07488 -5.88157 -3.05046 -2.93763 -4.13385 -4.45394 -5.51521 -6.76184 -6.05465 -4.85767 -6.19552 -6.40018 -9.0908 -8.07482 -9.1708 -7.00826 -6.53552 -8.06302 -4.30794 -7.26576 -6.10654 -4.99545 -5.98799
