# name: MAT
# type: matrix
# rows: 56
# columns: 133
 -8.71744 -9.2285 -8.55683 -8.74041 -7.84068 -6.16524 -5.73728 -5.0365 -5.23724 -5.66319 -6.07958 -5.09574 -3.84656 -3.68057 -3.98412 -3.47306 -4.60395 -4.14442 -3.94638 -4.30263 -5.59561 -6.46335 -5.56651 -6.02603 -5.57845 -4.76927 -4.02539 -4.37264 -5.54062 -5.47139 -6.9899 -8.73648 -6.82492 -5.83734 -5.20029 -5.35005 -4.88469 -4.44216 -3.67723 -1.49077 -4.37459 -4.61747 -4.67321 -5.62471 -5.78272 -7.06201 -8.63686 -7.66534 -7.41992 -8.05249 -7.37902 -8.76618 -7.07469 -7.57493 -6.07026 -6.07026 -4.35439 -3.29618 -3.3174 -5.43423 -6.81995 -5.90273 -7.25107 -5.37856 -4.02671 -5.14304 -3.77175 -3.77175 -4.77095 -3.50675 -4.51125 -5.17478 -4.30646 -7.52202 -8.90397 -9.58751 -9.26532 -10.8602 -8.69295 -6.95366 -5.92293 -6.64599 -8.60231 -8.95458 -7.31058 -7.59848 -8.75254 -5.87744 -5.87744 -7.007 -6.94116 -7.59796 -7.7694 -7.23225 -7.21921 -7.01281 -9.04908 -11.0061 -9.72476 -9.73347 -9.57389 -9.51752 -9.51752 -11.4503 -12.0216 -11.9892 -11.8491 -10.7585 -9.99464 -9.29509 -10.1975 -11.2898 -12.1027 -10.1208 -11.2797 -12.0288 -12.7603 -11.0242 -8.57634 -9.72417 -6.54709 -7.14647 -7.14647 -7.73101 -6.58843 -6.07737 -6.04802 -2.58276 -3.98682 -4.41181 -3.97534 -5.67363 -5.02431
 -10.0256 -10.1 -10.9134 -8.86762 -8.03073 -8.37473 -8.25901 -6.78443 -5.87126 -7.43936 -7.46823 -5.66429 -4.80084 -3.97952 -4.711 -4.41205 -4.84786 -4.38996 -5.43673 -5.75577 -5.97498 -4.73386 -5.32137 -5.7809 -4.8302 -5.30966 -5.56525 -4.49316 -4.34182 -4.85336 -6.14486 -8.23337 -5.98804 -6.73883 -6.67192 -7.18155 -4.96515 -4.13184 -5.46916 -2.34337 -3.68649 -4.18166 -4.7455 -6.11604 -6.26903 -5.4248 -7.8771 -7.92015 -8.99554 -8.50102 -7.37902 -6.92103 -8.17734 -8.16244 -7.40759 -6.07026 -4.36581 -2.93225 -2.26058 -5.45192 -6.19417 -4.73048 -6.12921 -6.08584 -4.7582 -5.0227 -3.4484 -4.45986 -4.40194 -4.01626 -5.52065 -4.66216 -5.89158 -7.62924 -5.80316 -6.36266 -7.376 -7.91456 -8.15133 -7.25594 -8.35724 -9.69993 -6.76927 -7.45493 -7.44739 -6.55991 -6.81247 -6.13444 -6.95493 -8.13041 -7.09236 -7.69651 -5.75536 -7.41567 -8.59104 -8.657 -10.429 -9.63189 -8.07131 -7.63351 -8.76655 -9.089 -9.55227 -12.2616 -11.7842 -10.5826 -9.8953 -11.2251 -11.6609 -11.1696 -10.9614 -12.0969 -12.0461 -11.5669 -12.1844 -12.6573 -13.0901 -12.4494 -9.83602 -8.48768 -7.25129 -7.55507 -8.23474 -7.90377 -9.19221 -7.71778 -5.54381 -4.67415 -5.88425 -6.24387 -6.30491 -3.9 -3.97547
 -10.5349 -11.3388 -10.7335 -10.8418 -10.0049 -10.272 -8.73894 -8.26156 -8.07664 -8.54305 -8.64181 -8.09073 -6.71272 -6.63986 -5.75086 -5.75086 -6.18829 -6.00523 -6.0307 -7.24485 -4.9861 -4.8277 -4.71414 -5.30165 -3.70246 -4.47277 -4.72837 -4.72837 -3.65628 -4.99401 -6.37919 -9.16279 -8.86812 -7.25976 -6.62271 -7.19405 -8.54564 -4.19998 -4.88234 -2.31523 -4.09101 -4.23848 -4.38608 -6.23822 -5.8186 -6.47864 -6.55463 -9.0585 -9.01653 -8.02178 -7.96653 -6.25757 -8.17734 -8.91225 -7.40827 -7.61137 -5.0783 -5.16426 -4.74935 -5.04791 -5.86758 -5.95673 -5.01232 -5.87019 -5.32197 -5.30539 -4.74795 -5.24427 -6.65595 -6.12795 -6.15441 -5.21286 -5.29893 -6.26268 -5.37522 -6.62292 -7.70374 -7.15538 -7.67053 -8.13005 -7.29164 -6.77804 -8.7642 -8.72935 -6.81242 -6.11862 -7.98867 -7.95993 -7.62542 -8.6115 -8.34714 -7.19435 -6.16622 -7.86341 -9.33398 -10.5208 -8.49774 -9.36793 -7.96009 -7.98616 -8.23154 -9.59173 -11.0061 -13.164 -12.6866 -11.7305 -11.6568 -9.47065 -11.3334 -11.3654 -10.6405 -12.364 -12.3083 -12.812 -13.0549 -12.6669 -10.6251 -10.8857 -9.26235 -9.59981 -9.28262 -9.83805 -9.314 -9.94616 -8.47704 -7.4699 -4.62185 -5.49026 -7.40429 -5.94576 -5.39648 -3.957 -4.2085
 -11.349 -11.9344 -11.7559 -10.8566 -10.8566 -9.75533 -9.7158 -8.30501 -8.00279 -8.97232 -7.52136 -9.21935 -7.71004 -7.37135 -6.25398 -6.20081 -5.72877 -5.49592 -6.51755 -7.02498 -7.25213 -5.28723 -4.96931 -5.39237 -4.31154 -2.98195 -3.96431 -4.53655 -5.69357 -4.63689 -3.03887 -5.83578 -7.20702 -7.67138 -5.56008 -6.67051 -6.1338 -3.8059 -1.40408 -1.2039 -3.99127 -3.89683 -3.51258 -2.50564 -3.26752 -5.12102 -7.60205 -8.58831 -9.53319 -10.0631 -9.94194 -6.69541 -8.5392 -9.37267 -9.05431 -8.29627 -5.75177 -5.64351 -6.65091 -6.35758 -5.9768 -5.46086 -7.51775 -7.95677 -5.73496 -7.26102 -5.69556 -5.69215 -8.50685 -6.25351 -5.39864 -5.92996 -6.53409 -7.78737 -6.87894 -6.13506 -6.50232 -7.63463 -7.63463 -7.6724 -6.26526 -7.68329 -6.31784 -9.33225 -8.16589 -6.30476 -6.64903 -6.35282 -7.80346 -6.87561 -9.37511 -6.38764 -7.4951 -7.99226 -8.39411 -9.07878 -6.02177 -5.26536 -7.4306 -7.82359 -7.97202 -9.21689 -10.2404 -11.7728 -11.9439 -11.7753 -11.5178 -12.4825 -12.2427 -12.1841 -12.6493 -12.7835 -13.2768 -12.1089 -11.5836 -9.88195 -9.69693 -8.16496 -9.27678 -10.386 -10.2379 -8.70921 -8.04072 -8.11926 -8.50077 -9.08313 -6.25397 -6.60124 -5.56223 -4.97077 -4.15517 -3.71743 -4.36099
 -9.98138 -8.1921 -9.91698 -9.91698 -8.53273 -9.25351 -7.9054 -8.33466 -8.33466 -4.73974 -5.4322 -5.4322 -6.00157 -7.20895 -5.7728 -5.19971 -5.70548 -5.03704 -5.98216 -5.47066 -6.47755 -4.36792 -5.32556 -4.81781 -4.98434 -4.53309 -5.83548 -5.63584 -5.12653 -5.19822 -5.6407 -7.8085 -8.17975 -8.63116 -6.82153 -5.92069 -5.24661 -3.34086 -2.84063 -2.57543 -2.32449 -2.39061 -2.05886 -3.11127 -2.77393 -2.86492 -8.08129 -8.61943 -10.1185 -9.21156 -8.97684 -9.56817 -10.1621 -11.4972 -11.7054 -11.4134 -7.74773 -7.23842 -6.07782 -4.87558 -5.05712 -6.9226 -8.01302 -6.78965 -5.98587 -7.467 -6.53122 -6.05642 -6.95772 -7.55048 -6.80663 -6.39911 -8.44802 -9.26363 -7.7858 -7.80553 -7.06162 -6.65622 -7.63463 -5.91399 -6.98371 -7.12332 -6.06405 -7.70039 -7.55563 -7.58541 -4.76419 -6.00931 -6.02331 -7.3832 -6.94058 -8.28599 -8.62751 -9.10311 -8.55606 -7.86333 -5.25022 -3.45788 -5.15642 -8.57795 -8.47191 -8.69112 -8.71398 -11.7636 -12.2727 -12.2826 -12.1342 -12.7567 -12.1478 -9.65828 -8.95781 -11.8461 -11.5912 -10.4931 -11.0996 -10.0316 -8.58742 -9.14285 -7.77095 -9.8125 -9.04862 -9.21898 -8.23092 -9.38315 -9.26306 -7.08922 -5.90437 -6.77794 -4.88894 -3.92667 -5.17822 -7.0622 -5.06974
 -9.51083 -8.81574 -9.04151 -10.3228 -8.82381 -8.07208 -6.90006 -6.91507 -5.28724 -5.71473 -6.28109 -6.28109 -6.77948 -6.35022 -6.17827 -6.17827 -5.57938 -6.32119 -6.47943 -5.80408 -6.25241 -6.15227 -5.72 -5.72159 -5.72159 -6.36041 -6.78763 -6.78763 -5.72304 -5.81469 -5.81469 -7.84073 -9.38086 -8.67634 -8.564 -8.43547 -5.23 -4.53726 -5.7257 -3.68901 -2.30463 -1.23929 -1.07727 -2.16616 -2.24995 -2.30957 -5.08867 -8.13308 -9.33163 -9.24618 -10.024 -10.6611 -12.5551 -12.5551 -11.1194 -11.1549 -9.47705 -7.7624 -6.22191 -5.77196 -5.15386 -7.75024 -7.64405 -7.90909 -6.22679 -6.03864 -5.8511 -5.40707 -6.71073 -6.54893 -5.13118 -6.27547 -7.33392 -6.84069 -8.05295 -6.21972 -4.82914 -4.37203 -4.92084 -5.3439 -5.30207 -5.45188 -7.01812 -6.16506 -7.22791 -5.59631 -3.7892 -5.03432 -5.04832 -5.71339 -6.13244 -6.80803 -8.8893 -9.33763 -8.44023 -6.82923 -6.1722 -4.75876 -6.22603 -7.74838 -8.94257 -8.30563 -8.28188 -10.3976 -11.8201 -11.3288 -11.6429 -10.9548 -9.80784 -8.95016 -9.55827 -10.7168 -10.2323 -9.28361 -9.00389 -6.76924 -8.58827 -8.45147 -8.47952 -7.9528 -9.99307 -10.6478 -9.80871 -11.5555 -7.97128 -6.28488 -6.42245 -5.5774 -4.42115 -4.46737 -4.98403 -5.71552 -6.77086
