# name: MAT
# type: matrix
# rows: 52
# columns: 83
 2.47993 1.22824 1.84665 0.545208 0.641036 -1.23122 -0.706495 0.338006 0.375007 0.507481 0.576487 -3.17271 -4.40366 -3.87066 -4.65694 -4.39947 -3.90843 -4.8364 -4.96389 -6.54254 -7.72123 -7.27064 -8.95218 -8.47571 -7.46434 -10.8965 -12.504 -13.8054 -12.5378 -8.46608 -8.01754 -5.11702 -4.38417 -4.94032 -9.70177 -9.8584 -11.7459 -11.1912 -10.1412 -9.90553 -9.7616 -10.2512 -10.2244 -8.67896 -7.58967 -6.64076 -6.90653 -6.82401 -7.2113 -4.21855 -3.28392 -3.27432 -3.12304 -3.01256 -2.28609 -0.33141 -0.774828 -0.625157 -3.28874 -2.87155 -4.22647 -4.14164 -5.44247 -5.49563 -8.08771 -6.20208 -7.9345 -7.27471 -6.42543 -6.41519 -5.76911 -6.80683 -6.59827 -5.62908 -2.95661 -1.70561 -1.28456 -0.885318 -1.51735 -3.52557 -5.13879 -5.03775 -5.7494
 1.26783 0.163831 0.0822591 -0.893156 -1.39448 -1.12537 0.0467502 -1.00329 1.58805 0.581222 -0.00745573 -2.39403 -4.46329 -5.19592 -5.13583 -6.0102 -4.26583 -5.11796 -4.62138 -4.68178 -4.08381 -7.67683 -7.51341 -9.11298 -7.31947 -9.58025 -11.7614 -12.3911 -10.8074 -9.0148 -6.65192 -6.29678 -5.40851 -5.50491 -8.04047 -12.2286 -12.2161 -11.7159 -11.0145 -9.45721 -10.9326 -10.6744 -11.1061 -9.87336 -9.39412 -6.51761 -6.56974 -6.56684 -6.5125 -4.55859 -4.49244 -3.33573 -4.30488 -2.58746 -1.70922 -1.82851 -1.32539 -0.817864 -1.53065 -1.14486 -1.3708 -4.13261 -6.22712 -6.22712 -4.33832 -8.07449 -8.00585 -8.05679 -8.05679 -5.73848 -4.57147 -5.10437 -5.41782 -3.68119 -2.37506 -0.756652 0.736491 1.48478 -1.086 -2.42254 -3.43926 -3.43926 -4.0288
 0.490294 -0.144991 1.76499 1.32917 1.22906 -0.475061 -0.357295 -1.27242 0.478302 0.0715881 -1.2487 -1.56063 -2.35782 -3.83115 -4.63181 -4.28147 -4.58896 -3.53875 -4.59274 -4.68178 -1.71735 -1.80009 -6.33228 -7.15558 -7.32346 -7.74169 -10.2202 -10.4861 -10.2183 -8.01092 -7.442 -6.3165 -3.63014 -4.5821 -9.35575 -12.2286 -13.4946 -13.2397 -13.2397 -10.9326 -11.3815 -8.61111 -10.2954 -10.3067 -8.94579 -8.35082 -7.51663 -7.1661 -8.29971 -6.14441 -4.49244 -3.98313 -3.42458 -0.589144 -1.19256 -1.15417 -0.349052 0.435831 -1.60387 -0.715799 -1.59927 -4.13312 -5.0332 -5.18352 -6.45576 -8.32114 -9.59585 -9.0816 -9.0816 -6.9185 -6.35679 -5.17208 -4.62209 -2.91547 -2.74031 -1.80477 -2.11918 -0.823517 -2.60858 -3.45511 -3.87346 -3.26923 -5.82779
 1.19951 1.17865 1.94252 1.71401 1.51601 -1.61677 -0.755696 -1.03845 -0.373056 -2.51933 -1.67479 -1.23022 -2.81979 -5.06876 -3.98101 -3.22277 -5.2561 -4.23104 -4.63972 -3.71098 -1.00639 -1.35989 -2.54635 -4.32902 -6.00203 -6.01687 -8.89857 -9.82826 -6.09435 -7.83011 -8.41255 -6.7209 -6.2509 -6.54742 -8.84061 -9.38148 -13.5438 -12.228 -12.1604 -10.4088 -11.8818 -10.9534 -12.2063 -11.0966 -10.6173 -7.90249 -8.33459 -8.08052 -8.69498 -6.20008 -4.67478 -4.10469 -2.53551 -0.649935 -0.344519 -1.24383 0.194494 -1.32429 -3.11627 -1.30579 -1.95081 -3.34439 -4.53744 -5.26886 -6.94532 -8.27676 -8.77711 -7.34354 -7.34319 -7.99977 -5.63498 -5.20453 -5.4753 -4.78995 -5.31956 -4.03402 -4.08142 -2.94698 -3.89843 -4.34734 -4.93485 -5.56116 -4.85522
 -0.0883178 1.23827 1.68928 2.689 -0.396243 -0.641776 -1.19104 -1.67221 -0.639768 -2.24219 -2.60297 -1.56061 -3.3608 -6.09358 -5.59167 -6.01483 -6.64609 -4.7414 -3.42154 -3.65762 -2.06627 -3.89069 -3.87795 -5.32814 -6.60215 -6.62733 -8.43963 -9.02016 -7.62273 -9.55598 -9.71251 -7.72659 -6.7316 -7.21119 -8.84061 -9.90712 -12.3629 -11.7113 -11.1559 -9.36546 -8.68389 -11.2948 -12.2063 -12.0543 -12.4049 -10.723 -9.28529 -6.69635 -5.37156 -4.55383 -4.04241 -3.04482 -2.5503 -1.42667 -0.932189 -0.657482 -0.180821 0.485079 -1.0533 -1.84466 -4.24466 -4.86908 -3.41363 -5.55627 -8.31183 -8.53567 -7.08504 -6.66342 -7.22852 -6.43534 -5.1811 -6.49444 -6.89681 -6.26304 -4.87463 -4.76223 -4.46535 -5.6166 -5.47136 -6.93778 -5.1816 -5.68114 -4.30841
 0.327369 1.22173 1.68809 0.956623 -0.989538 -1.62948 -3.0526 -4.24545 -3.21301 -4.71423 -3.67001 -4.27778 -5.69251 -5.77979 -5.07261 -5.5589 -3.7779 -2.78306 -3.90829 -4.34114 -3.78038 -3.38034 -3.82663 -5.83609 -7.02064 -6.87364 -7.42515 -8.06943 -7.84199 -6.30556 -7.69557 -8.05418 -6.74138 -6.03035 -8.86633 -8.48853 -11.087 -11.3365 -11.2104 -10.8711 -11.1353 -11.5431 -12.78 -12.3008 -13.2515 -13.4281 -10.9078 -6.52931 -6.18636 -3.50657 -5.49587 -3.99546 -3.80943 -1.75078 -2.41429 -0.14082 -1.19407 -0.91859 -0.511165 -1.74456 -3.80797 -4.14747 -4.39313 -5.73617 -7.11594 -7.32077 -7.93726 -6.13944 -7.85076 -9.39883 -7.00873 -4.67058 -5.24288 -3.96732 -2.37835 -3.01665 -2.04026 -3.19116 -3.56685 -3.63098 -4.57647 -2.50257 -3.81086
 0.420241 -0.209812 -0.574761 -0.0250319 -2.32459 -2.31714 -4.43465 -3.52058 -4.47557 -4.38693 -4.95648 -4.01319 -5.9252 -5.53885 -2.7306 -5.44402 -2.83467 -2.7921 -3.27453 -3.19736 -3.6323 -2.54168 -2.58614 -4.70237 -6.01931 -6.2563 -5.20313 -6.60401 -6.70836 -6.96934 -6.27362 -6.83514 -5.82719 -7.07191 -7.78056 -7.97187 -11.5008 -11.4502 -10.3363 -10.3237 -12.562 -13.123 -12.4053 -11.1791 -11.8809 -13.4498 -12.2959 -11.2815 -8.14341 -6.17163 -4.56641 -4.89448 -4.05237 -2.25211 -1.91326 0.324945 0.395792 -0.430067 0.616271 -0.590742 -3.61953 -4.06578 -6.1715 -6.92062 -6.3959 -6.3537 -7.93726 -9.0711 -7.94553 -7.88899 -7.53202 -6.43817 -5.36589 -5.27954 -3.89311 -3.30675 -2.2367 -5.7498 -5.24669 -3.0123 -4.96337 -3.9214 -4.69557
 0.639176 1.35991 0.523021 1.31137 -0.205516 -1.39585 -3.03436 -1.92246 -1.29039 -2.92362 -4.36958 -4.75052 -2.54656 -3.58202 -1.77561 -3.21942 -2.21736 -0.354107 -0.880702 -0.547257 -3.37541 -2.49908 -3.01422 -3.61215 -5.18719 -2.35254 -2.05784 -3.86219 -3.44423 -3.89159 -3.98962 -7.61882 -7.92187 -7.53143 -6.62823 -7.03143 -10.3686 -10.4638 -10.8698 -11.5453 -13.8738 -12.4492 -13.6485 -11.6704 -13.5634 -12.6983 -11.1662 -9.08505 -9.95636 -7.66834 -4.84787 -2.89877 -3.3239 -0.993732 -0.0999153 1.84195 1.89348 0.308647 0.598981 0.382934 -2.95988 -3.75409 -5.48459 -5.84574 -6.79644 -6.9441 -7.83422 -8.51915 -7.44103 -6.47432 -6.47005 -6.14963 -6.60886 -5.67876 -4.15235 -2.16319 -1.66526 -3.57688 -3.80435 -3.15695 -4.33662 -3.51533 -5.1579
 -0.563656 -1.47408 -1.68568 -1.77374 -0.15042 -3.21779 -3.49468 -5.23334 -2.90308 -4.32766 -6.14014 -5.44148 -2.04913 -0.705886 -0.0517983 0.285742 -1.02963 -0.682557 -0.5724 0.350978 -2.17988 -2.90283 -3.52528 -4.40798 -4.54345 -2.86185 -0.511069 0.34948 -2.95855 -4.2968 -1.16813 -4.75635 -5.66493 -6.37815 -7.38033 -7.207 -8.13684 -10.2929 -10.872 -11.5474 -12.1701 -13.2384 -13.4508 -14.6707 -14.0056 -12.5851 -9.1959 -9.74996 -8.11147 -8.22125 -4.96777 -4.22264 -2.38434 -0.571541 0.192449 2.09857 1.86974 -0.979202 -1.32042 -0.177903 0.465926 -3.08497 -5.19069 -7.29185 -8.24452 -8.41667 -9.25009 -8.77731 -5.03952 -5.17763 -5.17763 -4.41886 -5.95552 -5.03847 -3.78592 -4.11237 -2.46872 -1.09986 -2.0527 -3.58108 -0.737202 -0.00342329 -1.6024
 -1.35729 -2.84158 -1.98842 -1.41451 -2.84638 -2.53257 -2.38359 -3.47829 -4.41029 -5.12791 -4.38141 -2.85604 -3.36535 -1.32291 -0.675508 0.782321 -0.65091 -3.70936 -2.20134 -3.47795 -4.07667 -4.16509 -4.0106 -2.72142 -1.19135 -1.83502 -0.0779714 -0.220636 -0.464668 -0.946245 -4.15825 -2.77432 -4.96049 -3.77252 -5.90492 -6.00094 -9.12017 -9.93531 -12.762 -12.2492 -12.4086 -13.4534 -10.4762 -12.9101 -11.7048 -10.0946 -5.2637 -8.02763 -6.91628 -6.166 -5.7662 -4.15132 -1.71291 -1.86831 2.13337 3.31036 2.6146 0.368387 -0.81254 -0.551643 -1.10273 -3.85004 -5.54566 -6.6644 -8.19315 -9.5385 -8.82889 -5.05203 -5.65214 -4.55812 -5.48362 -6.07691 -6.80897 -5.81092 -3.88322 -2.51018 -1.11787 -1.45956 0.0954961 -1.43289 -1.43289 -0.0174945 -1.6024
