# name: MAT
# type: matrix
# rows: 57
# columns: 129
 -10.2924 -9.82806 -10.8822 -10.2184 -10.1968 -9.64692 -8.8606 -9.00924 -8.50884 -8.82676 -8.82676 -8.09498 -9.6227 -10.1323 -8.70615 -9.69425 -8.83081 -8.32118 -7.26877 -7.84064 -8.0718 -7.47539 -7.09299 -9.4029 -9.46113 -9.46113 -9.26735 -9.26735 -8.72903 -8.75243 -7.94818 -7.36067 -6.16599 -6.05365 -6.3738 -6.06437 -5.02422 -5.27846 -5.35488 -5.59487 -4.58516 -5.7735 -6.53756 -6.59559 -9.42353 -9.94446 -9.30432 -10.6013 -11.7852 -11.8285 -12.9017 -14.1244 -13.7894 -15.85 -13.2615 -13.7528 -13.2834 -12.4975 -10.545 -12.6668 -11.2289 -8.95016 -8.36265 -7.04326 -6.88615 -4.3451 -4.32442 -5.22275 -6.76783 -7.49696 -6.18293 -4.41631 -4.54113 -3.77337 -4.6389 -3.93587 -5.61068 -7.01735 -6.35358 -6.06017 -5.58738 -4.07316 -2.93256 -1.05663 -2.55946 -5.25394 -3.71961 -5.455 -6.43618 -6.22417 -5.90926 -6.70919 -8.60788 -8.59057 -7.52296 -6.61578 -6.03602 -5.49162 -8.08031 -7.2152 -6.97212 -7.56046 -8.06977 -8.80694 -8.05419 -8.53156 -9.105 -8.78597 -8.78597 -6.74004 -8.00131 -10.1254 -7.47887 -8.21075 -9.99006 -12.2542 -12.7508 -12.3593 -10.5907 -9.51541 -9.77656 -9.22113 -9.7842 -11.5028 -11.5028 -10.4487 -10.6977 -10.15 -10.5976
 -10.0829 -11.0865 -10.162 -9.64534 -9.13532 -10.5283 -9.92197 -8.34546 -9.00015 -11.1136 -11.3436 -10.364 -9.73293 -9.74598 -9.43408 -8.0152 -8.0152 -8.0152 -7.87389 -7.79241 -9.41386 -8.61134 -9.47395 -9.95027 -9.54992 -9.40243 -9.13372 -10.8357 -11.293 -10.693 -8.33566 -8.33566 -8.80162 -5.64725 -7.46033 -4.82978 -5.11125 -3.77531 -5.11212 -5.43887 -3.40169 -2.88377 -5.12393 -6.95628 -9.60986 -9.58027 -10.9392 -10.4403 -12.1768 -12.0228 -12.7865 -14.2834 -15.7694 -13.7782 -12.7382 -12.7144 -10.6634 -10.4038 -10.687 -11.684 -10.1928 -9.04345 -7.69098 -7.77474 -6.29394 -5.50205 -3.46163 -4.92997 -7.31675 -5.56685 -5.63099 -6.68996 -7.4275 -7.7729 -7.79083 -6.79198 -6.54381 -6.35358 -7.49612 -8.36124 -5.84935 -6.13155 -5.03366 -4.285 -3.42858 -4.58449 -4.17791 -6.26698 -7.24849 -6.36233 -7.21572 -7.54509 -8.17806 -9.41767 -8.90804 -7.53405 -5.86738 -5.26706 -6.46082 -8.08365 -7.56851 -6.22734 -6.94237 -6.95738 -8.34421 -8.99592 -8.596 -7.78039 -9.13836 -8.30096 -7.91704 -8.85454 -10.6963 -10.1325 -9.71245 -13.2913 -12.3415 -9.7001 -9.75327 -8.56789 -9.76706 -9.66669 -10.0961 -10.3951 -10.8147 -11.0443 -12.7011 -11.7208 -9.38548
 -12.6315 -12.7073 -11.3231 -11.1288 -9.6595 -8.68312 -8.0582 -8.07761 -9.50811 -10.7636 -11.2602 -11.7726 -9.91577 -8.66777 -10.1569 -8.74011 -8.74011 -8.18476 -9.96093 -10.5066 -10.0596 -10.4011 -10.8016 -10.6895 -10.5204 -9.3742 -9.9706 -11.2843 -11.1777 -11.5081 -10.1313 -8.09533 -8.35996 -6.09176 -7.32071 -5.33924 -6.1537 -6.32742 -5.86194 -6.60851 -6.13136 -6.75837 -5.41556 -7.76437 -10.4803 -11.4565 -10.0703 -12.335 -10.9851 -12.8582 -13.3588 -12.7789 -14.8193 -11.6753 -12.2794 -12.7144 -12.2434 -10.4093 -12.2804 -10.1127 -10.2861 -8.92606 -7.76235 -7.83588 -9.46921 -6.63422 -6.31565 -7.57109 -7.00973 -7.37034 -8.48161 -8.69702 -8.03923 -7.1213 -8.89228 -9.23643 -8.39682 -9.99072 -8.1827 -6.35273 -7.01924 -6.94027 -6.53979 -4.29202 -3.94357 -4.52406 -5.50316 -5.50316 -7.23264 -6.7175 -8.53203 -7.10074 -8.58 -8.02466 -9.38653 -9.82147 -8.13252 -6.76234 -7.78902 -7.78902 -8.23734 -8.23734 -6.46123 -6.91082 -6.40138 -7.48427 -9.21993 -7.63484 -10.4461 -9.34466 -8.07245 -9.88546 -10.7011 -12.1913 -10.0892 -13.2936 -13.2577 -12.12 -9.9681 -9.78183 -7.38762 -7.38762 -9.34446 -9.34446 -11.0717 -11.643 -12.196 -10.0443 -8.28486
 -11.3424 -13.2075 -12.4317 -11.6566 -11.2391 -10.8973 -9.87944 -7.7595 -8.78507 -10.7953 -10.6038 -12.1955 -11.9504 -10.6675 -10.6675 -10.8955 -10.5761 -10.7429 -10.6739 -11.2886 -12.027 -10.2328 -11.239 -11.7427 -12.0267 -9.96636 -10.4067 -11.2658 -12.346 -12.1935 -10.7136 -9.00654 -8.40929 -9.41986 -7.09992 -6.71568 -8.46991 -6.52743 -7.794 -7.46771 -7.18876 -7.21055 -5.84152 -7.59267 -7.91173 -9.40942 -8.73795 -11.9001 -12.0986 -12.3213 -12.7857 -13.8017 -13.3576 -13.3288 -12.2323 -12.7419 -12.0521 -11.5144 -9.41014 -8.85957 -7.33794 -6.97686 -7.39904 -11.2584 -9.04058 -7.74893 -7.65711 -8.01153 -6.54977 -7.64493 -8.10558 -9.44622 -8.67618 -8.54103 -10.2342 -9.15765 -10.3779 -9.18262 -9.18262 -8.68194 -8.51376 -6.028 -5.56504 -3.74084 -2.96914 -3.09213 -4.66884 -5.06822 -5.0544 -7.89658 -10.084 -7.59459 -9.62589 -10.6472 -9.94541 -9.94541 -10.0956 -9.52129 -9.93517 -8.9139 -8.23734 -8.23734 -7.15632 -6.40674 -6.29916 -6.77816 -7.47002 -8.75694 -9.33002 -9.38965 -10.3905 -10.2903 -11.1639 -13.8072 -13.7958 -14.9517 -14.7812 -14.0931 -12.7984 -11.7589 -8.25107 -8.25107 -9.11353 -10.9475 -12.869 -11.7385 -11.9836 -10.618 -8.97145
 -11.495 -12.4284 -12.8058 -11.0315 -12.9593 -10.6141 -8.67455 -9.88817 -8.14902 -9.24206 -10.8815 -11.8097 -11.2623 -10.8996 -11.407 -11.4135 -10.9842 -10.2647 -10.2567 -11.2843 -11.7136 -10.1736 -9.17614 -11.2108 -10.9506 -11.4131 -12.2319 -12.2548 -12.2874 -11.5647 -10.0788 -8.43804 -8.73374 -9.2934 -8.4625 -8.44235 -8.59625 -7.2527 -7.81651 -9.00389 -7.27391 -4.89008 -3.61628 -6.23591 -8.45539 -7.94027 -10.7658 -12.9848 -12.1362 -13.0876 -11.766 -13.2463 -10.6169 -12.8023 -12.7069 -12.8095 -11.8923 -9.9099 -8.91608 -7.63295 -7.60767 -7.38061 -7.79409 -10.8311 -9.04824 -7.79153 -8.53224 -10.6981 -7.85254 -7.85254 -7.20651 -9.07604 -9.95748 -9.56361 -9.65142 -8.45521 -10.6196 -9.73806 -10.6015 -10.5081 -7.70811 -7.57235 -7.17149 -6.9959 -3.39221 -2.83073 -4.84637 -5.78327 -4.10417 -6.14793 -8.0654 -11.7737 -12.3935 -12.1192 -11.6555 -10.9939 -10.5439 -11.9185 -10.7916 -9.92817 -9.49607 -8.47895 -7.80088 -7.09333 -8.54428 -9.02165 -9.51986 -8.09129 -8.75694 -11.1097 -10.8056 -11.6825 -13.2356 -14.7073 -14.0764 -14.4514 -15.0108 -14.7882 -14.264 -12.2024 -11.6149 -7.81897 -9.52055 -10.4904 -10.8413 -10.0225 -10.4085 -11.0086 -7.61266
 -12.6829 -12.8289 -12.7537 -12.7321 -11.164 -10.7603 -8.9971 -10.3024 -9.27057 -9.73213 -11.8744 -12.3233 -11.442 -11.9199 -11.7391 -11.4204 -10.9911 -12.6886 -12.7741 -12.2974 -12.2101 -11.7458 -11.4153 -11.4729 -11.9008 -11.3258 -10.8679 -9.2101 -9.6487 -10.5558 -10.2033 -7.10458 -8.74603 -8.39155 -7.73425 -6.143 -8.55747 -8.44114 -8.88456 -9.63966 -6.99446 -5.56522 -6.63035 -6.2677 -8.45539 -9.81928 -11.5738 -12.4417 -12.5845 -12.5845 -11.766 -13.2463 -11.6231 -11.0356 -13.6507 -12.63 -10.1637 -9.92441 -8.42697 -8.73855 -9.82462 -6.9304 -9.03379 -10.5086 -9.29436 -8.27571 -9.46566 -10.03 -8.61593 -7.34882 -7.29551 -8.80623 -9.20502 -7.26735 -7.29679 -7.64413 -7.30391 -8.68453 -9.04317 -9.92338 -7.77177 -7.59907 -5.30261 -5.93637 -4.845 -3.98004 -5.53555 -6.51173 -5.30848 -7.96991 -8.74154 -12.6503 -13.2395 -13.4483 -14.3623 -13.2524 -14.2618 -13.7652 -12.4019 -12.7164 -12.9709 -10.9882 -10.3333 -9.60539 -9.70503 -9.94749 -10.3974 -10.1912 -10.0412 -12.4191 -11.6506 -12.7411 -11.7661 -13.2377 -14.8444 -14.7898 -14.5464 -15.0108 -15.6472 -13.5856 -12.881 -10.9239 -10.0525 -11.1712 -9.61851 -10.5779 -10.0583 -9.50499 -8.99483
