# name: MAT
# type: matrix
# rows: 66
# columns: 91
 -5.51527 -7.01732 -6.42259 -6.20955 -7.13613 -5.37461 -4.77884 -4.58316 -4.42646 -4.9578 -1.65288 -2.95547 -3.65838 -2.83918 -4.55289 -5.70874 -5.30899 -4.69816 -4.59055 -5.41197 -5.42729 -4.58907 -6.15368 -6.07842 -4.48178 -4.5261 -5.76267 -10.4474 -9.67502 -9.04294 -7.34963 -6.60244 -6.61697 -6.14674 -6.95644 -8.18179 -9.40603 -10.0555 -8.8405 -7.57292 -8.26946 -7.21852 -6.44389 -5.94029 -5.2537 -4.62248 -2.37526 -1.90323 -0.946971 -3.63102 -3.07568 -3.29366 -3.61369 -2.30364 -1.92203 -3.72496 -3.95887 -4.83028 -5.24769 -5.39213 -7.48041 -9.68826 -10.2121 -12.1772 -12.585 -14.5097 -14.7559 -12.2704 -13.0142 -10.7818 -10.3316 -10.7411 -9.84144 -10.6369 -9.25914 -9.47872 -11.1329 -10.6512 -10.7156 -10.3633 -8.12796 -8.63759 -8.95542 -9.53787 -9.92332 -7.57394 -8.89447 -7.35626 -8.40612 -8.95381 -8.95381
 -4.51179 -5.49271 -6.41043 -7.86491 -6.36464 -5.68133 -5.4674 -4.58097 -3.62104 -4.29435 -2.04028 -2.73129 -3.91734 -4.57459 -3.18991 -4.66455 -5.2226 -3.88005 -4.18567 -2.68412 -5.08565 -4.58907 -6.88516 -6.633 -4.56352 -4.52069 -5.26815 -7.48348 -8.06918 -6.47107 -5.99936 -4.37364 -5.4613 -8.24325 -8.8602 -7.70845 -10.1052 -9.60149 -8.01636 -7.64937 -8.73235 -6.97364 -7.36283 -5.95016 -4.29305 -2.03288 -1.49249 -2.40542 -0.846383 -2.23999 -2.43941 -1.66916 -2.66166 -2.31654 -2.52681 -2.92882 -3.95681 -4.74385 -5.67088 -6.87888 -7.04567 -8.72512 -10.4697 -13.4523 -13.6207 -15.1963 -11.7356 -11.3258 -10.7372 -10.4765 -11.3762 -12.1623 -10.232 -11.363 -10.1163 -10.1621 -11.6489 -11.1001 -10.6512 -11.1514 -7.51753 -8.02715 -7.92424 -11.0496 -8.65652 -9.21976 -8.96459 -8.97851 -7.41975 -7.91427 -7.97041
 -4.33437 -6.6113 -7.30358 -7.97525 -7.09325 -5.06344 -5.86933 -5.98581 -4.41337 -3.68157 -2.27525 -3.02146 -4.49153 -3.53222 -2.3728 -2.95744 -2.35762 -3.98007 -2.56338 -3.8215 -3.71857 -4.25216 -4.90332 -2.91865 -0.732777 -0.053601 -1.1722 -1.78672 -4.98465 -5.39092 -4.45812 -4.49106 -5.17168 -6.61901 -8.67674 -6.10541 -7.11924 -8.20332 -8.14914 -9.12976 -8.16093 -8.21643 -7.7934 -6.94334 -4.35281 -2.29743 -1.87748 -2.69546 -2.97412 -1.1577 -1.82148 -2.36875 -3.42966 -3.14736 -1.81333 -0.725144 -4.83244 -5.44519 -6.74232 -7.39981 -7.56954 -9.61987 -10.4561 -10.5526 -13.5287 -13.7956 -12.0463 -11.3481 -10.3014 -10.2612 -8.50206 -7.95387 -9.26813 -8.85834 -10.5539 -10.0147 -10.5547 -11.0855 -11.1001 -11.1001 -8.20201 -8.51009 -9.71324 -12.1199 -12.052 -9.90138 -9.55871 -8.51167 -6.51631 -6.63084 -6.66101
 -4.88895 -5.40708 -6.98565 -6.50263 -6.87153 -6.06561 -5.22603 -5.86475 -5.78655 -3.68243 -3.59455 -2.70037 -3.85953 -2.83161 -1.24158 -0.787878 -2.27498 -0.508911 -2.22578 -3.27607 -2.72604 -4.82508 -4.02361 -2.41733 -1.24384 0.497717 0.51506 2.13228 -1.77352 -1.92894 -4.76521 -6.36941 -5.30435 -5.42938 -7.27626 -7.63344 -8.07583 -8.32975 -8.78088 -8.23886 -6.48365 -6.41758 -6.56879 -6.86509 -3.90386 -2.63488 -2.48438 -3.47235 -1.38689 -1.27883 -1.05427 -2.81765 -3.46067 -3.79449 -3.00206 -1.86216 -4.4179 -3.969 -4.30257 -7.32659 -8.56121 -9.66753 -9.57787 -10.2781 -9.91502 -9.57111 -11.2558 -10.323 -10.7424 -9.49156 -6.33585 -7.2901 -9.14484 -9.09834 -10.7182 -11.1733 -11.3016 -11.158 -12.1414 -12.2179 -10.309 -10.6263 -10.9107 -10.6158 -11.7812 -12.3813 -9.07848 -8.05517 -8.01468 -6.25172 -6.74602
 -5.55273 -4.80061 -5.29179 -5.90817 -6.15769 -5.16296 -4.53793 -4.62984 -5.78655 -5.00129 -3.46146 -4.32389 -2.84905 -1.6853 0.523912 -0.141258 0.618436 0.0137633 -2.72371 -2.42604 -2.30851 -1.89176 -5.43644 -3.39055 -4.1031 -0.112091 -0.132892 1.09433 -0.837613 -1.7936 -4.46531 -3.60374 -5.19834 -5.5626 -7.18015 -6.74324 -8.03787 -9.36535 -9.351 -8.92509 -7.65899 -6.93989 -7.51 -6.45193 -3.64238 -2.33491 -2.05473 -2.78145 -2.15879 -3.00419 -1.89271 -3.78359 -3.71915 -3.18821 -4.06743 -2.93564 -4.43962 -5.61525 -7.19115 -5.77194 -7.43745 -8.94819 -10.388 -11.0646 -9.91502 -9.47639 -10.6036 -9.64824 -7.91015 -8.19959 -8.42537 -8.21221 -8.78188 -9.96327 -11.8718 -12.8364 -12.0803 -11.4336 -12.9057 -13.1868 -13.419 -11.3054 -10.0982 -12.7176 -13.1664 -11.8945 -11.8719 -11.4318 -9.1934 -7.28342 -7.78365
 -4.27663 -4.48699 -4.76707 -7.19966 -6.06585 -5.61512 -5.56597 -4.77636 -6.994 -6.79887 -3.35741 -4.21154 -2.89618 -0.154474 0.805029 0.800196 2.71714 0.636817 0.959002 -1.30137 -1.8651 -2.33624 -4.63056 -2.46228 -4.40217 -3.79496 -2.79199 1.22954 0.971852 -2.21947 -3.57775 -1.70275 -3.74654 -4.09922 -6.73182 -7.27308 -8.35152 -9.36535 -8.88063 -10.3914 -8.81104 -9.77041 -7.64483 -8.05621 -5.12616 -2.77431 -2.02359 -1.72047 -2.11696 -2.47957 -1.89271 -3.04748 -3.25479 -3.25479 -4.28283 -3.2244 -5.43836 -6.11183 -6.12475 -6.6663 -5.68696 -8.90558 -10.349 -11.4893 -9.66777 -8.31766 -8.90588 -9.55331 -7.36834 -7.47438 -6.80194 -7.97083 -8.0417 -8.0417 -11.0803 -10.796 -11.7055 -11.5682 -10.4052 -12.7459 -13.8908 -11.8696 -11.1538 -11.3181 -10.6664 -11.6169 -11.6804 -11.4919 -11.2329 -9.89604 -9.96945
 -6.5959 -4.15102 -6.1096 -6.4835 -4.77795 -5.90396 -7.34685 -8.41087 -9.34086 -8.38186 -2.22292 -2.80641 -0.666176 -0.519849 0.393772 0.884502 0.443444 -0.11846 0.3225 -1.28173 -2.46235 -2.47508 -2.65921 -4.82952 -4.48163 -2.73563 -1.4754 -0.653787 -0.819669 -3.20109 -3.77706 -2.38479 -4.86956 -4.84101 -4.87591 -5.7715 -6.42503 -8.90761 -10.4781 -9.80219 -8.52135 -8.56755 -8.31651 -6.36215 -5.85308 -1.94161 -2.0509 -0.502469 -3.07238 -2.94887 -2.25556 -3.77896 -2.79852 -3.47019 -4.46975 -4.63147 -5.75379 -6.33225 -5.6939 -6.61808 -7.56473 -8.40934 -7.50118 -9.87745 -8.66855 -9.60575 -9.89229 -9.37726 -8.21216 -6.8992 -7.84943 -8.49509 -8.53644 -8.75167 -10.3375 -10.2745 -11.7625 -11.1302 -10.5246 -10.5739 -13.4735 -11.1503 -11.7276 -11.6986 -9.88148 -10.8265 -11.3315 -11.4679 -9.62805 -9.33469 -9.84695
 -5.62699 -6.97126 -7.24787 -7.79173 -7.74928 -8.71399 -9.64918 -9.2492 -9.2492 -4.68128 -1.35627 -1.72945 -1.21311 -1.25756 -0.239988 0.7811 1.29584 0.88101 0.362198 -1.61068 -1.23774 -1.41256 -1.68422 -4.42225 -4.80076 -1.6672 -1.8196 -1.55922 -0.555459 0.036125 -4.20879 -2.81273 -3.57019 -5.35585 -4.27449 -5.34015 -6.7659 -6.2959 -9.86136 -8.23997 -8.23294 -8.12413 -8.77043 -6.78833 -5.15763 -2.59065 -2.62434 -1.57064 -0.315109 -3.58787 -7.03275 -6.83487 -5.27324 -5.3649 -7.28547 -7.77967 -6.9069 -6.30493 -6.33602 -5.12969 -6.65205 -7.26843 -7.30793 -9.81644 -9.28878 -9.70387 -10.2092 -10.1633 -8.23885 -6.85577 -6.72453 -8.80497 -9.8722 -9.83269 -8.90679 -10.5914 -10.7605 -9.74525 -10.582 -10.6098 -11.5316 -11.3982 -11.3814 -9.9501 -10.1164 -8.74642 -9.31216 -10.7314 -7.65977 -8.24747 -8.21532
 -7.46142 -9.49161 -10.4825 -10.9791 -11.8625 -10.1349 -8.85965 -9.28234 -8.46772 -4.48394 -5.168 -2.65117 -3.16811 -3.1605 -2.72523 0.157212 -0.598035 -0.314706 1.34279 0.368822 -0.182646 -0.927125 -3.1888 -4.29481 -4.43183 -1.74959 -1.64315 -0.190587 1.48227 0.313508 -3.55087 -3.17721 -1.90538 -4.36055 -4.92406 -5.47499 -6.84387 -6.61604 -8.26532 -7.56885 -8.26472 -7.86749 -6.28801 -7.40081 -5.19692 -3.141 -4.46262 -2.82943 -4.44477 -4.72402 -7.09299 -6.51955 -8.20059 -6.33033 -6.01915 -6.85238 -7.22256 -5.33782 -5.69838 -6.24181 -7.26843 -7.26843 -8.9174 -6.45448 -7.16472 -7.87359 -10.0292 -8.00723 -7.85528 -6.91136 -8.94957 -9.52379 -9.94612 -9.8722 -10.3293 -9.84141 -12.3728 -9.90233 -9.44127 -9.62099 -11.636 -10.4812 -9.59515 -10.4442 -11.9041 -11.0315 -10.2724 -8.69013 -10.2863 -8.73602 -9.69402
