# name: MAT
# type: matrix
# rows: 69
# columns: 126
 -10.7377 -10.8411 -9.57388 -10.3715 -7.34311 -7.6385 -9.5969 -8.99679 -7.36492 -5.94067 -3.79202 -2.86148 -4.45281 -3.92883 -3.07171 -6.17014 -7.37786 -6.95118 -7.40114 -6.83693 -6.83693 -7.36165 -8.41118 -10.2496 -10.091 -10.091 -7.80812 -9.13948 -9.13948 -5.66584 -4.69236 -4.76404 -5.72405 -4.91356 -4.06852 -4.06852 -2.85641 -1.39668 -0.37585 0.366462 -1.4099 -2.15616 -0.628192 0.073063 -1.31504 -2.31542 -2.90383 -2.5535 -2.75272 -3.46155 -3.31216 -2.81192 -1.92807 -2.59997 -3.78896 -4.71299 -3.48834 -5.23802 -6.04779 -6.09326 -6.81207 -10.1361 -9.44428 -9.17796 -6.80711 -6.47119 -6.42198 -6.80615 -6.80615 -6.68497 -7.23879 -7.22486 -6.56196 -6.1665 -4.61425 -4.33956 -6.55589 -5.38943 -5.85491 -4.16552 -5.2669 -6.94248 -8.55239 -8.76544 -8.08194 -6.21047 -6.16755 -6.11971 -6.1295 -7.21197 -8.18522 -7.59771 -5.78444 -4.39462 -3.96253 -4.43273 -5.74589 -4.35938 -4.49282 -3.24237 -4.06205 -5.24569 -3.06236 -3.51231 -3.51231 -3.51161 -6.12743 -6.22611 -5.18046 -4.44368 -5.09871 -6.08959 -4.25609 -5.21355 -4.96036 -7.27971 -8.84204 -10.5551 -11.0047 -11.2266 -13.0058 -12.3575 -13.5099 -11.9212 -13.3038 -13.6613
 -9.47319 -9.63448 -11.0465 -10.1503 -8.78641 -7.20881 -7.23541 -6.68001 -6.27752 -5.73015 -4.59385 -5.08268 -5.11708 -5.34876 -5.30215 -7.70797 -6.90422 -8.04421 -8.90994 -8.24568 -7.23173 -7.39833 -9.23676 -10.2807 -10.7462 -10.5876 -8.31183 -8.44439 -8.05762 -6.73251 -6.59975 -6.05032 -3.54823 -3.09932 -4.06852 -3.574 -2.00822 -0.892701 0.16576 -0.986421 -2.95115 -3.39142 -0.738329 -1.30926 -2.51259 -2.83635 -2.37911 -2.03836 -2.75272 -3.48225 -3.53129 -3.98618 -2.60575 -2.17781 -5.14894 -5.37143 -5.65229 -6.39106 -6.74523 -8.30198 -8.60189 -10.0563 -10.8528 -9.28319 -8.37329 -6.47119 -4.37172 -4.37172 -4.18057 -6.82357 -6.73747 -7.22486 -7.61166 -7.58452 -7.09558 -6.11462 -7.11047 -5.31572 -5.44706 -5.63535 -6.25594 -8.45178 -9.02429 -8.61214 -7.47409 -8.13866 -7.24122 -5.53587 -6.22205 -6.07434 -7.20765 -6.68391 -7.9301 -5.77439 -4.74218 -5.78248 -7.16181 -7.87547 -5.98585 -4.8921 -2.67228 -3.66274 -5.14079 -2.7625 -2.26592 -2.74147 -5.00972 -4.77956 -6.03901 -5.82472 -4.785 -4.49165 -4.75717 -4.44241 -5.27358 -5.42703 -9.90045 -10.8875 -11.337 -12.129 -14.3571 -13.7097 -13.9802 -14.4359 -14.0406 -14.1386
 -9.63657 -9.36577 -9.70136 -9.71243 -8.84565 -9.50991 -8.97436 -9.33135 -7.80474 -5.9932 -4.08565 -5.51954 -5.98984 -5.47871 -6.79296 -7.31626 -7.5202 -7.61494 -7.61494 -8.90034 -9.76379 -11.5259 -11.1903 -11.1903 -11.7377 -10.0028 -8.40093 -8.98734 -9.04446 -8.26285 -8.97166 -7.26133 -5.24375 -4.86516 -4.01091 -4.01091 -2.43137 -1.7951 0.0448699 -2.47065 -3.46783 -4.67881 -3.66547 -2.73763 -4.4998 -3.4112 -3.7484 -2.50292 -4.36698 -3.89678 -4.93026 -4.88858 -3.59535 -3.68032 -7.06227 -7.2119 -6.56326 -7.61232 -7.49994 -8.29066 -9.24484 -9.24484 -11.2907 -6.32454 -6.32041 -7.05183 -4.34236 -4.86624 -4.24314 -4.14772 -5.69215 -7.29961 -7.08269 -7.11397 -6.08014 -5.01191 -6.48616 -4.63034 -6.31066 -6.92955 -8.4021 -8.56385 -7.79493 -7.7174 -7.26745 -8.72854 -6.87453 -7.28601 -7.23191 -7.3138 -5.55933 -6.15944 -4.60698 -6.23875 -5.74437 -6.53229 -8.37598 -8.37598 -6.2859 -4.79938 -2.67228 -3.30855 -2.45828 -4.1288 -2.48778 -3.26932 -4.414 -4.89462 -6.90245 -6.68816 -5.61757 -3.72246 -4.68619 -5.04018 -6.33316 -6.09267 -9.03534 -10.8875 -11.337 -12.0233 -13.7259 -13.3874 -14.886 -15.4847 -15.8064 -15.6404
 -11.6583 -11.6876 -10.5302 -11.8035 -11.8315 -10.9183 -10.9183 -9.29858 -9.02214 -6.99475 -5.60801 -5.48021 -5.98984 -6.03328 -7.87084 -7.83282 -9.0652 -9.61681 -9.61681 -10.4803 -10.2659 -11.5259 -11.5259 -10.689 -11.1903 -10.4462 -11.0563 -10.2343 -10.9294 -10.1478 -8.68119 -6.85737 -6.31 -4.31371 -3.86102 -2.71479 -1.75817 -1.35253 -2.28942 -0.77612 -1.90385 -3.14995 -3.14075 -3.215 -3.97508 -3.4112 -3.83913 -2.05401 -1.69995 -4.51316 -5.05877 -5.49473 -3.68057 -6.64992 -7.66121 -6.06015 -6.639 -7.11574 -8.698 -8.76379 -9.21426 -8.72515 -8.31934 -6.19451 -7.5916 -8.81768 -5.36942 -3.79984 -2.97031 -4.01458 -5.20114 -6.00037 -6.37049 -5.87032 -4.96559 -5.93316 -5.74823 -4.89618 -5.46907 -5.41907 -7.24127 -7.05742 -8.05456 -7.5953 -7.58115 -8.07982 -7.56925 -6.94186 -5.98234 -5.7134 -5.66535 -5.55933 -4.97006 -4.57696 -5.71215 -6.99665 -7.80254 -8.32282 -7.37212 -6.16576 -5.14937 -4.90192 -2.64846 -4.50288 -4.05456 -4.10206 -4.73007 -4.54596 -6.76901 -4.93531 -5.15322 -6.23086 -6.14975 -6.0451 -6.78196 -7.21585 -9.03534 -10.8875 -12.0233 -12.7099 -13.7331 -13.3039 -13.1883 -14.2725 -15.6429 -16.725
 -11.1552 -11.6876 -11.6987 -12.1637 -11.817 -11.8852 -11.8852 -11.7135 -9.59184 -10.0458 -7.96163 -7.02102 -6.00351 -7.46975 -7.87084 -8.50711 -9.52442 -9.61681 -10.4803 -10.4803 -10.9768 -11.1576 -11.0759 -11.0759 -10.667 -9.3769 -11.6264 -10.738 -10.1655 -9.95417 -8.66022 -7.2853 -6.73793 -4.85292 -2.66582 -1.05995 -0.463541 -1.58363 -1.42399 -1.41601 -2.26359 -3.61674 -4.86932 -5.39025 -4.07466 -3.31858 -2.82105 -2.76112 -2.34603 -3.55813 -5.19198 -6.98148 -6.20116 -6.1424 -6.09619 -7.00522 -7.10715 -9.19252 -9.6421 -10.1992 -9.71991 -9.71625 -8.09523 -5.01869 -5.6728 -4.89378 -3.98419 -4.78213 -2.99965 -4.40549 -4.32231 -5.24495 -5.40132 -4.34657 -4.87421 -5.41741 -6.27731 -6.66426 -6.22084 -5.37831 -5.50218 -7.82435 -6.738 -7.29335 -7.21038 -7.90349 -7.51626 -7.29183 -7.68024 -7.4348 -6.0978 -5.96044 -6.56187 -4.60918 -5.07354 -7.42875 -7.29943 -8.32282 -7.82044 -7.43581 -7.56147 -5.63529 -3.17244 -3.55086 -4.86321 -2.99024 -4.55165 -5.24674 -7.53417 -7.68956 -6.68396 -8.7962 -6.66642 -6.75404 -8.20044 -7.54447 -8.82818 -12.3613 -13.2265 -13.2265 -13.3039 -12.6382 -12.6917 -14.7428 -15.1806 -16.725
 -10.6343 -11.1956 -11.1876 -12.1637 -13.3282 -11.2838 -11.1121 -11.1121 -10.9735 -9.98461 -10.0458 -8.54268 -6.97933 -7.96633 -7.46975 -9.57528 -9.52442 -10.1408 -10.4803 -10.9768 -10.9768 -11.8219 -11.6949 -11.6197 -11.5208 -11.4405 -10.4852 -9.86066 -9.4127 -8.06979 -9.07945 -7.35972 -5.79698 -3.53081 -3.05894 -1.01812 -0.463541 -0.406447 -0.920274 -2.05515 -3.23022 -3.71808 -3.65721 -4.77455 -4.77262 -5.64355 -4.18761 -3.12433 -2.26089 -2.41528 -5.27767 -6.39397 -8.73991 -6.57819 -6.56639 -6.36293 -7.10523 -8.09621 -8.9414 -10.4168 -9.98756 -9.53191 -6.49692 -5.58208 -6.11632 -6.85621 -4.67312 -3.23235 -4.37077 -3.78595 -3.82573 -4.47313 -4.23666 -6.17691 -6.60137 -5.81224 -5.46014 -7.77846 -7.08458 -7.08458 -7.64535 -7.27966 -5.396 -4.71751 -5.58525 -4.66993 -6.19464 -5.65673 -3.91829 -4.90108 -5.34962 -6.46067 -6.56187 -4.94954 -5.08843 -5.43387 -7.96675 -7.05505 -7.24051 -6.93588 -7.39385 -7.47942 -5.17628 -4.93829 -4.41431 -4.16813 -4.6848 -4.55165 -7.70561 -7.17993 -7.15416 -8.11456 -6.7014 -7.32614 -8.21008 -8.34441 -10.3422 -11.4572 -13.7676 -13.2674 -13.8272 -13.8272 -12.6453 -12.4071 -14.289 -13.5392
 -11.254 -9.67884 -11.8121 -11.2469 -12.4114 -10.0362 -10.9592 -10.5096 -10.5096 -11.8481 -12.3183 -11.7974 -10.9313 -10.9313 -9.50927 -10.9955 -9.49283 -9.95235 -11.9432 -12.4319 -12.4319 -12.317 -12.8263 -13.9952 -12.179 -10.5193 -9.991 -11.458 -10.8799 -9.37111 -10.2167 -10.2167 -6.01824 -4.51853 -4.68827 -3.15057 -3.47232 -2.48069 -2.15763 -3.49336 -4.29117 -3.6748 -4.10554 -4.67551 -4.34139 -5.16766 -4.28378 -3.19951 -3.12566 -4.42213 -4.9863 -6.53522 -8.32144 -6.86379 -7.38697 -6.89786 -7.64017 -8.07597 -8.49249 -9.40423 -8.93987 -9.2848 -8.80135 -7.06468 -6.79786 -4.24386 -3.70972 -3.86862 -3.3026 -3.36517 -2.82493 -2.81744 -3.34142 -5.91436 -6.60137 -5.21081 -6.78648 -6.54356 -5.61044 -5.81517 -4.7335 -5.34173 -4.04818 -4.49647 -5.11989 -4.67135 -6.92609 -4.96862 -5.54454 -5.70698 -6.15552 -5.95105 -5.2436 -8.44129 -7.27728 -7.71895 -9.38308 -9.62956 -8.90256 -7.95186 -9.36666 -8.49205 -6.73064 -5.46629 -4.41431 -4.16813 -4.13333 -5.87803 -6.86177 -6.12379 -6.00147 -7.5059 -6.70717 -6.96514 -9.61168 -9.29511 -9.29511 -10.6633 -12.6365 -14.8368 -13.8109 -13.3107 -12.8548 -12.2404 -13.4521 -13.6386
