# name: MAT
# type: matrix
# rows: 89
# columns: 125
 -4.92179 -4.60795 -4.27148 -2.91489 -4.37848 -3.06363 -3.61132 -4.15569 -2.22129 -0.580144 1.10117 1.29983 0.895287 0.537717 0.0722351 0.555077 -4.05825 -6.01165 -6.72223 -8.11511 -9.61536 -8.10035 -8.16784 -6.79398 -6.32012 -5.83085 -5.42017 -6.25534 -4.26472 -6.06872 -5.14406 -4.33629 -4.15989 -7.40612 -6.72148 -6.81166 -6.90332 -8.09482 -8.89251 -7.89449 -10.2831 -10.3573 -8.39678 -8.79831 -8.89507 -8.80104 -8.72973 -7.13844 -6.07026 -6.62239 -8.72812 -10.0814 -9.30309 -9.69875 -9.69875 -9.89635 -9.46475 -6.76979 -7.04553 -6.00006 -5.29394 -6.60029 -5.41721 -5.3865 -4.11553 -4.11553 -2.38545 -2.13953 0.165582 -0.244864 0.775481 0.306147 1.00124 0.907346 -2.48346 -3.70296 -3.85834 -3.81224 -3.0402 -4.0956 -4.33324 -4.60192 -4.60192 -3.94658 -3.42066 -3.0249 -3.31525 -5.22414 -5.97985 -6.82915 -8.94283 -10.2518 -7.87685 -8.26447 -6.66181 -4.15435 -4.5734 -6.08857 -2.95033 -2.3552 -2.92603 -1.62194 -2.02097 -1.96642 -4.43062 -4.43748 -5.34987 -6.97112 -7.48207 -7.73759 -6.03026 -5.87428 -4.30288 -5.8574 -5.34323 -5.71051 -5.59772 -6.06165 -3.11645 -4.02614 -5.10303 -4.88781 -4.82349 -6.50364 -7.09791
 -4.94866 -3.3002 -3.60116 -3.25983 -3.40257 -3.52869 -2.17553 -1.90487 -1.22832 -2.1163 -1.39702 -2.02468 -1.5364 -0.986301 -1.00837 -2.10973 -5.51252 -7.22892 -6.20129 -6.15603 -9.06031 -8.29277 -8.08225 -5.74999 -5.32524 -5.32869 -4.33282 -3.08727 -4.09039 -4.21326 -3.44406 -3.90748 -4.48489 -6.53917 -6.14041 -6.827 -7.47399 -8.18842 -8.341 -6.9553 -7.76891 -8.41902 -8.53634 -9.43952 -8.07946 -7.23931 -6.42427 -6.62235 -4.39382 -4.91296 -6.85127 -8.00418 -9.27564 -10.7234 -8.57066 -9.12312 -8.56684 -8.52213 -7.54925 -4.3411 -5.47262 -7.73086 -5.30225 -5.56669 -3.07133 -3.08704 -1.99013 1.44798 1.18565 0.652981 0.0216116 -0.345933 0.148657 0.270657 -0.935582 -2.70695 -2.85368 -3.10049 -4.83572 -4.2393 -4.78282 -5.29891 -6.55253 -5.1325 -7.49517 -5.77968 -6.47323 -7.2744 -7.40678 -7.91049 -9.80245 -11.4645 -8.53052 -9.46266 -8.41949 -7.88898 -5.53281 -7.0924 -3.95041 -4.20132 -2.92603 -2.19256 -1.91538 -3.04356 -4.45445 -4.34227 -4.8719 -5.97578 -8.0624 -8.09339 -5.90973 -6.33046 -5.77014 -4.78922 -5.05051 -5.22985 -4.68651 -4.52344 -4.1426 -6.18263 -6.30313 -6.45062 -5.01718 -4.51751 -6.41337
 -4.2132 -4.19161 -5.07819 -4.57261 -4.34703 -2.9309 -1.84934 -0.548923 -1.08785 -0.723371 -0.869727 -2.44157 -2.82284 -2.94301 -1.88321 -4.80107 -6.34911 -7.5349 -7.18365 -4.49867 -5.32161 -6.52851 -7.08045 -2.57608 -2.73755 -1.37704 -2.91705 -2.53798 -2.24356 -2.93911 -1.35018 -2.67211 -4.8955 -5.06337 -6.56639 -8.34779 -7.66408 -6.66324 -8.85821 -8.85821 -8.47146 -9.59927 -9.61818 -8.72138 -8.10559 -5.47406 -5.60381 -3.99013 -4.50995 -4.38803 -6.85033 -7.02374 -8.81613 -8.19975 -9.76946 -9.89398 -6.90874 -8.51415 -7.43148 -7.30476 -8.05641 -8.49135 -6.65762 -4.71998 -3.21532 -2.06585 -1.81409 0.344644 0.114219 1.22349 0.580288 -0.399695 -0.372275 -0.945364 -1.14752 -1.1733 -2.92198 -3.91159 -4.44384 -3.28847 -4.96499 -5.61106 -9.33398 -10.6454 -8.42945 -7.51421 -9.16134 -9.89832 -8.35331 -9.80772 -10.7502 -10.2814 -8.04237 -10.6464 -10.0045 -8.58951 -8.76921 -7.09917 -4.4062 -3.46454 -3.34403 -3.95336 -4.36284 -3.09487 -3.29366 -3.35206 -3.6598 -4.80826 -6.44751 -7.57832 -8.79115 -7.30439 -8.39561 -4.98545 -5.11496 -3.26661 -5.14927 -5.6028 -7.12051 -7.71971 -6.84509 -4.62424 -3.98923 -7.13366 -7.7783
 -2.74379 -2.9876 -4.56144 -4.65581 -5.49738 -2.52161 0.223158 -1.0393 -0.122545 -1.20786 -1.32206 -2.52755 -4.11275 -3.0046 -5.37973 -4.94622 -4.70698 -7.59458 -5.16182 -3.80573 -4.94606 -5.83039 -5.41669 -3.1991 -1.47034 -0.866213 0.304777 -1.08407 -1.84536 -2.61343 -1.41493 -2.07399 -3.19848 -4.65872 -5.99131 -5.85739 -7.46488 -7.157 -8.02941 -8.4234 -8.15506 -10.3069 -9.72251 -9.20606 -8.10559 -6.19105 -2.85232 -3.32065 -4.50746 -5.64606 -6.37424 -8.05981 -7.69044 -8.38553 -9.95503 -7.79928 -6.4808 -6.48025 -7.26354 -7.86497 -8.03785 -7.53837 -5.59131 -1.89986 -1.44991 -0.705375 -1.20072 0.609379 -0.136292 2.41938 1.26764 0.690305 -0.456222 -2.61485 -2.64241 -3.56156 -2.47204 -4.15377 -4.84623 -4.70213 -4.50546 -8.07165 -10.9962 -11.0531 -8.99955 -10.1474 -9.90465 -11.7856 -12.307 -11.8286 -11.2323 -10.4076 -7.90637 -10.5476 -9.51559 -8.51069 -8.39342 -6.8173 -4.83018 -5.46178 -5.62403 -3.95336 -2.18879 -2.36604 -5.32422 -5.22359 -4.20723 -3.79498 -3.33266 -3.25688 -7.01241 -7.88548 -6.97168 -6.87389 -4.38513 -4.25129 -6.65806 -7.57991 -7.465 -8.44082 -7.50141 -6.12539 -6.87608 -8.30758 -9.55493
 -1.45956 -2.64954 -2.95627 -2.88445 -4.40257 -2.5169 -1.60443 -1.83661 -2.87814 -2.02018 -0.064512 -3.84353 -4.62283 -3.8326 -6.0688 -5.00388 -7.89522 -5.24027 -3.66079 -3.89657 -5.46857 -5.46121 -5.4873 -1.07646 -1.15553 0.1833 1.57588 -2.01052 -1.37812 -1.15893 -0.351215 -0.508121 -2.28249 -3.5844 -7.01373 -7.04093 -7.38718 -7.41328 -6.84706 -7.41167 -8.37169 -8.81339 -8.12915 -8.09373 -6.50683 -6.23379 -4.13911 -5.82119 -4.35909 -5.82421 -7.80729 -9.45186 -9.572 -10.6967 -8.9145 -6.45316 -5.29847 -6.13809 -6.517 -6.78126 -5.0426 -7.05139 -6.25458 -4.1464 -1.48945 0.626492 -0.636011 1.26615 -1.05268 1.50301 0.0636569 1.32657 -0.379363 -1.59147 -1.82541 -2.49888 -2.8377 -4.74569 -4.50385 -6.33447 -8.33343 -10.2905 -11.8207 -11.4455 -12.2291 -9.5079 -9.81856 -11.5189 -13.8465 -13.2501 -13.7539 -12.0341 -9.44925 -10.6539 -9.66183 -7.35246 -9.66931 -6.71678 -5.0304 -8.20393 -4.93591 -4.93591 -3.12544 -3.04413 -3.37903 -5.26617 -2.62846 -3.51678 -3.93917 -3.88786 -7.19632 -6.31591 -5.23405 -6.8811 -4.88602 -3.85358 -5.17333 -7.29128 -9.24697 -10.2832 -7.49583 -6.03555 -8.40766 -11.0882 -11.0359
 -0.862082 -1.37864 -0.772938 -2.19469 -5.40275 -4.88649 -2.32035 -1.89633 -3.50264 -3.77504 -3.72477 -5.23949 -2.73524 -4.29004 -4.53403 -5.06212 -4.69068 -3.57287 -2.05594 -1.22149 -5.3671 -3.79484 -4.4811 -1.70034 0.206344 0.460358 -0.268609 1.19294 -1.33701 -1.47951 -1.90745 -2.20784 -3.56485 -5.95429 -7.07175 -7.74522 -8.83823 -7.33606 -7.96518 -6.63783 -9.60779 -10.011 -10.0601 -8.95865 -7.49061 -5.78489 -3.90444 -4.42773 -5.91522 -6.33629 -8.9305 -9.15269 -10.7434 -9.77832 -7.51473 -6.44656 -4.68483 -5.08235 -4.93901 -4.88593 -4.548 -4.19352 -4.27828 -3.76909 -2.16113 0.378362 -1.82862 -0.233374 -1.32753 -3.43818 -1.88122 -1.137 -1.04961 -1.60378 -2.14403 -1.7154 -4.12291 -5.5981 -6.72836 -7.20945 -9.63548 -11.226 -11.7674 -10.9246 -11.2802 -10.078 -9.87802 -8.43777 -10.3973 -12.813 -12.813 -12.5286 -9.10226 -10.3242 -10.1789 -10.5618 -7.98576 -5.51631 -5.27878 -5.20044 -5.74837 -5.17805 -3.15053 -3.12953 -3.85368 -3.75495 -4.69761 -3.75581 -3.51611 -5.51347 -5.23861 -6.31591 -5.6278 -6.32339 -7.18314 -5.48579 -7.97908 -8.73121 -10.2711 -9.61807 -7.69001 -6.86357 -8.78713 -8.29583 -9.08041
 -2.79129 -3.36357 -3.8845 -2.54647 -5.00018 -5.08403 -4.39532 -2.48381 -4.00764 -5.26158 -4.22942 -5.69833 -4.32564 -4.40577 -4.54546 -4.0955 -5.21161 -3.57687 -2.50447 -5.08432 -5.87724 -4.3059 -2.34204 0.173826 -0.338588 -1.02325 0.248035 0.877495 0.101281 -0.0975576 -0.74424 -3.04159 -2.83407 -5.60693 -7.07175 -7.74522 -8.12444 -7.85858 -6.96416 -6.88707 -9.07676 -11.3262 -11.3262 -9.77629 -10.82 -7.46087 -7.67586 -5.68807 -7.35622 -7.99411 -9.00602 -10.2042 -8.64371 -7.08547 -6.01729 -5.89198 -3.83676 -5.23307 -6.84585 -4.93284 -5.45509 -6.53718 -4.29715 -2.52269 -2.81561 -1.74333 -1.319 -2.37086 -3.48387 -3.51157 -4.95446 -2.6744 -1.60875 -2.22981 -4.60254 -4.54815 -5.01515 -7.62277 -7.12929 -7.96208 -9.58255 -10.2286 -11.7359 -11.896 -11.7658 -11.0679 -8.73244 -8.43777 -10.0709 -8.98535 -10.6723 -9.33006 -11.4699 -11.1562 -9.15042 -9.33143 -6.33766 -2.84318 -4.41202 -5.29475 -5.80781 -5.91291 -4.80409 -4.80409 -5.20033 -6.73347 -5.83973 -6.16792 -3.41605 -6.5534 -5.70001 -4.83989 -5.705 -6.91618 -7.17125 -7.80289 -9.18229 -10.3593 -8.27572 -9.07751 -8.31931 -8.92892 -7.67715 -7.67715 -8.88421
