# name: MAT
# type: matrix
# rows: 66
# columns: 141
 -5.50513 -5.09978 -4.95811 -6.70179 -4.2542 -5.8314 -3.17983 -3.05242 -3.62478 -2.33079 -5.24662 -8.48856 -7.95833 -5.73941 -6.94302 -7.12968 -8.42765 -9.10031 -8.8679 -6.2097 -7.7852 -6.64378 -6.19487 -6.41696 -7.62554 -7.67338 -7.99194 -6.4893 -7.15856 -6.02202 -5.72194 -5.80036 -5.34541 -8.3012 -7.55138 -7.82135 -6.42531 -5.26951 -7.43699 -5.96349 -4.54974 -3.60321 -3.10503 -2.58989 -6.94253 -6.94253 -6.99948 -8.56318 -9.73073 -9.40599 -8.74222 -8.48692 -11.0393 -10.9786 -12.4739 -12.6768 -12.5353 -12.6114 -11.6583 -10.3577 -13.3792 -14.5463 -14.5892 -14.6186 -14.9003 -13.7307 -11.8887 -10.4209 -11.3376 -11.5051 -12.2495 -14.3195 -14.3819 -13.4564 -13.951 -13.9713 -13.8327 -13.8149 -14.3159 -10.602 -9.97052 -9.69628 -9.69628 -9.93676 -10.972 -12.6762 -11.1932 -9.64447 -9.0658 -9.63726 -9.63726 -10.4968 -10.4968 -9.24601 -10.3276 -9.18457 -8.95112 -9.87683 -10.6894 -10.7073 -11.1352 -10.4227 -10.7966 -8.43624 -7.99592 -9.00229 -8.44694 -6.59271 -7.11743 -7.11743 -8.41096 -8.3699 -9.62778 -7.80116 -6.514 -5.50826 -3.68233 -3.90867 -3.4812 -5.67117 -6.2726 -7.4847 -8.90514 -10.17 -11.7767 -11.7767 -11.4904 -11.6899 -10.4267 -9.05294 -8.64252 -7.95442 -7.18374 -7.61102 -9.80004 -8.8742 -10.1211 -8.9328 -8.9328 -8.97449 -7.09116
 -5.66785 -5.14137 -4.31918 -5.51078 -4.31797 -4.65577 -5.2415 -4.58486 -4.36008 -5.09405 -8.14824 -9.07607 -9.01733 -6.73663 -8.27543 -8.28357 -8.35735 -8.23534 -7.27041 -7.53132 -5.13291 -5.85841 -7.62592 -8.53851 -7.75628 -6.67484 -6.75033 -6.4893 -7.15856 -6.90691 -8.15486 -9.04199 -7.32009 -8.53119 -8.96268 -8.69431 -7.86501 -7.46632 -8.84482 -6.4354 -6.98501 -3.18787 -3.79262 -5.98336 -6.6066 -7.50899 -6.89143 -8.02752 -8.02752 -7.29625 -6.77153 -8.83991 -10.8458 -11.424 -11.0761 -11.2216 -9.3275 -9.88284 -10.8158 -11.1671 -12.2717 -13.1493 -12.7951 -12.9735 -12.9099 -11.8677 -11.364 -10.6002 -10.6888 -9.84945 -11.7021 -11.8282 -12.4919 -11.5664 -12.1593 -14.0766 -13.8149 -13.8149 -14.3159 -11.4009 -10.8456 -9.69628 -9.69628 -10.2437 -8.96469 -10.8269 -11.338 -9.58587 -9.0658 -9.11081 -10.7924 -9.19411 -9.19411 -9.31932 -10.3939 -8.74115 -8.95112 -8.88175 -12.0101 -11.5618 -11.1826 -9.90162 -10.1469 -8.55074 -9.1859 -9.55096 -8.38616 -7.14008 -7.6648 -7.6648 -6.20447 -8.3699 -8.86559 -8.76812 -7.91213 -6.94535 -6.50943 -5.9391 -4.97248 -6.77317 -6.92569 -7.86917 -9.8901 -10.2841 -10.2841 -10.0477 -10.8973 -12.669 -11.843 -12.9996 -10.0055 -9.32286 -9.48905 -8.53412 -10.1531 -10.3425 -9.88194 -10.247 -9.79809 -10.2677 -8.91622
 -6.25072 -5.14137 -4.11653 -4.73815 -4.66761 -4.20619 -5.75443 -5.27871 -5.33176 -6.00363 -7.78217 -9.33284 -8.58786 -6.73086 -8.31147 -8.54003 -10.193 -9.4306 -8.27692 -7.17001 -5.20655 -4.53488 -6.33922 -8.74723 -8.39847 -6.59068 -5.908 -6.24145 -7.18303 -7.92266 -8.81735 -8.72424 -8.49706 -10.6082 -9.98617 -9.66475 -9.72136 -8.53832 -9.52138 -6.07269 -5.97675 -6.44674 -5.30223 -5.13531 -7.27224 -7.95447 -7.95447 -8.40085 -7.72312 -7.8128 -7.5741 -7.5741 -8.83022 -8.91603 -9.06843 -7.63908 -7.37577 -8.71637 -9.28646 -9.28646 -12.113 -12.6251 -13.6595 -12.9972 -11.0715 -9.08216 -8.96089 -9.57727 -11.2663 -9.87329 -10.328 -10.7742 -11.148 -10.4229 -11.875 -14.0085 -13.4974 -12.8646 -11.6076 -9.51505 -11.1271 -11.6452 -10.6199 -9.5081 -9.5081 -10.7874 -10.8501 -9.08454 -9.63262 -9.40301 -9.72009 -9.72009 -9.27541 -8.88352 -8.7831 -8.93911 -8.49081 -10.0251 -9.69585 -11.6376 -10.2371 -8.4911 -7.66022 -8.84501 -10.1079 -8.51671 -6.88756 -7.35192 -6.63055 -6.16772 -7.86338 -7.6674 -9.09069 -8.19503 -8.72085 -7.77468 -6.79519 -6.4273 -5.72022 -5.59414 -8.30266 -7.77249 -8.87428 -9.8901 -10.2162 -9.91563 -10.875 -10.9604 -12.52 -12.1183 -11.3855 -11.2617 -10.6364 -12.8727 -11.3931 -10.1072 -10.5564 -11.6447 -11.1958 -10.8993 -10.5709
 -6.05807 -5.13561 -5.5913 -4.39257 -6.25888 -6.48334 -4.77976 -4.99988 -5.97689 -5.5273 -9.22898 -7.27336 -7.63942 -9.4061 -10.0172 -10.8003 -10.0636 -11.5712 -11.9393 -8.16804 -5.64997 -5.45879 -5.68906 -5.65094 -7.1998 -6.50899 -5.00513 -5.78223 -6.96699 -6.84149 -6.41223 -10.3645 -9.9326 -11.4184 -9.53784 -9.09263 -10.1444 -8.98173 -8.53832 -8.0829 -7.73347 -6.23586 -7.27429 -5.669 -9.11463 -8.62011 -9.23649 -9.30511 -7.33852 -7.97557 -6.83448 -6.83448 -6.9093 -5.94279 -7.51457 -5.51669 -6.03984 -8.44958 -9.16145 -9.16145 -11.621 -11.6847 -12.6564 -14.3499 -12.9833 -10.3975 -9.68878 -10.3542 -10.2913 -10.9107 -10.7601 -10.0103 -10.6467 -12.5651 -12.325 -12.8195 -13.6982 -12.2172 -10.5799 -8.67021 -9.34513 -9.86325 -9.95565 -8.84383 -9.5081 -10.272 -11.8948 -8.57898 -11.0251 -11.4961 -9.09985 -8.77994 -8.79617 -7.86452 -6.46809 -6.52583 -5.64988 -6.30761 -9.62416 -9.28091 -9.42382 -7.78761 -7.91855 -8.41896 -7.9765 -7.43007 -7.78056 -6.50247 -5.7657 -5.48666 -6.23517 -7.93797 -8.31162 -7.13961 -6.62799 -7.70131 -7.43839 -6.93836 -6.58551 -6.81512 -8.30266 -7.30228 -9.13435 -10.6872 -10.5763 -10.8359 -11.2843 -11.2843 -12.8755 -11.388 -13.1928 -11.2441 -12.499 -12.8993 -12.1661 -10.0536 -10.1897 -11.1589 -11.1651 -8.55806 -10.5568
 -5.95426 -6.03049 -5.36672 -5.98263 -5.27649 -4.46446 -3.94932 -5.26388 -6.42463 -5.40495 -6.95516 -7.25408 -7.67875 -8.57703 -10.6764 -10.04 -12.4531 -11.4611 -11.8813 -11.4164 -7.49328 -4.35758 -4.58098 -3.22721 -3.84843 -3.92609 -3.40211 -5.58521 -6.10187 -7.41161 -8.41789 -8.4062 -9.3362 -10.4238 -11.6679 -9.43343 -8.76246 -9.84518 -7.99234 -8.74511 -8.22123 -6.58576 -5.37707 -5.60497 -8.17707 -8.27854 -7.32303 -6.65164 -5.54893 -6.01328 -6.81272 -6.81272 -6.34764 -5.46542 -7.69667 -6.37714 -6.37714 -7.38301 -9.20805 -9.20805 -11.2434 -11.6847 -13.3004 -14.3499 -13.7396 -11.1465 -11.1682 -9.95141 -11.1353 -9.26409 -11.8982 -10.7914 -13.1072 -13.7032 -14.1825 -13.9369 -13.4654 -13.6004 -11.4319 -10.2087 -9.54264 -9.86325 -8.84383 -9.3317 -9.99596 -10.2596 -11.859 -10.0918 -10.5722 -11.4431 -10.8816 -9.77254 -8.83957 -7.02538 -6.41973 -5.97119 -7.03481 -6.34376 -5.47698 -4.93145 -6.60662 -7.67045 -7.80139 -8.89821 -8.17686 -7.77774 -6.5228 -5.70544 -5.10218 -3.25567 -7.00707 -7.81073 -8.28998 -6.92731 -7.05593 -5.81238 -5.53504 -6.36576 -6.26011 -7.92761 -8.30266 -8.71904 -8.71539 -9.69665 -8.50713 -9.75738 -9.25606 -9.70438 -11.3702 -13.2198 -12.3559 -10.7667 -10.6211 -11.1153 -10.5061 -8.70204 -8.84007 -10.0907 -11.1517 -9.14254 -10.0472
 -6.38921 -6.1874 -4.50143 -3.64571 -5.07772 -6.79425 -4.58183 -4.596 -5.915 -6.50917 -5.48755 -7.07025 -8.00619 -10.4038 -10.851 -11.2329 -10.2169 -10.2192 -11.7695 -9.96931 -8.52579 -4.27331 -3.79347 -2.3394 -3.46445 -2.44021 -4.14354 -5.77171 -5.24842 -5.98242 -7.48592 -6.99653 -8.77327 -9.93592 -12.7434 -10.6828 -10.1791 -8.78403 -8.7962 -9.10077 -7.27656 -6.75269 -5.93765 -8.05219 -7.55059 -7.84563 -8.17401 -6.79083 -6.07541 -7.22003 -6.85499 -7.75404 -7.08237 -6.65288 -6.27745 -6.30069 -6.8882 -7.45394 -8.12561 -8.61472 -10.1235 -11.2083 -12.3836 -14.3888 -13.068 -11.734 -11.2083 -11.9581 -11.1353 -10.6202 -9.9525 -11.6122 -11.6625 -14.1226 -14.6171 -14.9257 -13.2664 -12.9979 -11.4835 -8.89119 -11.4103 -11.1126 -10.0198 -9.3317 -10.4603 -11.235 -10.8731 -11.283 -11.8767 -11.4607 -10.8446 -10.4012 -9.13363 -7.41252 -6.6593 -5.97119 -6.31945 -6.79075 -6.45197 -4.16758 -5.74318 -7.07991 -7.07991 -8.72357 -7.51146 -5.84289 -5.39798 -5.53132 -6.72783 -5.67549 -7.61644 -8.38799 -6.70217 -7.37564 -8.82993 -7.4129 -5.39776 -6.91512 -6.68937 -7.35501 -8.31349 -7.86458 -9.22645 -8.85976 -8.19412 -7.6928 -8.15716 -9.05439 -8.85953 -10.0449 -11.3915 -9.8836 -8.87211 -9.37522 -11.1613 -7.86731 -7.81666 -8.41191 -11.0283 -11.0283 -10.2923
