# name: MAT
# type: matrix
# rows: 56
# columns: 113
 -5.74555 -6.98041 -9.99562 -12.2988 -12.4164 -12.4326 -13.2175 -13.0415 -12.0782 -8.06696 -8.5462 -7.96819 -7.10007 -6.61638 -6.03182 -6.10721 -6.58415 -8.48173 -8.31656 -10.3531 -10.9788 -7.47866 -7.2952 -7.78431 -8.62238 -9.05582 -6.26328 -5.38202 -4.1964 -4.20935 -2.17185 -0.784474 -2.51923 -5.46657 -5.46657 -3.79561 -4.53239 -4.2114 -3.55092 -4.39101 -5.59536 -5.86472 -6.34441 -6.03676 -6.05694 -5.79986 -7.16157 -7.17275 -6.99383 -5.20991 -3.99787 -3.90016 -2.38296 -3.31534 -0.716694 -1.18053 -1.16671 -1.82439 -1.79368 -1.93089 -3.63086 -5.0766 -5.59515 -5.9526 -5.52545 -6.70164 -7.37496 -7.8719 -8.20799 -7.70733 -6.07823 -4.74278 -4.25232 -5.52249 -6.15036 -6.60152 -8.02917 -8.02917 -7.98911 -9.20121 -9.37398 -8.44842 -7.74121 -7.74121 -8.38477 -6.22452 -5.55285 -5.20529 -4.92751 -4.34177 -2.57284 -3.02023 -3.54783 -5.92718 -5.72016 -6.14942 -5.08642 -5.97198 -4.77853 -5.95567 -6.40476 -7.41956 -6.84125 -6.87437 -6.44511 -6.01748 -7.12173 -8.42103 -8.34564 -8.84161 -8.32647 -7.68942 -8.11735
 -6.72504 -7.81279 -8.62881 -10.1246 -12.7741 -12.7741 -13.9095 -12.553 -10.9248 -11.2771 -10.6798 -10.373 -9.42315 -8.19468 -6.12727 -6.75461 -7.72344 -7.84682 -8.36348 -9.89804 -8.55152 -8.52068 -8.16049 -7.48862 -7.41763 -8.08149 -7.50337 -6.6734 -6.24546 -5.63146 -4.25709 -1.57767 -2.06965 -2.91155 -3.99129 -3.7032 -4.36698 -4.02653 -3.38778 -2.97297 -5.02583 -5.50552 -6.72487 -6.08127 -6.35518 -6.22293 -7.09428 -7.09428 -6.95782 -6.67323 -5.11294 -3.90016 -4.58041 -4.24727 -0.718302 -1.59581 -1.99325 -2.66672 -3.30377 -3.81333 -4.4388 -5.33428 -6.54639 -6.855 -6.87126 -7.95241 -8.07043 -7.4291 -7.94577 -6.45553 -4.32142 -4.88161 -6.08829 -6.21869 -6.41007 -7.09729 -7.52036 -5.75501 -6.15 -9.17839 -9.20594 -7.97211 -7.33505 -7.26172 -7.89025 -6.76324 -5.63456 -5.20529 -3.80967 -3.35399 -1.65853 -2.15511 -4.07255 -5.68064 -5.16822 -5.08642 -5.53475 -5.018 -4.77853 -4.88707 -5.46065 -7.35056 -7.46188 -7.02694 -7.03426 -7.09286 -7.52866 -8.47334 -9.89168 -9.44173 -8.92659 -7.61786 -8.0458
 -7.14069 -8.78037 -7.74125 -11.027 -13.1654 -13.3572 -14.7348 -14.1289 -13.9104 -12.8508 -11.7506 -12.1388 -10.3255 -11.3214 -9.75891 -10.8253 -9.51705 -7.70077 -8.71195 -10.881 -8.83281 -7.17053 -6.3381 -7.80977 -7.24238 -8.51953 -8.51953 -8.64894 -8.87034 -6.71731 -5.42216 -0.804903 -0.817222 -1.87649 -4.22012 -3.26016 -0.746857 -0.228675 -3.46199 -4.31708 -6.60693 -7.41245 -6.45486 -6.93409 -6.68282 -5.72197 -7.90989 -7.90989 -7.18592 -7.35023 -8.28506 -6.77265 -6.15627 -6.63958 -2.98547 -1.85081 -1.16344 -1.81084 -4.70502 -4.26719 -5.31645 -5.74757 -6.30511 -6.11669 -7.29507 -8.38822 -6.74696 -7.25031 -7.25591 -7.86861 -5.37461 -4.6673 -6.57217 -6.14291 -6.99764 -6.48098 -7.01494 -6.30497 -6.1564 -8.74196 -9.8858 -8.42169 -7.36323 -6.22622 -6.19688 -7.51356 -6.31791 -6.00541 -5.00606 -3.53091 -3.1528 -3.04927 -6.58303 -7.12573 -5.49971 -5.55098 -5.09691 -5.03741 -4.93709 -4.84708 -4.78787 -6.46998 -6.98664 -7.38851 -8.06198 -8.55638 -8.12429 -9.42732 -8.97737 -9.44173 -7.2364 -6.16591 -8.0933
 -7.76295 -8.78037 -8.11012 -10.9921 -13.0675 -13.2824 -12.635 -13.7967 -13.7348 -13.6073 -11.6101 -10.5983 -11.987 -11.7809 -10.3849 -9.49685 -8.97025 -9.58577 -10.655 -9.50158 -8.94997 -5.98661 -5.16432 -7.47855 -8.342 -8.59252 -8.59252 -9.5665 -7.09285 -5.77999 -6.82733 -3.64315 -3.85343 -4.09924 -3.54963 -2.59969 -0.647026 -1.43954 -5.41992 -7.73904 -7.7685 -6.25589 -5.9013 -8.27732 -7.02709 -8.91087 -9.8563 -10.5036 -9.60252 -9.22654 -8.19508 -7.98858 -6.35731 -4.23051 -3.66041 -1.07062 -0.870917 -1.31433 -3.42569 -4.2099 -6.37208 -7.3592 -5.86547 -7.00244 -7.02269 -8.80208 -8.82948 -7.77429 -8.9019 -7.6898 -5.87151 -6.00281 -6.94881 -6.48047 -7.46895 -6.25357 -6.86497 -6.9197 -10.3684 -11.4638 -10.9487 -8.18327 -7.80469 -7.31016 -6.75708 -6.02704 -6.02262 -6.91067 -7.44853 -7.96368 -5.60484 -8.26557 -6.87188 -6.15146 -5.62008 -6.03936 -6.03936 -5.34423 -4.80436 -5.49975 -4.99508 -5.82186 -7.98434 -9.05236 -9.88804 -9.45595 -9.45595 -11.2687 -9.63603 -8.56673 -8.01139 -7.99077 -9.31337
 -6.69477 -7.24661 -7.72589 -11.1969 -14.2633 -13.7394 -13.3321 -13.293 -12.4082 -11.5221 -10.922 -11.2704 -11.5742 -10.4757 -10.9851 -11.3589 -9.8236 -8.65339 -9.55489 -9.1538 -8.20562 -5.92889 -6.29951 -6.36413 -6.8415 -7.75629 -8.96325 -8.16673 -6.60531 -6.15522 -5.60486 -3.42345 -3.24375 -5.2243 -2.02329 -2.91088 -2.88358 -5.19534 -7.83379 -8.40331 -8.36539 -8.96808 -5.84122 -7.73101 -6.52904 -9.72335 -9.74718 -10.3118 -10.1038 -8.77113 -8.73005 -10.0214 -7.00584 -5.88649 -4.00844 -1.34685 -1.45363 -2.29042 -3.42569 -5.32034 -5.8314 -6.19446 -5.57809 -7.13707 -7.47264 -9.42171 -9.9204 -9.73043 -8.43642 -6.7206 -5.95765 -6.7526 -7.93082 -8.90581 -7.31831 -7.18138 -8.24735 -7.7681 -10.6886 -11.8842 -11.9091 -10.3174 -8.90452 -7.35949 -7.16027 -7.42982 -6.95676 -6.93649 -7.95187 -7.39993 -9.55018 -8.69483 -9.63826 -7.09586 -5.62008 -6.0684 -6.0684 -6.28964 -6.40649 -6.90682 -6.39339 -8.94613 -10.3028 -10.5265 -10.505 -10.4752 -11.2687 -11.2687 -11.0916 -10.0707 -8.95026 -9.37332 -9.30777
 -6.17005 -6.72189 -7.87108 -9.0898 -12.7608 -13.1845 -12.7446 -12.9939 -12.3831 -12.0386 -11.4385 -11.8706 -11.0935 -10.3567 -11.96 -12.3126 -9.37554 -8.77913 -7.17545 -6.05053 -6.47354 -8.08843 -5.46854 -4.80665 -7.35211 -9.03048 -8.40872 -7.69034 -8.19047 -5.58513 -4.7242 -3.89732 -4.20833 -2.74198 -3.03501 -3.53159 -3.51734 -5.19534 -6.90726 -9.73131 -8.06338 -9.64601 -7.79769 -7.21445 -7.34465 -10.6983 -10.3194 -10.4002 -8.78083 -8.62982 -8.66042 -7.92411 -6.88134 -5.38617 -4.00844 -3.14499 -1.33412 -3.2962 -4.31179 -6.64402 -6.84497 -5.68515 -5.66518 -7.65363 -8.12755 -9.45075 -8.95417 -9.69055 -9.45435 -6.91235 -5.04945 -6.7994 -8.05284 -7.46533 -6.66648 -7.90572 -8.82078 -9.92052 -11.6412 -10.9677 -10.6635 -8.36843 -8.865 -7.12386 -7.16027 -6.78036 -7.46607 -7.46607 -7.43673 -6.59403 -9.57178 -9.21997 -9.22578 -6.0935 -6.54182 -6.51799 -7.02761 -6.82336 -7.38051 -7.32663 -7.85651 -10.5129 -10.7744 -10.4772 -11.738 -11.5264 -10.6226 -11.7632 -11.2978 -10.5325 -9.97714 -10.4415 -10.8911
 -7.2251 -7.74166 -7.28357 -8.08183 -10.3805 -11.4384 -12.4128 -12.8316 -12.8316 -11.5751 -11.0232 -12.0512 -10.3611 -10.7315 -12.9708 -12.7742 -9.11042 -7.90729 -6.89753 -6.89261 -6.59506 -8.3932 -7.63429 -6.95426 -7.32011 -8.50033 -8.54447 -8.9302 -6.82596 -5.16206 -4.48861 -3.22058 -3.48565 -3.53691 -3.01313 -3.50971 -3.58212 -2.70401 -5.22515 -8.02751 -7.70137 -9.49921 -10.5671 -9.3868 -10.9401 -10.1838 -11.5384 -12.125 -11.2333 -9.37382 -8.461 -7.99664 -4.99704 -5.02139 -3.7764 -4.21313 -2.99193 -3.74314 -5.3538 -5.36023 -7.75137 -6.83613 -7.0832 -8.228 -7.62788 -8.40511 -9.68638 -9.19132 -10.1406 -7.67875 -6.9413 -5.53322 -7.79181 -7.073 -6.79799 -6.6365 -9.46061 -9.59268 -8.9758 -9.55695 -8.28203 -7.77294 -8.22244 -8.7183 -7.80136 -8.34877 -9.91653 -9.91653 -9.17877 -9.02353 -8.58898 -9.64304 -9.85498 -7.065 -7.58246 -7.05495 -8.06674 -7.82139 -7.61178 -8.19929 -9.28114 -10.4568 -11.0042 -13.409 -13.7408 -11.3728 -11.9168 -12.274 -11.2919 -11.4343 -11.5161 -11.5161 -12.43
