# name: MAT
# type: matrix
# rows: 60
# columns: 130
 -10.1458 -10.6456 -9.59229 -8.50633 -8.08035 -7.6047 -8.2427 -7.88193 -8.37104 -8.31634 -8.37664 -7.68477 -7.68477 -7.36849 -6.99837 -9.06905 -10.0235 -10.5966 -11.0939 -11.0939 -12.0219 -10.3034 -10.2787 -10.0887 -9.21209 -10.3744 -8.97887 -8.91902 -8.11313 -8.51363 -8.59009 -7.20592 -6.22979 -7.35388 -7.39807 -6.91315 -7.98 -8.81993 -7.70811 -8.99575 -6.76625 -5.60265 -3.56269 -3.94854 -5.17416 -5.90154 -6.9003 -7.1915 -5.25363 -6.55359 -7.06322 -8.58135 -9.09741 -10.2967 -9.13565 -10.0187 -9.84404 -10.8936 -11.8404 -11.244 -8.77062 -9.26395 -11.5814 -9.08625 -7.68781 -7.3132 -7.44657 -4.93452 -6.88288 -6.94023 -7.44238 -7.97249 -8.37815 -11.5457 -11.5457 -10.3581 -11.4244 -10.8373 -12.8434 -10.8192 -10.7974 -9.9199 -9.65167 -9.65167 -9.1575 -8.65694 -7.71886 -6.25345 -5.85453 -7.46151 -7.35206 -8.40235 -8.50683 -7.82813 -6.50527 -6.74191 -6.06162 -6.8671 -7.92667 -8.22618 -6.91285 -7.51296 -9.42406 -8.96442 -9.10033 -9.46574 -8.93949 -8.01082 -7.62195 -9.01709 -11.9175 -11.5029 -12.3482 -12.223 -11.7151 -11.7151 -10.1217 -11.7029 -11.7029 -12.72 -14.3659 -16.3836 -15.9605 -15.7312 -13.3297 -13.3297 -13.427 -12.1054 -12.4099 -13.0469
 -10.3896 -9.14951 -8.51246 -8.08648 -7.63757 -9.01093 -8.14832 -7.72039 -8.08023 -9.10792 -8.46184 -7.95627 -6.20627 -4.76974 -5.357 -7.35988 -7.8033 -8.45081 -8.2253 -8.62547 -9.43733 -11.3533 -9.90979 -7.85139 -9.0978 -7.36698 -7.41038 -6.77333 -4.56162 -4.80455 -5.21841 -6.96491 -6.16543 -5.49979 -7.6312 -8.5336 -6.88879 -8.64488 -8.19655 -8.03009 -6.7902 -6.09805 -3.12228 -3.38512 -4.05128 -5.84743 -7.54408 -8.23641 -6.78851 -7.49381 -6.56565 -7.1103 -8.11456 -8.02082 -9.21004 -9.37954 -8.75125 -11.1387 -10.6718 -8.51851 -9.18676 -9.08632 -9.13309 -8.89247 -8.86288 -10.3377 -8.67963 -5.36689 -6.63209 -9.15421 -8.60076 -8.69348 -8.03769 -13.2407 -13.2407 -11.5565 -12.1076 -12.0356 -12.4646 -12.0175 -12.5054 -9.96376 -10.5968 -11.1969 -10.6623 -9.5796 -8.46179 -7.39482 -6.71548 -7.47189 -9.76883 -9.10499 -8.34886 -8.00348 -6.50192 -5.43375 -5.8055 -7.43719 -8.36451 -8.85017 -7.60595 -7.08502 -8.99612 -8.53648 -8.62931 -9.76929 -9.0378 -7.89225 -8.04305 -9.06657 -11.2953 -12.5189 -12.7283 -11.7785 -12.2173 -11.7151 -9.61062 -11.1475 -12.3399 -12.72 -15.283 -16.3836 -16.3836 -15.3225 -14.1589 -12.6926 -13.8059 -11.9794 -11.0784 -12.1537
 -9.20679 -8.48175 -7.53104 -8.08648 -7.63757 -7.66715 -6.77628 -6.33225 -6.78184 -7.28555 -7.51584 -6.64225 -4.86191 -3.92898 -4.49907 -6.05409 -5.49239 -5.17262 -5.68368 -6.20146 -5.98 -7.24915 -7.28811 -7.28811 -7.11588 -7.60694 -6.37471 -5.81927 -6.58325 -6.54122 -4.65867 -5.44641 -5.42875 -6.37655 -5.65928 -6.28824 -7.89811 -8.19655 -7.20252 -7.55272 -6.31095 -5.10478 -4.64042 -3.92084 -5.06437 -4.36021 -6.5094 -6.37681 -7.48683 -7.43762 -6.93402 -7.53337 -7.90057 -8.82707 -8.72684 -9.32269 -10.1276 -10.2487 -9.02168 -8.33867 -7.79472 -7.30402 -7.59861 -8.94872 -9.35161 -9.99722 -8.13815 -8.18028 -6.72461 -8.96979 -7.30778 -9.21677 -8.78751 -10.7491 -13.2407 -13.5424 -13.0338 -13.3838 -13.2542 -13.2949 -13.1913 -10.9233 -10.6378 -11.1963 -11.36 -9.79577 -8.87503 -9.63374 -8.53147 -8.33556 -9.68326 -10.6115 -8.90892 -7.94837 -6.82829 -5.86962 -6.20382 -7.89176 -8.39856 -8.94438 -9.81767 -10.5841 -11.1051 -10.7362 -9.94475 -11.0847 -9.45891 -8.98707 -9.02607 -8.94081 -9.13334 -10.7803 -12.7578 -12.7864 -12.3553 -11.4218 -10.6731 -11.8337 -13.3893 -14.7017 -16.3476 -17.3546 -16.1087 -16.1878 -14.1589 -13.6676 -12.4843 -11.5998 -11.6592 -10.9875
 -7.82162 -6.87091 -6.78292 -7.12598 -7.8985 -7.4664 -5.51999 -6.38511 -7.83292 -7.83292 -5.1372 -6.26267 -4.82429 -3.95237 -4.52246 -2.77226 -3.38863 -4.7471 -5.70707 -5.13698 -5.73717 -6.0858 -7.91544 -7.91555 -6.67835 -7.53313 -6.61619 -7.25909 -6.98211 -7.26698 -6.3857 -5.623 -6.74782 -5.98395 -9.15808 -7.7366 -6.07407 -6.09314 -6.20798 -6.20835 -4.8904 -4.15363 -4.59092 -4.00642 -3.23057 -5.1242 -5.61416 -5.89757 -6.73139 -8.28406 -6.05921 -7.12337 -8.79421 -9.53971 -7.9811 -7.53151 -9.78346 -8.95199 -8.47989 -8.33867 -7.27192 -8.37843 -6.96156 -8.45961 -9.7026 -10.455 -8.53359 -8.17313 -8.69711 -8.81521 -7.82487 -7.82487 -8.78751 -9.88567 -13.4495 -12.3482 -11.7056 -11.3984 -12.5299 -11.6829 -12.2474 -10.6246 -10.6013 -11.719 -11.9743 -12.0452 -9.54147 -9.03932 -10.3792 -10.3713 -10.9213 -11.5635 -9.80585 -9.05603 -7.83223 -7.07658 -7.19082 -7.99592 -7.989 -9.19023 -10.5166 -12.5482 -12.1565 -12.8132 -11.3316 -11.4125 -10.8281 -11.1683 -9.41819 -11.4552 -11.3882 -14.7691 -12.8035 -12.7922 -12.9106 -11.5477 -10.8289 -10.9703 -13.8595 -15.6632 -17.1794 -17.1786 -16.0995 -15.4473 -15.0242 -14.5329 -12.9384 -11.5998 -10.9875 -10.9875
 -7.23559 -6.28489 -6.28489 -6.91097 -7.4664 -6.9628 -5.51999 -5.25983 -5.85258 -6.25737 -4.18518 -3.5688 -4.04263 -3.45122 -3.96494 -3.21567 -3.21567 -4.28096 -3.27566 -4.19832 -5.21319 -6.20816 -6.91222 -6.91824 -5.48249 -7.32356 -6.33887 -6.99367 -9.03051 -7.53839 -6.45447 -5.25393 -5.28802 -7.91622 -7.77315 -8.22742 -5.93481 -5.68512 -5.97882 -8.18132 -5.67385 -5.73337 -4.99659 -5.04586 -4.78287 -4.53669 -5.62644 -6.35547 -4.67733 -4.47684 -5.00592 -6.14111 -7.83897 -8.57045 -8.5306 -8.95373 -7.24506 -7.62496 -6.06055 -6.59519 -7.15057 -8.71776 -9.03396 -9.17356 -10.3959 -9.65562 -7.39797 -8.5069 -8.85535 -8.92535 -7.05413 -7.90649 -9.82026 -9.606 -10.3837 -11.4538 -11.1975 -11.4833 -11.6349 -10.6212 -11.7621 -11.7748 -11.1199 -11.7937 -12.1485 -12.2967 -9.17015 -8.16646 -9.53884 -10.1153 -11.0497 -12.1245 -10.3155 -8.99964 -9.82389 -7.33335 -8.62006 -8.63298 -9.49135 -8.62011 -9.56829 -9.00648 -10.6221 -12.2168 -12.7076 -11.3041 -11.184 -10.2278 -9.87844 -10.375 -11.7518 -14.1737 -12.4389 -11.0527 -10.7388 -10.9966 -11.4287 -12.541 -14.2857 -16.0256 -16.9572 -16.6755 -16.6696 -15.4381 -15.0274 -15.5095 -14.5354 -12.5252 -13.0125 -12.3244
 -6.8898 -7.56147 -5.93422 -5.29794 -5.78924 -5.40607 -5.40607 -4.48028 -5.09987 -3.62168 -5.16127 -5.16127 -5.37438 -3.47647 -2.95991 -1.74781 -2.21064 -2.65955 -3.28327 -3.26885 -4.48227 -5.36705 -4.85039 -6.12279 -7.29981 -8.37383 -6.41838 -8.1528 -8.06935 -7.49166 -6.28657 -6.0203 -7.7391 -6.97355 -7.43308 -9.04303 -6.96367 -5.4869 -5.87996 -6.42978 -7.18923 -5.46046 -4.62677 -5.10774 -5.92371 -5.20015 -4.62777 -5.76492 -4.10748 -4.40449 -5.05057 -6.57576 -7.10324 -8.7764 -7.74374 -8.54436 -7.68091 -6.03467 -5.34386 -7.1586 -6.70715 -8.28566 -8.85157 -10.3104 -10.6652 -9.0152 -7.84688 -8.52086 -8.04349 -8.10355 -8.20202 -8.95196 -10.8577 -8.99115 -9.39507 -10.1732 -11.1864 -10.7787 -11.6449 -10.1247 -10.1116 -11.0195 -10.9914 -12.5927 -12.8419 -11.8283 -9.59964 -9.2622 -9.53884 -10.1135 -11.63 -10.943 -10.124 -9.66638 -10.4952 -10.1719 -9.0354 -10.1084 -7.7603 -5.95702 -7.46632 -7.80884 -9.9186 -10.293 -11.4475 -9.80854 -9.66846 -9.23636 -11.2244 -12.2538 -13.4257 -14.4647 -12.4182 -11.918 -10.4726 -10.465 -10.7787 -14.0807 -15.3819 -16.07 -15.3343 -16.532 -16.602 -16.1107 -15.5406 -15.6662 -14.5354 -12.5252 -12.303 -12.2965
