# name: MAT
# type: matrix
# rows: 59
# columns: 129
 -13.5399 -13.1092 -13.4798 -12.2594 -11.4728 -12.7274 -12.2642 -12.125 -11.1668 -10.5877 -9.88976 -8.76562 -7.76825 -8.16573 -8.16573 -8.56003 -7.28482 -7.28482 -8.21779 -10.5812 -7.78434 -8.07602 -7.14974 -6.56056 -6.85718 -6.33264 -5.28253 -4.48807 -2.97167 -3.7228 -4.70691 -4.35142 -6.19394 -6.19394 -7.73334 -6.01501 -6.4167 -7.4048 -7.52234 -8.05043 -6.80343 -5.64703 -8.48778 -8.93737 -6.83356 -7.86326 -7.35228 -8.17836 -8.34505 -9.27906 -8.51519 -9.52429 -8.72914 -9.81244 -8.83344 -8.58503 -6.82397 -5.49383 -6.46242 -8.09975 -8.29751 -9.49632 -10.5488 -9.87679 -8.90969 -8.82686 -9.98379 -9.24336 -8.70932 -10.3519 -11.1017 -12.5525 -14.1737 -13.3225 -14.2598 -13.674 -14.1925 -13.6328 -13.7908 -15.0437 -12.7375 -13.3164 -15.3763 -14.9267 -13.3728 -12.9557 -12.1416 -13.6355 -13.0895 -11.542 -10.3556 -11.2153 -10.2279 -9.78946 -8.62571 -8.92387 -7.70857 -7.12068 -7.69268 -8.59508 -10.1856 -8.91956 -8.27348 -8.76961 -9.31108 -8.45325 -8.03019 -8.37801 -8.36211 -8.95747 -8.24813 -9.04797 -9.49688 -9.3898 -11.5166 -11.2715 -10.9205 -10.1168 -9.33285 -9.95052 -10.8312 -10.8312 -9.80282 -9.97997 -9.39995 -9.76052 -10.9215 -11.4306 -11.7631
 -13.1826 -13.8692 -13.2831 -13.3961 -11.6817 -12.1491 -13.262 -12.125 -12.4884 -10.8827 -10.6444 -9.33623 -10.3294 -8.96917 -9.44842 -9.44842 -7.3746 -8.2388 -9.29795 -10.0668 -9.84213 -8.01156 -7.08528 -7.08528 -6.60603 -4.51974 -3.01652 -3.14142 -2.69425 -3.74989 -3.31495 -4.76774 -4.75504 -5.53066 -6.75703 -6.69075 -6.63446 -6.43603 -7.12414 -7.25365 -5.59275 -5.45402 -7.87152 -7.18962 -7.01845 -6.78308 -8.2023 -6.91976 -8.36604 -8.69155 -8.51757 -8.36749 -8.62689 -10.2328 -8.83713 -6.70322 -6.96202 -5.09707 -4.95997 -5.96288 -8.0074 -9.28251 -8.74706 -8.67192 -8.3858 -8.03724 -9.6328 -8.24206 -11.1065 -11.6864 -13.0732 -12.7329 -14.4164 -12.3997 -12.472 -13.3159 -12.6437 -11.9115 -11.7719 -12.7226 -13.6713 -13.8483 -13.9096 -13.1529 -12.3863 -13.6872 -13.3827 -12.7665 -11.2342 -11.7671 -11.3883 -11.9165 -10.929 -10.349 -9.01081 -8.44628 -7.62548 -8.46091 -8.97054 -8.16763 -8.88448 -9.01559 -9.73696 -9.5011 -9.5011 -10.0871 -10.0871 -9.06707 -9.33698 -9.32207 -9.14937 -9.08211 -9.65113 -9.7267 -12.1709 -11.4594 -10.2537 -10.2505 -11.2881 -10.1875 -10.8312 -9.87795 -9.80282 -9.3083 -10.5458 -10.45 -10.4954 -12.0561 -11.2933
 -10.8997 -13.3918 -13.014 -11.231 -13.1541 -12.6504 -13.9673 -13.3731 -11.4778 -10.6872 -10.1361 -10.5926 -10.5926 -10.0381 -9.67438 -9.2885 -9.06249 -8.27383 -9.65551 -9.63349 -10.4969 -8.3587 -6.64436 -5.30765 -5.81816 -4.73307 -2.76295 -1.44205 -3.41361 -3.10249 -3.18125 -4.19999 -4.70951 -7.22965 -6.6485 -7.05064 -4.86795 -5.77945 -4.65879 -3.87725 -5.66816 -5.6204 -8.60561 -8.04936 -7.8493 -8.57046 -10.4671 -7.46422 -10.9228 -10.153 -10.8167 -9.22045 -7.30245 -8.61534 -6.62511 -5.60117 -5.73293 -5.78646 -5.63601 -5.43942 -6.27842 -8.19286 -9.90285 -8.3858 -9.1268 -8.44689 -9.88183 -11.0143 -11.1368 -13.5973 -14.3471 -12.5008 -13.1642 -11.9678 -10.416 -11.355 -9.57585 -12.0247 -10.7383 -12.2621 -11.3976 -13.1295 -13.4507 -11.0742 -12.4678 -12.0992 -11.396 -12.6519 -11.0494 -11.5642 -10.9938 -10.9658 -9.86803 -10.929 -9.39227 -8.94585 -8.66039 -9.21608 -9.05839 -7.04577 -8.25548 -9.20032 -10.325 -10.325 -9.65333 -10.1807 -9.19372 -9.70413 -11.4761 -9.76117 -9.76117 -7.66776 -8.7539 -9.70592 -10.244 -10.89 -9.35127 -10.2443 -10.8318 -11.5284 -11.3184 -11.8347 -11.31 -9.83782 -9.47952 -10.3901 -10.7755 -10.7755 -10.629
 -9.38859 -9.5361 -12.6009 -11.7145 -14.2589 -14.8979 -13.2339 -12.0771 -9.81778 -8.59905 -9.26146 -10.1224 -9.69025 -10.7099 -9.58689 -8.09851 -10.0804 -10.0288 -10.0876 -9.58822 -9.15612 -7.00074 -5.1426 -3.75157 -4.42841 -3.43207 -1.86593 -2.27681 -3.37857 -4.34092 -4.02514 -4.19686 -6.32306 -6.74483 -6.66865 -6.69912 -7.39348 -5.33354 -4.95391 -5.82597 -6.70112 -7.23782 -7.5325 -8.90545 -9.38613 -9.94921 -8.71705 -9.35906 -11.8565 -10.3065 -11.1811 -9.21018 -8.4787 -9.58863 -8.2789 -4.6089 -4.16307 -5.35852 -4.91187 -6.87149 -8.21266 -8.69278 -8.89323 -9.25437 -8.72311 -8.80982 -10.1321 -11.0307 -11.2703 -12.6405 -13.1542 -12.1453 -11.8336 -10.94 -10.416 -8.86733 -9.26457 -8.85367 -9.24295 -10.423 -12.5758 -11.8537 -12.5046 -11.1441 -12.4026 -11.7516 -10.058 -11.4222 -11.2917 -10.2677 -9.58356 -8.58086 -10.8926 -9.84374 -10.807 -9.76146 -8.16658 -8.78677 -9.10182 -6.59469 -6.06058 -6.63582 -8.26315 -8.32517 -8.33637 -8.02878 -8.29417 -9.5336 -11.6831 -12.0472 -11.3606 -9.9106 -9.93042 -9.19619 -10.7385 -10.3092 -9.85058 -9.04786 -10.2649 -10.9434 -10.9427 -11.3922 -10.9044 -11.5093 -10.4794 -11.7617 -11.7617 -11.6864 -10.4646
 -9.18079 -9.4202 -10.9945 -10.9707 -13.1995 -13.1924 -12.7637 -12.0771 -10.7776 -8.59905 -9.77077 -9.22005 -9.22005 -8.6845 -8.6845 -9.11659 -10.1713 -10.7023 -10.7415 -9.17995 -8.7206 -6.73389 -4.34233 -3.55465 -3.97771 -3.56726 -2.81756 -4.74694 -4.26957 -1.41023 -1.404 -2.95526 -4.09737 -5.95411 -6.10139 -6.57876 -7.64856 -7.05421 -5.65054 -7.79966 -7.07856 -6.81085 -7.33472 -8.45598 -8.03717 -10.1467 -8.74695 -7.53923 -9.26565 -10.0278 -9.02631 -9.09406 -9.2277 -8.6284 -7.46809 -5.95179 -4.48916 -5.22508 -5.42795 -6.44355 -8.81329 -10.1653 -8.11231 -9.28337 -7.79616 -9.29757 -11.1674 -9.84425 -9.71254 -11.9487 -12.1436 -12.1232 -10.801 -9.92353 -11.1308 -9.08312 -9.10476 -9.74556 -10.0044 -10.5591 -11.9768 -10.4936 -12.8485 -12.0591 -11.8773 -11.5113 -11.0552 -11.4222 -9.14996 -11.035 -9.49483 -10.2514 -11.3549 -10.7996 -10.9416 -10.0862 -8.0109 -8.5768 -7.30167 -6.55407 -5.26322 -6.2792 -7.91551 -7.91551 -8.54269 -9.47004 -9.83463 -10.0593 -11.4054 -11.855 -11.275 -10.7528 -11.6494 -9.85 -10.7472 -11.4119 -11.7456 -11.2581 -10.8203 -10.9434 -10.3733 -10.3726 -10.9393 -11.5093 -10.8966 -10.8966 -10.8966 -10.759 -11.3064
 -8.53288 -9.22098 -10.2786 -11.4088 -12.2629 -12.2155 -11.6737 -10.4819 -11.0807 -10.7862 -9.98641 -9.91494 -9.48115 -8.44088 -9.7278 -10.1599 -10.6095 -11.2399 -10.7238 -10.2448 -7.68265 -6.95116 -6.12291 -6.81862 -7.96219 -7.51301 -5.94363 -6.64858 -5.58107 -3.89013 -3.09945 -2.4726 -5.73808 -7.11621 -7.04425 -7.44221 -6.50765 -7.40373 -6.13694 -7.54644 -6.92579 -7.85985 -7.33472 -10.6431 -9.70196 -8.12872 -9.08052 -8.63025 -8.35707 -9.11243 -8.18605 -9.05116 -8.81991 -8.67285 -7.95595 -6.52565 -6.13919 -6.49075 -8.81719 -10.1826 -11.0504 -9.59961 -7.9678 -8.36723 -10.5533 -11.8838 -12.6054 -10.4171 -9.98505 -11.2785 -13.1978 -12.5607 -11.5545 -11.5545 -11.5601 -8.31925 -7.67712 -8.73934 -9.0594 -10.5866 -10.5456 -8.98823 -8.83036 -8.46379 -8.28822 -7.65224 -11.0459 -9.88708 -10.2071 -11.0653 -10.4489 -9.86664 -9.2932 -8.78927 -10.756 -9.64062 -9.04051 -10.6224 -9.02427 -6.82668 -4.22686 -4.82697 -5.1812 -6.42028 -6.88218 -9.01776 -9.63761 -8.44848 -11.0654 -11.026 -12.5494 -10.8684 -11.3346 -11.154 -11.6029 -12.047 -12.1774 -11.1792 -12.3363 -11.3841 -10.995 -9.72339 -10.173 -9.69373 -10.1553 -10.7027 -11.8864 -11.3064 -11.3064
