# name: MAT
# type: matrix
# rows: 79
# columns: 123
 -3.42681 -2.97088 -2.88125 -4.3204 -4.34625 -2.44909 -4.66416 -5.99283 -5.36185 -6.67734 -6.04361 -4.58202 -3.55965 -1.97715 -2.56959 -4.05147 -2.64431 -1.97288 -1.21979 -1.30461 -0.720506 -0.194053 -2.11963 -2.35293 -4.59352 -4.2983 -4.2931 -5.0042 -5.49993 -5.07904 -6.87745 -8.15169 -8.78889 -8.60075 -8.7867 -6.93017 -6.93017 -7.73099 -10.7722 -10.507 -10.2235 -12.5849 -13.5361 -13.5376 -12.9575 -13.4808 -13.7489 -12.1085 -13.8213 -12.8426 -12.6953 -12.6953 -11.5066 -12.9486 -12.8201 -11.1125 -8.36648 -10.6069 -10.5789 -7.55542 -7.79706 -5.70816 -4.08332 -3.06156 -1.99767 -3.54942 -2.62642 -4.91589 -2.07845 -2.86431 -0.925956 -0.933075 -0.30771 -0.425418 -0.159623 0.711115 -2.22336 -0.517091 -1.54411 -4.02144 -4.52624 -6.67655 -7.06802 -6.76742 -7.80565 -6.37979 -6.37979 -2.85249 -4.66 -7.18623 -8.65019 -6.67841 -4.0752 -2.54501 -3.10143 -2.66688 -5.05847 -5.74747 -6.37984 -5.79982 -5.15792 -4.34068 -4.91462 -4.41913 -4.52896 -5.39316 -6.4467 -6.57627 -8.30768 -8.94372 -9.38217 -9.71209 -8.50543 -8.39127 -7.68183 -7.24745 -7.68325 -7.08802 -5.45638 -5.86753 -3.84828 -3.11019 -3.95292
 -4.11492 -3.29781 -4.0047 -3.39602 -4.74247 -4.04103 -4.93616 -6.09244 -5.97108 -6.70558 -7.37213 -4.82349 -5.39361 -3.64487 -2.09892 -3.0442 -2.19604 -0.865507 -0.751805 -0.0240893 -1.29062 -1.64603 -2.08617 -2.38157 -4.82735 -4.58258 -5.01752 -5.08151 -3.726 -7.29769 -5.34632 -9.88042 -9.46537 -8.74102 -8.8519 -8.71525 -8.55099 -11.7489 -12.3961 -13.233 -14.5699 -13.3122 -14.6788 -15.6538 -15.5904 -14.5846 -15.4748 -13.2373 -13.6869 -13.8379 -14.349 -12.2468 -12.703 -11.8376 -11.9853 -12.4924 -12.611 -12.4668 -12.4303 -9.41544 -9.6029 -8.33462 -5.60934 -3.37547 -5.72181 -4.4698 -5.01377 -5.60246 -4.11694 -2.86431 -1.1367 0.0982624 -1.50667 -0.431876 -0.339521 -0.642199 -2.44707 -3.44671 -2.60961 -3.64336 -3.54546 -5.71838 -6.50176 -6.1662 -6.49155 -6.64019 -6.43011 -5.33304 -4.61878 -5.76689 -7.75853 -5.12946 -1.49598 -1.77489 -1.58094 -3.28449 -3.05522 -2.96516 -5.87673 -6.37888 -5.78633 -5.69923 -4.16481 -4.84706 -5.92826 -5.8825 -5.2861 -7.57689 -7.93275 -9.36062 -10.0173 -9.52071 -9.58134 -10.0361 -7.87236 -7.71147 -7.4756 -7.4756 -6.34265 -5.4328 -5.42634 -5.3449 -6.97132
 -3.51521 -3.93696 -3.73528 -4.25137 -5.29705 -5.04609 -6.64027 -6.13894 -7.11133 -6.02159 -4.7682 -5.0168 -4.55728 -2.65884 -3.74224 -4.52175 -2.99178 -1.76333 -1.43504 -2.33233 -3.55888 -4.63872 -4.69175 -2.67157 -4.58572 -5.88967 -5.96586 -7.64779 -6.8419 -8.0357 -10.081 -10.3454 -10.0666 -9.9557 -10.3582 -10.4012 -12.7579 -13.2372 -14.1245 -14.6893 -15.6166 -15.1443 -15.7121 -16.3987 -15.1866 -16.1616 -15.297 -14.3734 -13.1265 -12.6244 -14.3629 -14.1104 -10.6824 -12.0171 -12.0443 -12.6316 -10.922 -11.8647 -13.3647 -11.1609 -9.82626 -9.80425 -9.64313 -6.90623 -5.11894 -4.36827 -3.74981 -5.81605 -4.98826 -5.68513 -2.17905 -1.22213 -2.7239 -3.42931 -0.856871 -3.29009 -3.77786 -3.69547 -2.33358 -3.81054 -4.07156 -6.80525 -7.13276 -7.74159 -6.28896 -7.20436 -6.45412 -5.9228 -5.59035 -4.54205 -5.40339 -1.93279 -0.665415 -0.797077 -1.7369 -3.47809 -3.06639 -4.0896 -4.4568 -5.55057 -5.61757 -5.69128 -4.97247 -2.78 -4.38371 -5.75898 -6.31044 -7.88809 -7.35966 -7.50051 -7.97002 -10.0192 -10.0134 -9.52427 -10.5587 -9.10025 -8.78432 -10.3232 -7.74742 -7.63508 -5.14191 -6.02245 -6.91587
 -4.54031 -6.24577 -6.99292 -6.30481 -5.83571 -6.35705 -6.26185 -6.96994 -5.51727 -4.37616 -5.09082 -6.94533 -4.72513 -5.00003 -3.80766 -5.29914 -2.2556 -0.382207 -2.28336 -2.29857 -4.86267 -4.33354 -5.26105 -5.31062 -6.42676 -7.13574 -8.17243 -6.75333 -7.08431 -8.74365 -9.52504 -10.6445 -10.0666 -11.3503 -10.3356 -12.4533 -11.8833 -12.6145 -15.6669 -17.8585 -17.8585 -16.7953 -16.2061 -15.1346 -17.4157 -16.459 -14.3022 -14.7126 -13.9824 -14.2198 -15.1206 -13.1586 -11.4428 -12.2033 -13.0988 -12.0367 -12.0858 -12.4006 -13.4225 -11.7348 -10.4692 -10.8407 -10.6722 -9.22233 -6.39027 -7.07862 -7.37284 -6.26181 -4.01289 -5.34434 -5.33932 -3.5914 -2.14549 -2.83158 -3.92657 -4.80933 -3.51916 -3.48105 -4.05518 -2.83303 -4.76079 -5.65338 -6.75182 -8.21455 -8.76421 -7.24173 -5.17369 -5.15343 -5.21077 -3.89729 -2.99889 -2.39354 -1.10798 -0.301867 -1.17391 -2.27609 -2.00325 -2.90766 -3.62809 -5.17563 -5.14809 -4.62637 -3.41588 -3.3551 -4.37033 -4.79959 -6.2145 -6.55591 -7.57598 -7.10089 -7.61755 -7.61755 -8.40511 -8.48609 -9.66643 -10.8747 -10.5907 -10.4223 -9.48424 -8.06852 -6.0122 -7.61319 -7.48714
 -4.4719 -5.40522 -6.15237 -6.88589 -9.83648 -9.70525 -8.17632 -7.41804 -6.20185 -5.26888 -5.34105 -6.69898 -6.21129 -4.11164 -5.35917 -4.39469 -4.80309 -4.10875 -4.0652 -3.92453 -7.52523 -6.21833 -5.18902 -6.16754 -7.52881 -6.89175 -8.32649 -8.84978 -7.58563 -7.51129 -8.96295 -11.7865 -11.2708 -9.99166 -11.4209 -13.2426 -13.2568 -16.2144 -15.9927 -17.3501 -17.9277 -17.5349 -17.3114 -15.1346 -16.0204 -15.4994 -16.1212 -16.1847 -14.0458 -14.2872 -12.1611 -10.9332 -10.9332 -13.7341 -13.1349 -13.035 -12.4194 -12.3902 -12.7969 -11.8308 -8.97969 -10.5873 -8.7514 -9.25449 -7.18734 -6.67677 -7.28885 -6.6817 -6.45462 -5.65172 -4.40616 -4.19465 -3.59336 -3.03892 -4.74781 -4.59522 -5.50447 -2.0043 -3.44528 -4.93529 -4.74797 -5.65338 -6.15065 -6.5948 -7.62877 -5.87428 -4.22203 -4.00326 -1.5324 -2.18526 -0.896062 -0.433641 0.503924 -0.526419 -0.548037 -0.436431 -1.524 -2.0185 -2.90929 -4.45682 -4.12612 -3.00272 -3.45126 -3.8322 -4.17198 -5.03704 -5.95269 -4.92248 -7.70903 -8.61336 -7.61755 -7.57015 -7.59619 -9.96759 -10.9768 -11.7237 -10.3436 -10.4223 -8.56875 -7.63642 -9.43232 -6.82928 -5.6488
 -8.06634 -7.38603 -8.80506 -10.6797 -11.4193 -11.7423 -9.78581 -8.33806 -6.19605 -6.99354 -6.59552 -7.29159 -7.20456 -7.15765 -5.86035 -6.8098 -6.63384 -6.00223 -4.17452 -5.05209 -7.35026 -6.22557 -5.10294 -5.1233 -6.972 -8.56929 -8.35186 -9.74837 -6.33049 -7.85867 -9.43315 -9.96122 -11.3774 -11.758 -12.7301 -14.2733 -15.0106 -14.6472 -15.7265 -15.4753 -15.708 -16.426 -15.7379 -15.2879 -15.2169 -13.7909 -13.9627 -13.9627 -13.476 -12.1395 -11.9884 -10.1137 -10.6303 -13.164 -13.1297 -13.0807 -12.7806 -12.8008 -12.7969 -12.3474 -11.3516 -8.5176 -8.503 -6.70202 -7.3236 -4.82474 -3.7948 -5.86609 -3.7199 -6.05034 -3.56198 -3.31694 -3.16416 -2.68172 -2.41504 -5.14254 -4.36748 -3.12338 -2.93559 -4.05901 -6.0804 -5.93586 -6.10465 -5.96555 -5.37899 -4.38498 -2.88425 -1.8393 -1.61749 -2.70802 0.041502 -1.13983 0.726991 1.06629 0.895926 1.08175 -0.988179 -0.500312 -1.27298 -2.89734 -3.05795 -3.63978 -4.08832 -3.01659 -4.60778 -6.41705 -4.37691 -4.34049 -6.24373 -6.04089 -6.21398 -7.50203 -6.54749 -8.72059 -10.2592 -10.3589 -10.3589 -8.97689 -8.59826 -8.02245 -7.4252 -7.83573 -6.74933
 -8.83517 -9.86778 -10.7418 -11.9345 -11.9345 -13.2374 -12.4651 -11.5481 -9.64149 -8.57897 -9.06898 -8.03256 -8.85933 -7.70904 -5.72411 -6.289 -8.75137 -6.88721 -6.83786 -7.71974 -9.1056 -8.24168 -7.22073 -6.68569 -7.28065 -7.02087 -5.67596 -7.43736 -6.85772 -7.26949 -9.9658 -10.7673 -10.736 -11.4818 -12.2603 -11.8972 -13.3931 -14.0576 -15.7261 -15.8164 -15.3267 -15.2905 -14.6024 -13.7655 -13.2446 -15.0481 -14.5519 -15.2915 -12.8649 -12.7285 -12.2282 -9.98329 -12.139 -13.0248 -13.146 -13.804 -14.2004 -13.6853 -12.7678 -12.2331 -10.8548 -8.61338 -8.57287 -7.23325 -5.17804 -2.16972 -2.18431 -3.30286 -3.77064 -6.33739 -5.78593 -3.42685 -1.03713 -0.50475 -3.60111 -4.49988 -3.76037 -3.14399 -2.44107 -4.54688 -4.30174 -4.86452 -5.69133 -5.28406 -3.97901 -3.96569 -3.8752 -2.50708 -2.08038 -2.21422 -0.252095 0.453535 0.573581 2.06399 2.4606 0.906522 0.338149 -1.39419 -1.27298 -3.15783 -1.95938 -2.42373 -2.28291 -4.96006 -4.96006 -4.97382 -5.01396 -5.438 -4.78001 -5.29107 -6.65726 -6.91179 -6.25231 -7.82125 -10.2211 -10.9409 -10.0485 -9.62537 -8.66638 -7.88901 -8.56248 -7.88705 -6.21477
