# name: MAT
# type: matrix
# rows: 50
# columns: 110
 -5.3805 -6.05217 -3.32888 -4.06727 -4.54408 -3.09895 -1.58186 -0.558677 -0.899908 -0.845248 -0.90075 -3.37851 -3.12479 -4.82008 -5.47499 -5.38741 -4.6982 -7.54213 -8.64424 -8.69253 -8.1716 -5.50275 -5.55604 -4.25308 -4.41777 -4.42249 -5.27646 -4.124 -3.63025 -1.63306 -1.79196 -1.97875 -3.38229 -2.67718 -2.28926 -4.07041 -4.05804 -4.91627 -8.18976 -8.14262 -10.1059 -10.0124 -11.6348 -10.1718 -10.2794 -8.19605 -8.87965 -9.285 -9.15499 -9.00823 -9.03109 -8.85671 -8.05411 -7.53897 -7.19856 -9.44213 -8.51669 -6.67957 -7.83482 -7.02813 -4.64463 -6.71759 -6.48788 -5.75297 -6.76195 -7.99476 -6.21934 -5.29047 -6.27878 -5.81925 -5.30411 -5.79198 -6.8605 -6.38539 -4.86086 -3.36494 -2.41453 -4.01252 -3.01043 -5.22736 -6.35391 -4.84594 -5.98202 -5.96017 -6.82901 -7.73268 -10.7361 -9.08145 -7.4407 -6.94264 -6.94604 -8.76278 -8.05931 -7.44312 -6.54198 -5.55657 -4.51451 -4.72919 -4.43376 -4.64073 -8.04342 -8.04342 -7.31184 -7.06932 -6.33231 -4.14008 -4.14008 -4.25006 -3.3679 -4.1835
 -7.07799 -6.49048 -7.97368 -7.83413 -6.0025 -4.35431 -2.10573 -0.871859 0.389252 -0.265161 -0.997218 -3.02688 -4.53847 -4.1267 -4.35336 -4.78976 -4.38674 -5.73034 -7.65546 -6.90543 -5.9487 -3.73862 -4.37382 -1.60129 -3.3291 -4.39943 -3.90812 -6.00899 -4.18928 -5.90757 -1.87667 -1.70355 -1.25459 -3.04304 -3.26307 -4.09279 -4.55828 -5.18063 -9.19931 -9.02961 -9.41916 -9.89877 -10.5495 -10.5495 -10.7539 -9.78712 -11.4866 -10.921 -11.1346 -9.77398 -10.5235 -8.86643 -9.08976 -9.60641 -8.61976 -9.97065 -9.68327 -8.76671 -8.54258 -6.66432 -4.63239 -4.6388 -5.78268 -5.36072 -6.50756 -8.81086 -8.51785 -6.32317 -4.87046 -4.9616 -6.98458 -7.80019 -6.39012 -5.88227 -5.43395 -4.09524 -3.44847 -3.44323 -2.05043 -3.76712 -3.77078 -4.32103 -3.5571 -3.57354 -3.01297 -5.40361 -6.865 -6.03049 -5.56613 -5.22947 -5.04127 -7.21056 -8.34176 -8.58388 -7.24694 -4.93949 -4.50634 -5.05828 -4.46553 -6.04924 -6.9481 -6.9481 -6.4371 -6.73295 -6.85958 -6.10744 -6.10744 -5.27055 -5.45053 -5.88263
 -6.1001 -6.97249 -7.40993 -7.83919 -9.09838 -7.53583 -3.76691 -2.6395 -1.19878 -1.58626 -1.68973 -3.53743 -3.30917 -4.51637 -3.43476 -3.59931 -5.65688 -6.22692 -8.15204 -6.69937 -6.35778 -5.03468 -2.53175 -2.3294 -3.79497 -4.42949 -6.14534 -5.6546 -3.59462 -3.64054 -3.38738 -2.82216 -3.2849 -4.93066 -6.08772 -5.7787 -3.89738 -8.0283 -8.86351 -8.9621 -9.4289 -8.58184 -9.55683 -12.3687 -11.5325 -10.967 -11.1568 -12.5349 -12.0848 -11.1247 -10.6121 -9.59685 -8.78736 -9.75273 -9.05577 -10.4584 -9.82525 -10.1346 -8.55283 -6.24751 -4.04347 -5.33926 -6.64797 -6.64797 -4.31415 -4.70866 -5.37101 -3.98128 -2.67257 -1.9773 -3.97491 -4.56242 -5.44457 -5.54658 -4.41221 -4.40774 -1.90096 -1.92028 -2.42399 -3.27054 -3.21543 -3.67496 -3.86364 -4.37722 -3.36128 -2.97142 -4.38079 -4.47494 -3.79838 -1.44232 -1.86537 -6.6554 -7.63836 -7.96457 -7.39562 -5.69476 -5.62264 -4.67791 -4.56195 -5.37736 -6.97843 -7.74223 -8.83188 -8.02599 -7.11885 -7.02438 -6.17295 -6.17295 -7.86224 -7.84475
 -6.07037 -8.2805 -8.80522 -8.80522 -8.80522 -8.35527 -6.5112 -4.71379 -0.767279 -1.80816 -2.34063 -1.92189 -3.8751 -3.8695 -3.06761 -3.20223 -5.15905 -6.19994 -6.16758 -7.53324 -6.26468 -6.55936 -5.26167 -5.3387 -3.62273 -3.88972 -5.38998 -6.65705 -6.08344 -1.69705 -3.01488 -2.35632 -2.92738 -2.73987 -3.37363 -5.12564 -8.71509 -7.31214 -8.50911 -8.10494 -7.5343 -8.86374 -9.05218 -9.62035 -9.72801 -10.2642 -8.96284 -9.77173 -9.3626 -7.60902 -7.24211 -8.30141 -6.96068 -7.41026 -8.90861 -11.274 -8.90812 -8.10919 -6.94125 -5.93331 -4.89419 -4.44642 -5.01111 -4.6179 -4.63323 -3.08552 -5.05845 -5.59218 -3.53274 -3.8128 -4.51281 -4.67295 -4.79562 -4.92059 -3.57696 -4.33947 -2.40948 -2.38043 -2.44834 -2.16055 -4.10552 -3.09672 -5.27473 -5.79945 -3.94775 -3.69942 -4.60663 -5.56325 -3.82088 -3.49737 -2.56048 -4.4 -5.68922 -5.23562 -7.1225 -7.4619 -4.68948 -4.32927 -4.96843 -6.28109 -6.78857 -8.25879 -8.32877 -7.00194 -7.93735 -5.93782 -6.54889 -6.0494 -6.07514 -6.05765
 -7.13668 -7.61624 -7.37139 -7.89611 -9.28758 -8.45069 -6.67285 -2.39968 -0.845515 -1.82051 -2.29071 -1.59663 -3.20998 -3.93491 -4.21397 -4.03057 -6.9903 -6.41949 -7.37826 -6.75271 -6.57413 -7.68709 -4.27152 -5.55891 -4.31552 -6.86642 -6.34976 -3.93287 -3.88396 -3.69819 -3.22604 -3.49154 -1.56261 -2.35564 -3.30811 -6.14726 -6.43631 -8.5535 -8.5599 -9.08083 -11.2265 -9.86354 -10.5333 -8.59938 -9.55505 -8.25373 -8.48351 -7.91634 -8.46371 -8.52678 -7.22733 -5.53745 -6.41336 -7.34256 -7.33509 -8.96601 -7.67902 -5.82877 -5.41858 -4.9951 -4.89419 -3.76986 -4.58864 -4.00113 -3.55118 -3.54464 -3.81596 -4.19872 -3.07159 -3.36813 -5.02341 -4.50969 -3.36758 -4.62534 -4.07911 -4.02602 -3.8604 -3.87102 -3.35834 -2.89378 -4.1443 -5.23204 -5.6135 -5.6135 -5.08963 -4.73049 -4.61001 -4.62293 -2.8669 -3.80954 -2.52119 -4.95152 -6.73732 -5.76835 -6.55163 -8.85077 -4.03055 -4.28862 -4.38092 -5.62156 -5.24064 -6.78461 -6.78024 -7.29597 -6.98296 -4.61621 -6.32654 -5.57202 -6.00412 -5.5023
 -8.66406 -8.31979 -7.86027 -8.05905 -8.21705 -6.86351 -6.37093 -4.90363 -2.2584 -0.635094 -2.07661 -2.61404 -1.49677 -3.88842 -4.43697 -4.74538 -5.58226 -6.793 -7.02451 -6.73441 -6.74011 -7.46037 -7.30451 -6.32492 -4.91873 -6.86642 -6.37731 -4.9202 -4.08047 -1.81279 -0.225659 -2.63909 -2.4999 -3.62381 -5.3249 -7.29646 -8.20499 -8.41859 -8.43448 -8.43976 -10.4125 -9.55083 -10.2415 -9.47727 -8.01783 -8.34264 -7.31622 -7.91634 -8.46371 -8.56572 -7.11833 -6.18352 -6.36675 -5.3928 -6.84598 -7.56309 -6.18152 -5.48581 -4.88569 -4.47112 -2.95052 -2.94561 -3.36201 -3.57807 -2.95478 -3.64332 -3.59736 -3.77121 -4.96935 -4.264 -4.86952 -2.69198 -4.13871 -3.73492 -2.2546 -3.83731 -4.73103 -4.21437 -5.11085 -5.07132 -5.13082 -4.91384 -4.44364 -3.92271 -4.44554 -5.40216 -3.64936 -4.09821 -4.76247 -3.29288 -3.29288 -3.3402 -4.18608 -3.45497 -5.177 -6.29916 -7.85451 -6.00951 -6.21503 -5.89937 -6.61205 -7.062 -7.062 -6.77267 -4.62148 -4.45596 -3.93143 -4.39949 -4.39949 -5.53924
 -7.52593 -7.16885 -6.70932 -6.86253 -8.7633 -7.3728 -5.55431 -5.33918 -2.08822 -1.54351 -1.61619 -2.48401 -2.56235 -2.88245 -4.28563 -5.05672 -5.84535 -5.75692 -5.10397 -6.39202 -6.26086 -6.96114 -4.89286 -4.15087 -3.16726 -4.15182 -5.22502 -5.0955 -2.02154 -2.01675 -0.948946 -2.26093 -3.7416 -4.42971 -6.76511 -10.1663 -12.1835 -9.18634 -10.3833 -9.71229 -11.4007 -10.5665 -6.62819 -6.71636 -8.26226 -8.73582 -8.22274 -8.77011 -8.2608 -8.79887 -8.31962 -6.42469 -6.89573 -6.87154 -6.33439 -6.83155 -5.1424 -5.1977 -4.59758 -2.42665 -2.87476 -2.3581 -4.02172 -2.38663 -4.4923 -4.04271 -2.46581 -2.58107 -3.33089 -5.45299 -5.11269 -5.34049 -5.90761 -4.62077 -4.20892 -4.2722 -5.48431 -6.85512 -5.54869 -5.54007 -5.64917 -4.93196 -4.44364 -4.01011 -3.06316 -4.74323 -4.66258 -3.57423 -4.08937 -5.61893 -2.75724 -3.76577 -2.21642 -4.41142 -6.96682 -7.87344 -6.80465 -6.52337 -6.92661 -7.07219 -5.66182 -6.16314 -6.25611 -5.88924 -6.0882 -5.69687 -4.12964 -5.72111 -5.72111 -5.27152
 -7.01631 -8.2016 -7.74207 -7.82166 -8.33197 -5.17406 -6.99636 -5.00298 -5.14787 -2.67881 -3.77654 -2.01288 -2.67544 -4.25072 -4.02063 -5.72841 -5.29649 -3.99836 -4.22007 -7.47691 -8.02422 -6.13862 -6.54294 -3.00305 -0.405948 -3.59528 -4.25535 -4.62771 -5.29939 -2.22979 -2.62861 -1.88281 -2.05188 -6.42917 -10.1657 -10.1657 -9.99428 -10.7107 -10.8793 -11.4978 -11.5363 -9.57617 -8.71219 -8.03742 -8.12477 -8.68331 -8.2999 -7.27635 -6.75969 -7.27202 -7.82304 -7.12375 -7.65766 -7.85912 -7.33408 -6.22002 -5.48597 -4.63043 -3.62959 -2.02581 -2.2604 -1.73567 -3.70062 -3.13503 -3.96471 -3.06972 -2.41409 -3.64108 -2.70157 -4.35828 -3.08567 -5.97209 -5.98925 -4.70344 -4.65725 -4.83056 -5.46923 -4.65362 -5.39155 -4.79504 -3.1487 -3.98502 -5.19773 -4.70369 -3.65888 -4.34612 -4.25621 -5.22093 -4.20771 -6.9781 -7.09043 -5.63418 -4.71951 -6.30229 -6.82617 -6.5994 -5.3995 -6.43308 -6.11943 -7.56671 -7.04341 -8.21042 -6.49706 -5.58688 -5.10763 -4.05203 -4.66849 -6.35738 -6.92747 -6.47788
