# name: MAT
# type: matrix
# rows: 89
# columns: 77
 -10.0852 -10.4405 -11.6753 -10.5112 -10.8363 -10.8918 -11.3495 -9.80427 -7.43186 -7.08236 -4.55192 -3.3114 -1.56414 -0.438139 -1.93425 -3.61397 -2.93961 -1.33988 -3.74194 -3.59346 -5.47802 -5.47802 -4.29439 -6.65711 -7.93693 -6.77515 -8.30768 -10.7098 -11.1594 -12.7994 -12.3316 -12.0419 -13.1227 -11.9318 -11.4819 -12.2479 -11.6062 -12.0326 -13.3194 -13.0212 -13.6743 -14.4241 -11.8056 -10.721 -10.1348 -12.11 -11.0558 -12.8791 -13.2897 -13.9104 -13.3903 -11.4916 -10.6388 -10.8259 -11.9389 -8.87117 -7.71749 -9.06274 -9.13073 -8.159 -5.19911 -6.0644 -6.83343 -4.61986 -4.39622 -6.49291 -6.54615 -7.1964 -5.94326 -6.99046 -7.34003 -7.63869 -8.5086 -6.32412 -6.95123 -6.37436 -5.09107
 -11.2848 -11.1922 -11.2455 -11.2725 -9.84614 -10.3671 -10.3671 -10.479 -8.09983 -7.66896 -6.16791 -5.36538 -2.89939 -2.77441 -2.78296 -3.73963 -2.56412 -1.46241 -3.16001 -3.6323 -5.75793 -5.59561 -5.57288 -6.69689 -6.7589 -5.39712 -8.04603 -12.0836 -11.7936 -11.3833 -11.8528 -11.9879 -11.3991 -11.3991 -9.25673 -11.5548 -10.4048 -12.0439 -11.4451 -12.8851 -13.7026 -13.7882 -11.659 -8.35102 -9.4265 -10.5088 -11.1427 -11.9237 -13.9462 -14.0455 -13.4885 -12.9841 -12.0569 -10.1889 -11.8092 -8.75504 -8.45454 -8.19595 -7.53245 -6.12168 -4.93843 -5.41767 -7.91299 -6.61149 -4.38113 -5.0068 -5.96267 -4.97878 -6.70613 -5.91035 -6.13301 -7.5944 -8.89435 -6.32412 -5.70553 -7.25695 -5.8538
 -11.2647 -11.4321 -10.2402 -10.807 -9.21238 -9.73331 -9.73331 -9.69608 -9.80812 -8.75399 -8.18221 -7.90003 -4.72746 -4.79093 -1.568 -1.01845 -1.53975 -0.967892 -2.07525 -3.13368 -6.03425 -6.04016 -8.50045 -6.53002 -7.12325 -6.11872 -8.25899 -13.0927 -11.8007 -11.3035 -11.2343 -11.7594 -11.4567 -9.40513 -9.97818 -8.90487 -10.4952 -10.3584 -11.3026 -12.4255 -13.9269 -11.5403 -10.6383 -9.39625 -8.92097 -10.1901 -10.618 -12.7184 -13.9583 -14.6489 -14.0877 -11.5427 -10.7739 -10.2474 -11.9036 -8.12625 -8.12625 -7.14022 -4.35744 -5.22205 -3.86224 -4.8165 -4.11418 -4.93671 -4.62999 -5.35521 -6.41271 -6.8201 -5.43244 -4.7701 -5.45089 -6.7797 -7.33092 -5.91526 -6.11858 -6.27997 -4.29222
 -12.4644 -10.7485 -10.3101 -9.20557 -9.2907 -9.73331 -9.23199 -8.06648 -8.38366 -8.31814 -8.33093 -9.33956 -4.99113 -2.65077 -2.9261 -2.37873 -0.652193 -1.06096 -1.1014 -2.67937 -4.30293 -4.42272 -5.9158 -6.53574 -6.62013 -5.55449 -8.71429 -10.3543 -10.3396 -9.30802 -9.60358 -11.2428 -10.2947 -8.87837 -7.78044 -6.67472 -8.22665 -7.6598 -9.67597 -9.50227 -11.6396 -11.4869 -9.1319 -9.91365 -7.15012 -9.99636 -10.9931 -13.6924 -15.0629 -14.6291 -13.8977 -11.8405 -10.48 -10.2773 -9.6799 -8.07086 -7.61519 -6.40873 -4.84546 -4.77314 -3.39526 -2.45536 -5.36303 -3.29606 -3.88361 -5.07925 -4.18551 -5.62201 -4.80575 -3.19798 -7.21031 -6.63871 -5.66958 -6.09143 -6.1736 -6.78139 -4.13881
 -12.4329 -11.4796 -9.17512 -9.28156 -9.29724 -8.90637 -8.40505 -8.23362 -9.3518 -8.85565 -8.75272 -8.92859 -6.94296 -4.13265 -4.21429 -2.06802 0.668887 0.53035 -0.956228 -3.66226 -3.70304 -3.73556 -5.36433 -4.80928 -4.80928 -6.54772 -7.52795 -10.2881 -9.86019 -8.50469 -8.04254 -8.65576 -8.50797 -7.51075 -8.2614 -7.62065 -7.05426 -8.13949 -8.77545 -9.16916 -10.1052 -10.9085 -9.67234 -9.90387 -9.98805 -9.67879 -12.2966 -13.2515 -12.7419 -14.069 -11.9338 -9.48402 -8.86764 -9.77363 -9.62614 -8.07271 -6.69636 -5.51436 -3.38377 -3.51319 -1.56704 -2.57294 -3.18223 -4.07469 -3.44046 -2.8298 -3.09759 -3.1396 -2.61157 -3.77638 -5.96847 -6.31249 -6.24041 -6.84448 -6.35043 -5.29536 -3.03895
 -11.7015 -11.0747 -8.29695 -8.85229 -9.47311 -9.98825 -8.84289 -9.8415 -8.9341 -7.84269 -7.1707 -6.40411 -3.44336 -3.10911 -2.3197 -1.63198 -0.539442 1.01946 -0.521714 -1.99265 -1.57136 -2.17828 -3.18252 -3.25757 -3.77192 -7.57327 -5.97873 -9.02874 -10.1361 -8.18672 -6.92537 -5.8672 -6.97006 -7.16567 -6.54929 -7.52241 -7.11807 -7.68816 -8.26614 -8.70368 -9.74419 -11.0333 -9.81632 -9.74786 -10.4977 -9.72291 -11.0645 -13.2888 -13.7217 -14.9794 -10.7282 -10.7435 -7.96732 -9.45867 -10.5911 -8.52768 -7.0824 -3.58694 -1.84845 -0.255168 -0.362135 -1.98538 -2.29073 -4.07906 -3.22461 -1.2172 -1.99793 -2.84807 -3.71408 -4.73921 -6.52362 -5.87754 -5.7702 -5.72006 -4.53019 -4.61886 -4.3194
 -12.6954 -12.376 -9.70087 -9.70087 -11.224 -11.7391 -11.7341 -9.69989 -8.13088 -6.58297 -5.91625 -5.02132 -3.94707 -2.31693 -2.65341 -0.401411 0.406727 0.336487 -0.727123 -1.03959 -1.22455 -1.87744 -1.17733 -2.69212 -4.27322 -6.5917 -6.82628 -9.46425 -9.96736 -8.52249 -8.46907 -6.78372 -5.58523 -6.54929 -6.54929 -7.43961 -7.11807 -7.73445 -8.36737 -8.13569 -9.06344 -9.76477 -12.535 -8.72363 -8.82605 -10.5759 -10.0975 -11.1769 -11.8228 -14.1164 -11.2669 -11.2219 -9.37573 -8.8755 -10.1576 -9.1344 -8.1694 -5.77481 -3.50268 -1.76288 -0.485072 -1.32846 -1.18286 -2.67472 -2.8984 -1.23458 -2.83087 -3.1569 -5.50185 -6.68756 -8.34656 -5.97216 -6.39259 -5.35412 -3.9278 -5.48325 -5.036
 -12.7549 -10.9914 -9.70087 -9.70087 -9.57586 -10.4959 -11.2997 -10.4016 -9.85256 -7.15335 -5.78077 -6.02635 -2.88663 -2.0947 -2.13576 0.0288968 0.904084 2.00645 1.22893 0.44859 -0.259928 -0.912818 -0.657763 -2.06753 -3.75749 -5.0702 -5.95566 -8.03328 -7.53137 -8.06831 -10.1824 -9.01733 -6.84032 -6.88227 -6.44809 -7.94616 -7.48753 -6.82021 -7.56931 -8.89925 -10.0385 -10.0654 -11.5086 -10.0568 -9.1662 -10.138 -9.88777 -10.2544 -11.9136 -14.3337 -12.1548 -12.4405 -10.1016 -8.62482 -8.80335 -10.3764 -7.65218 -5.7357 -3.67798 -1.93953 -0.547577 -0.602924 -0.305916 -1.68352 -1.38491 -2.94121 -4.06501 -4.99048 -4.92819 -4.77012 -7.06619 -6.3774 -6.20445 -4.35268 -3.4127 -5.26425 -6.1741
 -12.3432 -12.0392 -10.4337 -8.48484 -10.4996 -11.0244 -9.61287 -9.22134 -9.92179 -8.26095 -5.74815 -5.96716 -1.46741 -0.123544 -1.61247 0.701188 1.24006 1.90482 0.864965 0.8247 0.897127 -0.594272 -2.6153 -2.78502 -4.49152 -3.45374 -4.64414 -5.93642 -8.31565 -9.1783 -9.67282 -8.58089 -6.24543 -5.79547 -7.99331 -6.57598 -7.21234 -7.33824 -4.33847 -9.46429 -10.3567 -10.4923 -8.55201 -8.04758 -9.21955 -9.5964 -9.54205 -10.3924 -12.7185 -11.6603 -12.0874 -12.7191 -8.58718 -8.62482 -8.7389 -9.33942 -8.70033 -4.3878 -3.77243 -1.60348 -0.639799 -0.15636 0.0440784 -0.792391 -1.87402 -4.80504 -5.28633 -6.65631 -6.17354 -6.25862 -7.5368 -8.28848 -6.15449 -3.99669 -4.52443 -6.21612 -6.26916
 -9.62881 -10.2798 -9.23469 -7.74654 -8.8585 -9.37944 -10.1166 -8.69736 -8.88267 -7.84695 -6.11493 -6.89322 -3.3871 -0.559573 -0.140167 2.12041 1.24006 1.59391 1.83821 2.15803 -0.376805 -2.92752 -3.80987 -3.30772 -6.26092 -5.37094 -6.61272 -6.88821 -8.26342 -9.57602 -8.44083 -7.8369 -7.29651 -7.89292 -7.62965 -7.63382 -8.26388 -6.5277 -6.78689 -7.30285 -8.92855 -7.93657 -7.40637 -7.61953 -8.86732 -10.5084 -10.5084 -8.52653 -10.6312 -9.85607 -10.9121 -11.6066 -6.83676 -7.04829 -7.24751 -10.3338 -8.97199 -6.00613 -4.08894 -2.97216 -1.24487 -1.63345 -0.737255 -2.66207 -2.01484 -4.80708 -3.48546 -5.29328 -4.3423 -6.00853 -7.2827 -8.28848 -4.29186 -4.52057 -3.84889 -6.32907 -5.35181
 -7.79658 -7.68497 -8.14692 -6.88294 -6.41222 -7.50324 -8.65669 -8.14278 -8.14278 -7.50983 -5.54241 -5.61812 -2.35629 0.11803 0.691527 2.94883 3.54098 2.75957 3.9707 3.0867 0.525025 0.232205 -2.37047 -0.669444 -2.72384 -6.9205 -6.40944 -7.64685 -9.709 -10.4744 -8.9619 -8.2184 -7.10751 -7.53677 -6.17698 -8.3031 -7.8339 -5.38785 -8.337 -5.9732 -6.0496 -6.6497 -8.26983 -9.93785 -9.29269 -8.85128 -8.04803 -9.08881 -9.00516 -8.58183 -8.35063 -10.1559 -7.19684 -8.29636 -11.0523 -9.88147 -9.25933 -6.63479 -5.17446 -3.48954 -1.96862 -2.4114 -2.91497 -2.29076 -2.21759 -2.78039 -2.97962 -5.88944 -4.36979 -6.56686 -7.2827 -7.22925 -3.22042 -4.01924 -2.94917 -3.26675 -5.60216
