# name: MAT
# type: matrix
# rows: 61
# columns: 56
 -5.18583 -4.07334 -5.52839 -5.43468 -4.83918 -3.8999 -4.471 -5.63805 -3.27313 -3.26228 -2.66216 -2.63188 -4.89332 -6.90566 -6.75314 -5.43359 -6.62026 -6.05017 -4.39679 -5.31506 -4.30298 -5.4082 -5.43036 -3.92422 -3.62904 -3.57959 -2.75206 -3.21754 -3.40629 -2.66144 -3.073 -2.25722 -2.49867 -3.10889 -3.97418 -3.75081 -6.77474 -6.32812 -6.92573 -5.36412 -4.1111 -2.97507 -3.06927 -5.02648 -3.48315 -3.1322 -1.9016 -1.46869 -1.129 -1.04106 -0.430742 -0.955463 -3.21133 -2.44973 -4.308 -5.58348
 -3.87058 -4.72137 -4.43622 -5.03157 -3.46161 -4.41096 -5.05836 -5.07367 -2.0626 -3.12402 -4.64006 -4.64006 -5.48973 -7.39477 -6.7213 -6.71228 -6.63101 -5.58167 -6.68322 -5.78339 -4.63667 -5.15721 -4.9563 -5.65671 -5.89828 -2.40016 -3.77994 -3.83491 -5.80327 -1.63442 -3.01574 -4.15079 -3.19738 -3.2732 -3.01879 -2.7223 -4.81579 -6.13463 -6.48219 -3.00215 -3.76456 -4.22382 -4.20654 -3.25383 -0.794906 -1.46865 -2.34187 -2.09642 -1.19823 0.487113 0.680805 0.169746 -1.61613 -2.06294 -4.3456 -3.98524
 -5.62988 -5.43273 -6.73747 -6.29406 -5.28294 -4.84306 -4.93588 -4.27241 -4.33916 -4.64794 -4.71858 -5.90507 -5.91356 -6.87079 -6.87911 -6.23303 -6.9177 -7.46964 -5.82208 -6.08162 -6.76111 -5.34055 -5.05795 -5.7922 -5.42328 -3.0957 -2.63341 -5.64425 -4.86016 -4.11617 -4.99553 -5.06559 -5.69189 -4.02642 -2.52471 -1.14122 -2.77309 -6.24329 -6.07945 -4.68414 -5.70668 -5.2596 -3.04712 -1.55454 -2.23989 -0.240586 -2.41545 -1.9655 -1.41015 -0.644011 0.487113 -0.33163 -0.431298 -2.47432 -4.47511 -4.93337
 -5.59806 -5.76696 -5.77312 -5.657 -5.64607 -6.41861 -5.9697 -4.81607 -3.84591 -4.57366 -5.25242 -6.43891 -4.70283 -5.94981 -7.04864 -7.56378 -6.36312 -6.91506 -7.63059 -6.60634 -8.1117 -7.07841 -5.03646 -5.26991 -4.84995 -2.88971 -3.4757 -4.24519 -5.63937 -5.96711 -6.71205 -5.99675 -6.26198 -3.72632 -4.01863 -2.24694 -2.65778 -5.77969 -4.87341 -3.78023 -4.8927 -4.4886 -4.96419 -1.5931 -1.9765 -0.326466 -2.41545 -1.9655 -1.41015 -1.0294 -0.719042 0.412704 0.98282 -1.43787 -3.57761 -5.14861
 -5.42262 -5.81616 -5.78347 -5.18335 -5.77253 -6.29346 -6.41861 -6.09754 -3.55398 -4.70497 -5.17865 -4.69744 -4.57093 -5.95795 -6.49406 -7.0092 -6.91506 -6.91506 -8.15531 -7.76942 -7.92668 -7.5112 -6.01355 -7.49691 -5.25834 -5.24059 -4.13306 -5.72608 -5.06593 -6.53121 -6.07342 -6.07026 -6.10922 -4.77801 -4.86468 -4.32148 -4.26735 -6.11974 -4.50386 -6.14462 -5.90808 -4.75828 -3.51487 -4.26288 -3.21399 -2.39808 -2.72875 -2.47656 -1.05592 -1.10765 -0.306459 -1.22213 -0.556491 -0.945711 -3.72171 -3.39779
 -5.13089 -4.96114 -4.72293 -4.46228 -4.49611 -5.82295 -4.82348 -5.17925 -5.19627 -5.19627 -2.94617 -6.64192 -5.65115 -5.76678 -6.36365 -6.38749 -6.88903 -8.12928 -8.12928 -8.34251 -8.49977 -6.84694 -7.13228 -6.98035 -7.53493 -6.22642 -4.94037 -5.02689 -3.91752 -5.33302 -5.35077 -6.405 -4.87728 -2.3872 -4.14724 -2.24081 -4.16878 -4.95184 -4.98601 -7.19557 -6.12736 -6.00487 -3.9008 -3.16028 -5.42876 -4.53654 -5.37944 -3.36951 -1.88505 -0.300879 -1.78471 -0.912054 -1.09734 -1.56509 -0.64145 -4.09011
 -3.79053 -3.8983 -4.9112 -3.18567 -4.73159 -3.96772 -4.14473 -4.31471 -5.56757 -4.60738 -6.2398 -4.44209 -4.42821 -5.68021 -6.20419 -9.05647 -7.90635 -7.09666 -7.78592 -6.72792 -7.05542 -6.76821 -6.97732 -6.39115 -6.81003 -5.87499 -5.59062 -5.65657 -4.35687 -3.96294 -3.56695 -5.308 -3.67208 -1.73971 -1.51604 -1.01227 -2.21148 -5.32115 -5.99423 -7.66417 -7.18898 -5.3466 -4.93866 -6.27061 -6.51078 -6.28828 -6.32312 -6.53335 -2.44058 -0.749203 -1.78471 -1.03944 -2.0078 -0.833608 -2.40451 -2.26456
 -2.33835 -2.78726 -3.24927 -4.32804 -4.78116 -4.78116 -3.50692 -3.83204 -5.07345 -5.09401 -5.39721 -4.18511 -5.24646 -6.61593 -8.1066 -8.2819 -9.59538 -7.43605 -7.1362 -6.70725 -7.45207 -6.52097 -7.41245 -7.93696 -7.3543 -6.01401 -5.27804 -4.59444 -2.5142 -3.33284 -0.96985 -4.26126 -2.84313 -1.73032 -0.964864 -2.53779 -3.22373 -5.31758 -6.49926 -8.38864 -8.39918 -7.29237 -6.17403 -6.69712 -5.59683 -7.42408 -6.61116 -6.65509 -3.9776 -2.69912 -2.48794 -1.51868 -2.0078 -1.45236 -2.87059 -1.33218
 -2.33835 -2.78726 -3.48764 -3.23712 -3.80721 -3.80721 -2.03454 -2.32957 -4.4175 -3.2735 -2.55163 -3.05104 -5.57987 -6.45628 -6.88243 -8.55384 -8.16687 -8.25673 -8.95182 -7.12306 -8.07806 -7.15966 -7.64877 -7.74084 -7.94595 -6.00469 -4.79249 -4.59095 -3.82708 -2.44641 -0.95878 -1.25189 -2.84537 -1.64288 -0.134467 -0.532678 -2.89055 -5.01853 -5.02442 -7.65052 -7.67832 -7.25141 -7.55792 -6.2971 -7.66084 -7.91046 -6.39861 -5.20718 -4.50272 -3.59341 -1.98483 -1.96701 -1.45236 -2.52054 -2.74486 -2.83008
 -3.73825 -4.94938 -5.16725 -3.2424 -3.78815 -2.17553 -0.522721 -3.38158 -4.04887 -1.02107 -1.63745 -2.65327 -6.97879 -7.50698 -7.21997 -7.99841 -9.1649 -9.23925 -9.42471 -8.41881 -8.61823 -7.75607 -7.73063 -7.10158 -6.23798 -6.09115 -4.89552 -2.93469 -1.83387 -0.830871 -1.61405 -2.32936 -2.7064 -2.15571 -0.142332 -0.0086987 -2.81905 -3.86903 -5.24191 -4.68708 -5.44211 -6.64999 -8.28489 -7.37019 -9.01606 -7.13698 -3.96816 -3.84014 -4.12598 -3.93192 -2.74012 -0.565595 -0.745646 -2.49669 -2.00449 -2.35028
 -3.90588 -6.10321 -6.21958 -5.88024 -2.57369 -2.17553 -1.03235 -1.5972 -0.952487 -2.83822 -2.31712 -3.71671 -6.81922 -7.34741 -7.39354 -8.05887 -10.1142 -9.42471 -10.8297 -8.81449 -7.45074 -7.57103 -6.99101 -6.85606 -6.30552 -6.23452 -4.37358 -4.5928 -3.49199 -3.44835 -2.56404 -2.36225 -2.20161 -1.51066 -0.578111 -1.0642 -2.11023 -3.23289 -3.60645 -4.2503 -3.86263 -4.65272 -6.6002 -9.24214 -8.3985 -6.37416 -3.534 -5.21413 -4.02676 -4.1252 -1.67462 -0.167859 -0.605076 -1.47749 -0.560233 -0.797218
 -5.25201 -6.93224 -5.43625 -3.32142 -2.55275 -2.47619 -2.31931 -2.77853 -2.11397 -0.339394 -2.38089 -5.35723 -5.05517 -8.3826 -7.87934 -9.05636 -10.6697 -9.16453 -10.5695 -8.0506 -8.12659 -8.46748 -7.88746 -8.99605 -7.62588 -6.88222 -5.72006 -5.60568 -4.48207 -4.41575 -2.4154 -1.04643 0.598779 -1.80793 -1.30109 -0.782118 -2.95913 -2.68095 -2.92069 -4.93263 -4.62609 -4.72973 -7.18988 -7.52458 -9.15594 -6.03154 -4.82077 -4.85962 -3.45332 -3.63609 -1.27242 -0.555623 0.369929 -0.0183864 -0.0334916 -0.800052
 -6.22691 -5.39687 -3.19291 -0.726223 -2.07909 -1.97939 -3.22708 -2.76551 -2.44048 -1.33887 -3.42345 -4.32048 -6.11205 -8.2385 -10.9139 -9.71796 -11.2986 -9.60001 -10.8218 -8.46344 -9.12722 -9.84428 -9.89559 -10.0028 -6.89209 -6.91864 -7.65841 -7.90673 -6.08586 -4.82406 -3.56927 -0.263875 -2.00514 -1.59864 -0.176787 -1.52477 -0.355419 -1.84169 -3.73798 -4.83533 -4.67841 -5.7197 -5.56904 -5.75928 -5.32914 -5.15311 -4.86443 -3.53494 -1.41015 -2.00665 0.259088 -0.00368365 0.870162 0.404679 0.31578 -1.18329
 -6.17586 -6.85172 -3.06015 -1.473 -0.0878471 -2.79955 -3.22708 -3.17453 -3.65259 -1.56546 -3.80962 -6.00956 -5.28231 -8.58519 -9.12704 -9.14326 -9.74443 -8.28274 -8.48109 -8.05132 -8.57529 -9.40848 -8.88635 -10.1063 -8.62542 -5.73302 -5.71309 -7.71065 -7.63068 -8.13193 -6.2497 -2.29943 -2.40562 -2.08175 -1.75752 -1.28199 -0.995063 -3.04571 -3.24001 -6.3584 -5.20398 -4.99726 -5.24277 -3.30351 -4.05852 -5.08556 -4.13282 -2.75803 -1.05077 -0.694031 0.924256 1.28182 0.404679 0.136625 -0.852536 -1.84756
 -6.65283 -6.20762 -3.2539 -1.52812 -2.78815 -1.38033 -3.16371 -1.19431 -3.24418 -1.07094 -4.33143 -5.90849 -6.8826 -7.64647 -8.60375 -9.24034 -7.91552 -7.4118 -6.33982 -7.56345 -7.11831 -7.70605 -9.68725 -9.90978 -9.31892 -8.32476 -7.42995 -8.15721 -6.58755 -7.19925 -5.21233 -3.95411 -3.52179 -2.88815 -1.9383 -3.47472 -1.93483 -1.41054 -3.41137 -5.53472 -4.67219 -4.46679 -2.93377 -4.11902 -3.63211 -3.66906 -3.18104 -1.66112 -1.8667 0.55732 -0.652378 1.28182 0.598638 -0.584402 -0.265027 -1.35625
