# name: MAT
# type: matrix
# rows: 68
# columns: 141
 -12.2352 -11.126 -10.4617 -10.1031 -7.5109 -8.49245 -6.32376 -5.20541 -4.86182 -6.68313 -5.92466 -5.18773 -4.90906 -4.8126 -6.10193 -5.17051 -7.51094 -7.65094 -8.84711 -7.1488 -8.40694 -8.81907 -9.05883 -9.54777 -7.78414 -6.57585 -6.71564 -6.8574 -9.05149 -9.88675 -10.7105 -11.9537 -10.9938 -9.44101 -9.90032 -10.2641 -9.54335 -11.6636 -8.94827 -9.20839 -11.1838 -10.8065 -11.7379 -11.679 -11.8373 -13.429 -10.454 -10.8245 -9.74954 -9.58436 -10.6873 -9.55908 -7.63521 -8.84147 -5.62131 -5.42672 -5.49284 -5.36597 -7.48943 -6.68429 -8.18742 -9.32293 -9.73358 -9.77039 -10.5522 -10.6515 -8.80915 -9.46059 -12.1847 -9.01313 -6.04414 -7.01496 -5.39858 -6.48867 -5.0014 -5.0014 -5.498 -5.9301 -6.49145 -7.17561 -7.78016 -7.78016 -5.47554 -4.89989 -4.09032 -7.61616 -6.15082 -8.51527 -9.51949 -9.14378 -7.48114 -7.64646 -7.38171 -4.7695 -3.54297 -0.278361 0.593518 -1.74579 0.267011 -1.30083 -0.922791 -1.57373 -4.82363 -7.93438 -8.04968 -9.05092 -8.67881 -10.2831 -11.0237 -11.0738 -11.9135 -13.1556 -12.5667 -11.6148 -11.797 -12.432 -14.359 -11.6777 -10.1294 -11.621 -11.2316 -11.4912 -11.1411 -10.6823 -11.1683 -11.1543 -9.65267 -10.3177 -9.11769 -8.25966 -7.57446 -6.93139 -6.87725 -7.59326 -8.35153 -6.81694 -6.29474 -7.58561 -7.35325 -8.25452 -11.0033
 -10.0893 -10.6099 -8.97062 -8.89252 -7.92773 -8.54621 -6.59475 -4.71122 -5.13428 -5.01886 -5.82562 -5.71148 -5.22131 -4.96095 -8.24786 -7.73214 -10.4399 -10.172 -9.446 -9.26216 -9.82729 -9.01496 -10.6058 -10.1804 -9.36177 -8.14191 -7.19834 -8.41854 -8.88402 -11.391 -11.9611 -13.7499 -12.6367 -11.6456 -12.1556 -11.4365 -9.38245 -12.1805 -11.154 -11.4045 -11.1982 -11.2386 -12.2416 -10.6357 -11.1903 -13.358 -10.8832 -8.59888 -10.0512 -8.72159 -8.37936 -7.14314 -7.14314 -7.14228 -6.78021 -6.07869 -5.6675 -6.00224 -7.1243 -6.85594 -8.78885 -10.8823 -11.1184 -12.2176 -10.5565 -9.51718 -8.25425 -9.50192 -7.31727 -4.92678 -4.43918 -4.86473 -4.90252 -4.89864 -5.16368 -5.0014 -4.90462 -4.37865 -5.95645 -6.84147 -6.73051 -6.58418 -6.51986 -4.99573 -5.82174 -4.91621 -4.72898 -5.7086 -7.79515 -7.09068 -7.42471 -6.22833 -6.4119 -3.98043 -3.16595 -1.79264 -1.43784 -0.667713 -0.733606 -0.727741 -1.3717 -3.01267 -5.99058 -7.02782 -7.60861 -8.99045 -7.6107 -10.1062 -10.9703 -10.4521 -11.881 -13.6321 -12.9107 -12.7976 -13.6104 -12.9902 -11.828 -10.5983 -8.95103 -9.65555 -9.71714 -8.89977 -8.92595 -8.72579 -7.1844 -5.95616 -7.45945 -7.06254 -7.22265 -6.83882 -6.42483 -6.14694 -6.36328 -7.28031 -6.96325 -6.47194 -7.17923 -5.96274 -5.30568 -8.11796 -9.96642
 -9.47811 -9.65096 -9.45273 -8.77926 -7.92953 -7.95882 -7.06565 -4.54677 -3.32773 -5.41122 -3.9355 -5.20527 -5.77512 -7.70785 -7.78207 -8.27153 -9.47684 -8.87597 -9.85054 -9.36466 -9.48997 -10.2683 -10.3078 -9.44269 -10.1212 -9.26921 -8.40673 -9.88022 -10.8697 -11.7572 -11.7572 -12.2553 -11.6133 -9.5306 -10.1855 -11.7154 -11.6287 -11.6748 -10.6578 -10.8511 -10.1996 -10.4047 -11.269 -11.7197 -11.1726 -11.3099 -7.68687 -8.09672 -8.65055 -8.26747 -8.50443 -6.27785 -6.8753 -6.53048 -6.34971 -5.6731 -4.2963 -5.534 -7.09338 -7.19415 -6.55516 -10.2791 -11.1835 -9.56253 -8.57967 -7.51075 -4.90285 -7.68879 -6.7165 -5.40622 -4.24122 -4.82171 -4.68113 -6.85397 -5.73723 -5.58918 -5.58918 -4.10965 -6.29866 -4.57619 -5.0036 -4.57444 -6.73483 -6.54381 -5.82174 -3.96365 -4.3647 -3.21706 -6.00333 -4.59118 -6.69323 -6.17657 -5.87949 -4.61698 -2.43447 -4.2766 -2.9649 -0.243047 -0.243047 -0.855722 -1.55401 -2.59243 -4.73091 -6.42737 -6.37107 -6.75704 -7.11965 -8.73802 -8.39278 -9.58868 -11.4469 -12.7128 -12.3106 -13.2459 -12.3329 -12.2587 -10.4349 -7.12255 -6.20486 -9.81227 -8.6089 -8.6089 -6.71563 -7.0157 -7.44216 -5.75173 -3.86468 -6.20087 -5.87066 -6.36582 -4.53781 -3.46828 -3.59423 -6.03725 -6.04487 -5.94865 -6.03471 -4.90607 -4.83516 -4.36454 -8.69648
 -10.9207 -8.99527 -7.85632 -8.2192 -6.98336 -7.40606 -7.40063 -4.29937 -4.46052 -2.71238 -2.74825 -3.26349 -4.31542 -5.10458 -8.4144 -9.87411 -9.06821 -8.89688 -7.92189 -7.99066 -11.0504 -11.224 -10.8836 -10.9834 -11.2339 -9.66431 -8.63188 -10.2095 -10.4065 -10.6913 -9.69024 -10.8077 -10.183 -9.68057 -8.39198 -11.099 -11.0276 -10.5991 -9.6559 -9.23183 -9.03132 -10.3856 -10.717 -11.2321 -11.2405 -8.55081 -6.73652 -7.68542 -7.5753 -8.12648 -9.63797 -6.97463 -6.4481 -3.79184 -4.45965 -5.07619 -6.31467 -6.07333 -7.76685 -9.58239 -8.09789 -10.5843 -9.64534 -9.57498 -6.70723 -5.22863 -2.69586 -7.37723 -6.37834 -5.36919 -5.95136 -5.50794 -5.42467 -5.62039 -5.76514 -5.31751 -4.47247 -4.51502 -5.15075 -4.16437 -6.79373 -5.95341 -8.30771 -7.76744 -7.58219 -8.19813 -6.91587 -6.22961 -6.33232 -5.9128 -5.87583 -6.6128 -6.40535 -5.27057 -4.98129 -3.80739 -3.55868 -2.40585 -1.64266 -1.8013 -2.4487 -1.8351 -1.94856 -4.00614 -4.32196 -5.66043 -6.20364 -6.35273 -9.41343 -10.1498 -12.3926 -12.557 -13.4666 -13.3217 -11.7824 -11.824 -8.1298 -6.53319 -6.89968 -7.46238 -7.12901 -5.20744 -6.52719 -4.67166 -5.15493 -3.12825 -2.86645 -2.77354 -4.68728 -2.22405 -2.74071 -3.26637 -2.38212 -1.07755 -2.76553 -4.75636 -5.07762 -4.38321 -3.95395 -4.22747 -7.97942
 -11.5312 -10.333 -8.25692 -6.85664 -7.42863 -5.73188 -5.84511 -4.24763 -3.1558 -2.71238 -3.42172 -3.87755 -8.29542 -7.56203 -7.77327 -7.80584 -8.09322 -7.77915 -8.06039 -10.5273 -12.0039 -11.0576 -11.9292 -11.4971 -10.6794 -9.66431 -9.47516 -10.4889 -8.07447 -9.69926 -9.69024 -9.73545 -8.10698 -8.30033 -8.30033 -11.2425 -11.6375 -11.107 -10.4579 -9.08182 -7.75975 -9.34413 -9.63504 -10.2559 -8.3532 -7.54072 -8.14828 -8.15562 -8.0455 -9.28533 -9.3858 -6.21674 -4.80135 -3.71265 -4.14142 -4.62567 -7.10054 -8.9315 -11.4553 -10.6339 -9.95292 -8.44521 -11.9122 -10.4803 -7.31054 -4.38518 -3.37369 -5.27082 -3.85959 -6.4352 -7.17033 -7.24357 -7.47974 -6.68787 -7.29752 -4.77265 -5.67353 -4.38368 -4.12717 -3.13289 -3.1574 -5.25356 -7.47391 -8.46179 -7.80999 -8.2172 -7.92145 -6.26499 -4.28452 -3.73762 -5.51558 -9.189 -7.94419 -7.7272 -6.76505 -5.02199 -4.84501 -5.46139 -4.3864 -4.6842 -3.7335 -2.27852 -2.58683 -3.01471 -6.78542 -6.20364 -6.70676 -6.12341 -8.93293 -8.47341 -10.9639 -11.9311 -11.5074 -13.6675 -13.0919 -10.3193 -8.96207 -6.46061 -6.3046 -5.166 -6.52058 -4.42789 -3.66718 -5.65258 -4.6547 -1.63782 -0.560988 -1.30321 -2.23332 -1.73862 -2.21599 -2.66494 -1.74507 -0.440496 -1.31287 -1.07851 -2.90056 -2.88087 -3.47321 -3.90901 -4.38738
 -10.5121 -10.0842 -8.06679 -7.74406 -7.35116 -6.72809 -5.97827 -5.85228 -3.86058 -3.97283 -5.54746 -6.74831 -9.15887 -8.99856 -9.75996 -8.54756 -7.64254 -7.7508 -11.0941 -8.91574 -11.5186 -11.7026 -11.558 -11.8467 -10.426 -8.19472 -9.73441 -9.45258 -8.06226 -7.85594 -9.17368 -8.55876 -6.83122 -8.42875 -10.0855 -10.1389 -11.1354 -11.6533 -8.20144 -7.45576 -6.15498 -7.52331 -9.39917 -8.54949 -7.88096 -6.68335 -6.93046 -9.61004 -8.61262 -10.7861 -9.7527 -7.1611 -6.65009 -3.77619 -4.30558 -5.55718 -6.19094 -8.30658 -10.05 -9.66268 -10.871 -10.5814 -9.5632 -7.01359 -5.73738 -4.72412 -5.56788 -4.51525 -3.55303 -7.13853 -6.88828 -8.61398 -7.45267 -8.84777 -7.29752 -4.74968 -3.11234 -3.01847 -2.82214 -2.74267 -1.88669 -3.49825 -6.49023 -6.43335 -8.2051 -7.3498 -7.49987 -7.16849 -4.96731 -4.87997 -5.48198 -7.92386 -8.54193 -8.87809 -6.55709 -3.52105 -3.5056 -5.12895 -5.44455 -5.65977 -5.53959 -5.17121 -3.75449 -3.5579 -4.82939 -5.7687 -6.58778 -7.11454 -8.26867 -9.00829 -10.9141 -11.3462 -10.7097 -10.9286 -10.9286 -8.67237 -6.55383 -4.88874 -4.57735 -5.89897 -6.68086 -5.74951 -4.20925 -3.86794 -3.57303 -0.614897 -0.353675 0.372714 -1.68595 -0.756738 -1.693 -2.52609 -2.79302 -0.969967 1.49759 -0.439182 -1.48593 -3.06768 -3.51304 -5.00864 -4.71312
