# name: MAT
# type: matrix
# rows: 73
# columns: 136
 -8.19512 -7.11325 -8.49896 -11.0245 -10.9205 -10.916 -10.1003 -8.9097 -9.38406 -8.49454 -8.32158 -10.3622 -8.34053 -9.0594 -8.56746 -7.56302 -6.66473 -5.7018 -8.68188 -9.84004 -11.663 -12.1332 -11.6326 -11.3385 -13.5897 -12.9952 -12.9513 -9.98735 -9.55809 -8.60822 -7.89013 -10.006 -9.09486 -7.85105 -5.54881 -7.51644 -9.32728 -8.67832 -7.04885 -6.05743 -7.61918 -7.74356 -6.64761 -5.91355 -6.50998 -6.85955 -8.6819 -10.2182 -9.49216 -9.83175 -11.1981 -9.76361 -9.61292 -7.27759 -9.29305 -7.36925 -6.91492 -5.4251 -5.9928 -5.29975 -5.45987 -4.86752 -5.19789 -8.33582 -7.14757 -9.06433 -5.97532 -7.49717 -8.02489 -7.58066 -8.48254 -13.9295 -14.3002 -11.5868 -10.8769 -11.3813 -9.30844 -7.74279 -9.59036 -7.68356 -6.37421 -5.63231 -5.14502 -5.17677 -4.76743 -3.81408 -3.85589 -3.90492 -0.723813 0.304137 3.31557 2.43001 -0.268546 -0.773373 -0.40581 -2.09884 -2.81229 -3.88046 -4.76066 -5.58863 -5.27469 -5.011 -4.18002 -4.18002 -5.84171 -5.48643 -4.63757 -4.69835 -2.59435 -3.78402 -4.4235 -4.69831 -4.72529 -7.05965 -6.70875 -4.63444 -5.18313 -5.30062 -2.67282 -2.4492 -3.66302 -3.74925 -5.49024 -6.81175 -6.65806 -6.52424 -6.88748 -5.21331 -6.55242 -7.50886 -8.34989 -10.1343 -9.16262 -6.33276 -9.03325 -6.74347
 -10.1316 -7.96543 -8.43563 -10.2885 -10.2885 -8.99492 -9.49863 -11.3291 -10.737 -10.8125 -11.1991 -11.1991 -9.66873 -9.54788 -8.5706 -7.58697 -5.32391 -3.60889 -6.20039 -9.13373 -9.63835 -9.94645 -7.56849 -11.3408 -13.7532 -13.6172 -11.8788 -8.94016 -9.39817 -7.87828 -9.93005 -7.15718 -9.59906 -8.8742 -7.21018 -8.70543 -10.2408 -8.67832 -7.5259 -6.42398 -6.19551 -5.86994 -4.419 -5.48934 -7.51442 -6.38532 -7.41601 -9.56286 -10.4587 -8.87884 -9.68224 -8.83108 -10.6289 -9.68226 -7.15803 -8.6609 -8.35288 -7.5927 -6.642 -7.05136 -6.66981 -6.22149 -4.00277 -6.65444 -8.78483 -9.93691 -7.42335 -7.68027 -7.84515 -8.7779 -8.6145 -11.1462 -13.0701 -12.4416 -9.47773 -10.466 -8.39922 -9.1041 -7.80982 -8.75675 -6.33343 -6.80363 -5.18662 -4.64381 -5.25136 -5.33066 -4.20964 -3.82287 -0.801365 1.12994 2.79949 1.06618 0.828982 -0.188193 -0.978899 -1.23081 -2.81229 -3.11659 -3.79022 -4.59212 -5.83996 -5.38462 -4.90457 -6.04522 -6.03013 -5.58097 -4.63757 -4.61125 -4.21317 -4.16537 -4.45572 -3.75011 -6.19708 -5.46476 -2.93892 -4.43275 -5.09702 -5.26926 -3.16515 -2.14086 -2.82162 -3.97338 -6.26957 -7.05706 -6.17664 -6.9282 -7.69218 -5.25284 -6.55242 -6.64258 -8.34515 -8.21183 -7.77724 -5.90795 -3.94257 -5.29366
 -7.1878 -6.94104 -7.41125 -10.9248 -10.0248 -8.51754 -9.5766 -10.8935 -11.2721 -10.8366 -10.323 -9.00141 -9.88127 -9.75002 -9.25871 -6.54651 -7.23351 -7.17678 -7.77313 -7.89293 -9.01291 -8.57369 -12.5184 -10.0192 -11.82 -11.1816 -11.0818 -11.497 -8.67097 -9.0181 -8.29461 -8.08544 -8.59524 -7.84751 -9.39353 -9.94863 -9.51079 -8.52138 -7.12022 -5.57893 -4.90052 -5.0249 -3.08265 -3.72166 -4.65462 -5.69279 -7.762 -8.02971 -5.73297 -7.50292 -9.47683 -7.77035 -8.73439 -8.11272 -7.62756 -7.12385 -7.65306 -8.08057 -4.88458 -7.22457 -6.66838 -5.76022 -4.22324 -4.72612 -6.43976 -7.9429 -7.29843 -6.34127 -6.8211 -9.3214 -10.0473 -12.3617 -12.6567 -9.67199 -10.2819 -9.0689 -9.21456 -8.60544 -7.56118 -8.8081 -7.56904 -6.25753 -6.269 -6.9847 -3.88976 -5.45865 -4.89451 -4.81857 -4.12888 -1.23693 -1.46678 -1.43778 -2.03885 -3.15739 -2.60215 -2.84314 -3.15942 -3.61317 -3.8375 -4.89552 -6.27444 -6.13444 -5.15127 -7.79886 -7.2443 -5.71441 -4.7342 -5.72334 -6.27312 -4.16516 -5.92528 -5.67655 -7.66979 -4.30933 -3.1908 -4.98818 -5.09702 -4.15347 -2.61443 -4.68796 -7.31232 -5.69461 -6.35722 -9.76936 -10.6427 -9.07608 -8.77715 -6.40013 -6.72744 -5.54097 -6.88968 -6.26996 -6.9777 -4.30446 -0.706129 -3.23893
 -6.33276 -6.64157 -6.64157 -7.96319 -10.6611 -8.51754 -9.5766 -11.3826 -10.8808 -11.8526 -9.48066 -7.90934 -8.91672 -9.91607 -8.56334 -8.21659 -9.06759 -8.69017 -8.62226 -6.19448 -8.28143 -9.87679 -12.9562 -10.8561 -10.0192 -9.44453 -8.7852 -8.49463 -5.61049 -7.30901 -6.8103 -7.26983 -8.75927 -8.41854 -8.76169 -9.51079 -8.92328 -8.92328 -7.6168 -5.62556 -5.62556 -5.45699 -4.04441 -5.68786 -5.68786 -7.00515 -7.33274 -9.3236 -7.76837 -5.65404 -6.70797 -5.68538 -5.47919 -6.4781 -6.84207 -6.66065 -4.97106 -4.7976 -4.3985 -4.76392 -5.32453 -4.71718 -4.81468 -5.91403 -6.35511 -5.37674 -7.64793 -6.0955 -7.04627 -8.71997 -9.98656 -11.8956 -12.1471 -10.2524 -11.4055 -10.5824 -8.04393 -8.43227 -7.7164 -8.98159 -8.76791 -7.08624 -6.86541 -7.88138 -7.75204 -9.45801 -8.24371 -9.47543 -7.03828 -5.56731 -6.71021 -5.74876 -3.79481 -3.76992 -4.17535 -2.81555 -3.26267 -3.75925 -4.30662 -4.43116 -7.33884 -6.13444 -8.24645 -8.05448 -7.10378 -5.03278 -6.37459 -5.95866 -6.30189 -7.50184 -5.86097 -5.35412 -6.59599 -4.75929 -4.30933 -6.58793 -7.33337 -5.92101 -5.69538 -6.15839 -9.13052 -10.1643 -7.28701 -8.61176 -10.0665 -11.1095 -9.65263 -8.63312 -6.59457 -6.47591 -7.14834 -7.65019 -5.30414 -3.31451 -2.31712 -2.98635
 -5.66571 -6.07148 -6.64157 -6.64157 -8.80823 -7.19593 -8.99191 -10.3088 -10.8716 -11.007 -8.92531 -8.40386 -8.56501 -9.51572 -10.9549 -9.00837 -9.56417 -10.052 -11.1515 -8.11028 -8.57521 -8.78576 -12.4684 -12.4684 -10.8561 -9.28768 -8.62892 -7.04851 -5.43161 -8.49657 -7.47457 -7.93758 -9.75629 -8.8062 -9.2654 -10.4283 -9.76017 -8.37634 -9.29145 -7.10841 -5.16603 -6.14047 -4.97783 -6.11996 -7.54385 -8.5414 -8.47202 -9.83323 -8.74329 -8.29987 -6.07421 -3.52468 -4.74195 -5.44642 -6.75404 -6.28935 -3.34342 -4.16414 -3.82949 -4.66463 -3.30765 -3.37855 -4.68611 -5.54675 -6.98645 -5.07594 -4.04345 -5.32968 -6.35549 -6.90102 -11.2553 -11.5386 -10.7013 -10.8525 -10.0074 -9.36403 -9.45939 -10.2071 -11.8966 -11.2596 -11.2943 -10.2482 -7.9727 -8.19939 -8.48281 -8.46913 -9.39717 -9.10109 -8.40291 -6.84552 -6.79327 -6.9887 -3.93983 -2.82379 -1.83214 -1.25429 -3.66414 -3.23295 -3.75388 -5.07678 -6.91495 -7.53571 -8.56763 -8.02025 -7.14047 -6.04382 -5.16567 -7.54245 -8.31319 -6.66826 -6.23762 -6.23762 -5.79995 -4.23541 -5.35569 -6.08718 -6.29826 -5.71405 -5.91316 -6.67447 -7.74105 -11.458 -9.49732 -8.78592 -7.64075 -8.60137 -9.05028 -9.04612 -6.7321 -7.37066 -8.05724 -7.14087 -6.52301 -3.35284 -2.79826 -3.448
 -6.17715 -5.03103 -5.89632 -5.89632 -6.42522 -6.91433 -6.83341 -7.72047 -7.83575 -9.16394 -8.6086 -9.06812 -9.69785 -10.1573 -10.9549 -9.18518 -7.25915 -8.26795 -9.69137 -10.6211 -10.2471 -8.56534 -11.7633 -12.9794 -12.4684 -9.30896 -8.80188 -8.03513 -9.14614 -8.12034 -7.97797 -8.4073 -11.6376 -10.6325 -10.1307 -10.9494 -9.83368 -7.91681 -8.83193 -8.83193 -6.83692 -7.89842 -6.98948 -8.19038 -8.19038 -9.13565 -10.0893 -9.14166 -7.9374 -6.86022 -5.44452 -3.78518 -5.23853 -4.61416 -5.25134 -6.26195 -3.53885 -4.86443 -3.43589 -3.68113 -1.90108 -1.38576 -3.15592 -4.50387 -6.04822 -5.61445 -5.64822 -3.11318 -6.93147 -8.14867 -8.83787 -8.9857 -9.89538 -10.4563 -10.4563 -9.36403 -10.1796 -9.70112 -12.7941 -12.2507 -10.9438 -10.2548 -10.4596 -9.79401 -10.2429 -8.27969 -8.18223 -8.42555 -7.42565 -5.40566 -6.3796 -6.06541 -5.85614 -3.85252 -2.69559 -3.6784 -3.55113 -4.84527 -3.75388 -7.10863 -7.2384 -9.75486 -8.62397 -7.40163 -7.94062 -7.35197 -7.84286 -7.78336 -9.80224 -9.42239 -7.59932 -5.2652 -4.77308 -5.00819 -4.46788 -3.74907 -4.32722 -4.22356 -5.18611 -6.0555 -9.57165 -10.0684 -11.8554 -8.39481 -5.99615 -5.10989 -5.10989 -7.01956 -5.35029 -6.25958 -6.25211 -5.11816 -5.90518 -3.76516 -3.24168 -4.06878
