# name: MAT
# type: matrix
# rows: 65
# columns: 117
 -7.97962 -6.75667 -6.10207 -6.20221 -5.95361 -5.34927 -3.85803 -2.9941 -2.54519 -3.54996 -4.92212 -6.99097 -7.25107 -7.13741 -6.54576 -8.51531 -8.76609 -10.6403 -10.1164 -6.65862 -4.35575 -1.59666 -3.90743 -6.58701 -6.46981 -7.85024 -9.12991 -9.92621 -10.2878 -11.621 -10.6703 -9.66084 -12.017 -11.3805 -7.43631 -5.24272 -4.88903 -5.94195 -8.60654 -10.0746 -11.6644 -11.6854 -12.7842 -14.4003 -13.6269 -14.2394 -15.778 -14.5362 -11.2292 -10.9031 -9.49835 -9.70371 -7.02927 -5.12889 -7.09556 -5.56777 -5.59858 -7.16606 -7.32733 -7.82685 -6.74217 -8.81904 -9.22623 -10.7021 -12.294 -13.3338 -12.8065 -12.8289 -11.5053 -9.39643 -8.54794 -7.63979 -7.98784 -10.2147 -7.8945 -7.0216 -7.41534 -5.94125 -6.46625 -8.37679 -3.49173 -4.30349 -3.53513 -2.97508 -4.66289 -5.56759 -6.63324 -9.61515 -10.6855 -8.13669 -5.76313 -6.80215 -9.94285 -8.3804 -9.165 -8.64986 -9.00826 -9.83362 -12.4749 -11.3697 -12.9859 -13.2192 -13.9128 -15.5633 -14.7615 -14.7165 -15.6609 -14.6466 -13.6171 -13.0157 -14.1688 -12.2412 -9.56278 -9.04764 -8.95298 -8.77964 -10.3087
 -7.70739 -7.32976 -6.32179 -5.26508 -5.00901 -4.8614 -4.3118 -1.87995 -1.87995 -3.1011 -4.95024 -5.16618 -6.30221 -5.43523 -5.23318 -10.2008 -8.79004 -11.8298 -8.75083 -6.46077 -4.33029 -2.39968 -2.01684 -7.58531 -7.85603 -8.94563 -8.93018 -9.59371 -10.8703 -12.6018 -10.6703 -11.149 -12.017 -10.3774 -5.16939 -4.74922 -3.37305 -5.14252 -7.22554 -9.83096 -10.342 -10.7343 -12.9174 -12.8812 -13.1238 -14.3725 -15.7229 -12.8791 -11.3472 -10.3776 -10.2903 -9.56357 -6.24391 -5.88477 -6.76789 -6.07883 -6.63293 -6.85395 -4.9399 -5.7315 -6.68245 -5.35035 -9.29655 -10.7021 -11.9804 -13.5825 -13.0255 -11.1584 -8.68584 -8.69539 -7.41764 -8.48405 -8.77334 -9.79407 -9.51662 -6.67878 -7.73679 -6.97869 -7.51859 -7.71543 -7.57205 -6.75708 -5.5007 -5.4827 -4.48622 -5.71824 -7.18782 -8.60097 -10.244 -7.05002 -5.73825 -6.40952 -7.69895 -7.27588 -8.27349 -9.12724 -10.7651 -10.8189 -12.1901 -12.3835 -11.9485 -14.2422 -12.827 -15.6042 -14.7615 -14.7165 -14.7372 -15.3409 -14.8854 -15.9014 -15.6315 -13.3843 -9.90709 -9.54216 -8.94575 -8.77964 -8.75948
 -6.93253 -6.93253 -5.42837 -5.7596 -5.68609 -4.35015 -3.59754 -2.46026 -2.94812 -4.6075 -2.95464 -5.63306 -6.24799 -5.03856 -6.94463 -8.94943 -9.30068 -10.4776 -8.34996 -5.73387 -4.59173 -3.34987 -2.04325 -6.37321 -7.65471 -9.87379 -9.40943 -10.0258 -10.3465 -12.078 -12.078 -11.0936 -12.2295 -9.7703 -6.44257 -5.26494 -3.85846 -4.68031 -7.03069 -9.81363 -9.8389 -10.3293 -12.6728 -13.1601 -14.4116 -13.601 -13.5114 -12.4433 -11.1634 -10.5057 -6.72617 -6.70033 -5.77415 -5.95047 -6.55991 -8.50671 -5.48885 -6.33426 -7.82738 -2.96096 -4.88404 -5.85824 -8.08869 -10.4477 -11.6989 -12.3489 -13.0255 -11.9119 -11.1729 -9.16971 -6.55235 -7.17043 -8.32992 -9.70339 -10.1059 -7.15704 -8.11682 -7.60744 -7.72571 -10.2445 -9.2188 -9.25931 -8.37223 -6.5318 -5.56825 -7.22844 -9.13799 -9.91882 -8.90105 -6.66369 -6.72372 -7.28144 -7.93744 -7.43754 -7.50578 -6.93681 -9.6952 -11.6081 -11.4613 -11.4364 -12.2351 -11.8967 -13.2841 -14.7336 -17.1739 -15.588 -16.1155 -15.7818 -14.3223 -14.2357 -13.8651 -12.5327 -9.96382 -7.0894 -8.44917 -8.29512 -8.15805
 -7.66402 -6.93253 -5.97574 -6.99356 -5.68609 -5.68609 -2.47373 -1.97115 -3.01028 -3.19842 -3.04726 -4.76278 -5.85052 -4.66554 -5.58842 -9.19572 -9.19572 -10.1643 -9.32495 -7.22979 -6.36007 -5.08043 -2.57245 -6.58081 -8.63528 -10.3881 -10.5271 -10.9282 -10.5449 -10.6587 -10.1992 -10.6896 -11.4575 -10.6602 -6.88354 -6.94792 -6.13132 -6.61128 -4.04722 -8.11572 -8.82242 -8.82199 -9.9325 -13.6043 -14.2681 -14.201 -14.5782 -11.3814 -9.38508 -7.6659 -9.47894 -9.38147 -7.89997 -7.98896 -8.49532 -7.52969 -7.88913 -7.23271 -6.96004 -4.44325 -5.87326 -6.76683 -9.42718 -10.2783 -11.6354 -12.5826 -11.9349 -12.5091 -11.7892 -9.76704 -6.62432 -5.86531 -8.14058 -9.94472 -9.01096 -7.15704 -9.10403 -8.07412 -9.07905 -10.3031 -10.3846 -10.9016 -9.20761 -11.8601 -10.253 -10.8293 -11.2796 -10.7946 -9.39557 -6.86308 -7.21824 -8.63941 -8.49814 -7.92885 -6.99064 -8.32 -11.6068 -13.1925 -10.7867 -11.9615 -12.7458 -11.2405 -12.5947 -15.4487 -16.9172 -16.4662 -16.9839 -15.6478 -14.6562 -13.2759 -12.7021 -10.0858 -9.23224 -9.10268 -8.27237 -9.57597 -10.1704
 -9.01879 -8.35829 -8.42851 -7.93193 -6.98592 -6.67891 -5.97496 -4.89617 -5.32543 -3.72314 -2.28339 -3.20946 -5.12822 -4.67969 -4.68092 -9.32313 -9.31323 -10.8694 -10.9918 -7.76802 -5.85044 -5.08043 -4.44984 -8.2683 -10.175 -9.89544 -11.4635 -11.9069 -10.1272 -12.2813 -10.8973 -11.8218 -11.1717 -9.71114 -8.16429 -6.94792 -7.05987 -6.10721 -5.14742 -4.96154 -7.84312 -9.31344 -10.9795 -14.9731 -13.9104 -11.5727 -10.3076 -9.94542 -7.76328 -7.59491 -8.0182 -8.08589 -6.05041 -7.11103 -6.43666 -8.82648 -8.94743 -7.55759 -6.86741 -6.31516 -6.93285 -7.75449 -8.71725 -9.82934 -10.3691 -12.563 -11.0499 -10.2945 -10.2929 -11.2765 -7.45038 -6.92988 -9.92546 -9.51678 -7.16797 -6.95111 -9.15214 -8.08214 -9.14109 -9.14879 -9.32434 -10.7745 -9.82437 -13.1574 -12.153 -12.4008 -12.303 -10.7309 -9.02851 -5.8856 -5.97337 -9.07521 -9.69781 -9.00092 -8.82658 -11.0956 -12.7461 -13.8497 -11.5143 -11.5206 -11.0848 -11.4992 -10.7322 -11.9738 -16.5622 -16.4372 -12.6468 -11.9663 -11.3237 -13.6258 -13.2684 -10.2369 -7.33379 -9.05751 -8.64952 -8.70984 -10.2607
 -9.0802 -9.34779 -9.85888 -8.87099 -7.43046 -7.176 -6.99533 -5.62264 -5.54819 -4.12551 -2.03495 -4.17595 -3.51217 -5.61733 -5.51803 -8.28316 -8.12192 -9.6781 -10.1012 -8.82575 -7.69954 -5.74834 -5.82151 -9.05625 -12.1086 -12.6237 -11.5256 -12.6253 -11.2645 -13.811 -12.8693 -12.9593 -11.2855 -11.3035 -7.24639 -8.19056 -6.8805 -6.12627 -5.7387 -5.49638 -8.01241 -8.99793 -10.2547 -13.377 -11.0578 -8.83335 -7.80995 -8.49806 -8.8025 -7.53857 -7.43621 -7.42025 -8.09231 -8.56481 -9.01313 -8.87484 -8.44421 -9.52013 -5.73985 -8.00606 -7.43597 -7.60452 -10.9952 -10.516 -9.80005 -10.7268 -12.9233 -12.374 -11.5719 -10.1709 -10.7155 -7.66015 -9.7399 -9.73871 -8.15503 -5.87057 -8.70219 -7.63219 -7.87553 -6.63837 -9.86442 -10.8465 -9.97187 -12.3866 -12.7771 -10.7663 -11.4292 -11.6287 -9.9663 -6.24063 -5.36048 -4.9443 -9.69781 -9.1947 -8.75961 -10.7151 -12.1761 -11.3108 -10.0337 -10.9354 -7.95669 -9.6072 -8.16268 -9.62319 -10.9031 -11.2423 -11.0085 -11.0292 -11.815 -12.9877 -12.9935 -10.5261 -8.71488 -9.13348 -10.9488 -11.4961 -12.4126
 -8.82844 -10.6306 -10.8525 -8.78723 -8.94688 -5.99338 -5.3638 -4.93453 -3.94765 -3.93872 -2.75933 -3.2367 -4.71145 -3.94577 -5.94951 -7.59506 -8.61103 -8.62011 -10.1012 -8.4589 -8.49284 -8.47554 -8.4606 -10.0312 -11.612 -12.6237 -12.6596 -13.8413 -11.2645 -14.9602 -13.882 -14.0593 -12.423 -11.3035 -9.01978 -6.27459 -9.94279 -8.28663 -6.35306 -6.60406 -7.78088 -9.63498 -9.71151 -10.5939 -9.51142 -9.6548 -9.24787 -7.23601 -8.29939 -7.80224 -7.04566 -8.84171 -9.63937 -8.14784 -8.48841 -8.87484 -9.0173 -10.0932 -8.87018 -8.45476 -7.62839 -7.64999 -10.516 -10.3003 -9.34052 -10.8028 -11.7144 -12.1803 -13.8022 -11.4531 -10.7443 -10.7895 -11.9778 -9.35247 -7.57501 -5.74014 -7.19311 -8.14875 -7.52634 -7.26924 -10.96 -11.9642 -11.3459 -12.3866 -13.2322 -11.3913 -9.52585 -11.5038 -9.66801 -9.03696 -5.02176 -4.62709 -5.95376 -10.0572 -7.20876 -8.86882 -12.2528 -9.85784 -8.79243 -8.60318 -7.92663 -9.40165 -7.4596 -8.43337 -10.0428 -10.29 -9.60515 -8.24537 -9.2689 -8.24455 -9.15773 -10.846 -10.7561 -12.2125 -10.2816 -10.4359 -9.09447
