# name: MAT
# type: matrix
# rows: 60
# columns: 166
 -3.35058 -5.64197 -4.44024 -4.60645 -7.03965 -6.14726 -5.38339 -5.86025 -8.21103 -7.25933 -7.36012 -8.79958 -8.26265 -8.51172 -8.2441 -6.87365 -6.16452 -6.26954 -6.27109 -5.78833 -6.15834 -6.29831 -6.43301 -5.87758 -7.11871 -8.26429 -8.01784 -7.3691 -7.88922 -8.98879 -8.69674 -9.82109 -8.77779 -8.78362 -9.94743 -7.8006 -8.55823 -8.86087 -10.2961 -10.3864 -7.95025 -8.44277 -9.72609 -10.5734 -8.54102 -9.08975 -7.82796 -7.6982 -8.19053 -6.09741 -3.50541 -3.47342 -0.0314806 0.280321 -1.62714 -2.63805 -2.81129 -1.36751 -2.50031 -3.1897 -3.96978 -4.91907 -4.54836 -4.51829 -4.33657 -4.66791 -5.13234 -2.2417 -5.89798 -4.44568 -2.42393 -4.82351 -5.38356 -6.15721 -5.55708 -7.01094 -9.19152 -7.83011 -5.63538 -6.05044 -6.0757 -9.05319 -10.1435 -9.60532 -9.55995 -8.37436 -8.64054 -7.53637 -7.33175 -6.844 -4.52532 -3.20598 -2.66533 -1.20127 0.891065 -1.85013 -3.68315 -3.43588 -2.76421 -4.06246 -5.32492 -4.3181 -6.83282 -6.83899 -8.0503 -8.68034 -8.37793 -8.5272 -8.67376 -8.76294 -7.32218 -8.01029 -9.34622 -11.0708 -11.6096 -13.1152 -13.1531 -11.8612 -9.70019 -8.82154 -11.1747 -11.4958 -12.1916 -12.8782 -12.7686 -11.7499 -12.1846 -9.06342 -9.13881 -9.58215 -9.28857 -10.9264 -10.8728 -11.3759 -12.7829 -10.5787 -9.5711 -9.5711 -8.51435 -9.8214 -10.9016 -9.82921 -9.76333 -12.7957 -12.1238 -12.2331 -11.4175 -10.6442 -11.1937 -8.93168 -7.32868 -8.20364 -7.60347 -8.50334 -7.74615 -8.79709 -6.6908 -6.44496 -6.44496 -3.62268 -1.63022 -1.79676 -3.46372 -2.9606 -1.1075 -0.502714
 -4.48908 -6.28674 -5.13533 -5.43117 -7.03965 -6.61746 -6.71735 -7.55779 -8.53414 -8.01171 -8.60176 -8.53974 -9.06184 -8.48934 -8.88737 -8.9503 -7.22685 -6.03048 -6.03203 -6.73112 -5.34674 -5.45908 -6.18179 -5.26572 -7.25253 -6.76123 -8.34475 -8.5996 -9.70836 -9.25963 -6.92626 -8.26049 -7.69318 -8.45249 -8.64836 -8.69582 -7.11461 -9.3818 -8.71013 -9.65396 -8.23215 -8.20016 -9.0182 -10.4024 -9.65986 -9.65273 -7.81806 -9.37806 -9.9989 -6.02319 -5.2784 -3.99672 -0.363035 -0.207546 -0.94055 -3.34993 -4.6198 -3.6538 -5.50544 -4.35233 -5.1727 -4.09971 -4.54803 -4.34102 -4.60919 -1.74403 -1.26663 -1.5989 -3.32458 -4.92493 -5.1848 -5.648 -8.62423 -8.63958 -7.14314 -8.49548 -9.15046 -9.02776 -8.91862 -8.44233 -8.40037 -7.8802 -8.69146 -8.75843 -9.11273 -8.36211 -9.47336 -9.31242 -7.80289 -8.41214 -3.57585 -3.86285 -4.00206 -1.46692 0.781765 -0.480283 -2.43675 -2.9724 -3.21458 -3.637 -4.3871 -3.75923 -6.83282 -7.31636 -8.52767 -7.58961 -8.25281 -6.82026 -7.69749 -8.64432 -6.9549 -8.85578 -10.0038 -10.6538 -10.6538 -12.9382 -12.7976 -11.6546 -11.1032 -8.94939 -11.268 -10.7551 -11.6992 -13.3758 -13.3758 -11.3348 -10.3771 -8.88208 -8.62775 -8.63765 -9.4969 -9.99822 -10.9273 -10.9273 -10.4041 -12.024 -11.1605 -10.5871 -8.8684 -10.3213 -10.8951 -9.88889 -8.51755 -10.3745 -10.7709 -10.2638 -9.15319 -10.7385 -10.2104 -8.34896 -5.87134 -7.19554 -6.98122 -7.48574 -6.77217 -6.61415 -6.24189 -6.24189 -6.69043 -5.05167 -6.27162 -2.97128 -3.58848 -3.13441 -0.994004 -0.420916
 -5.41482 -6.28674 -5.13533 -4.83105 -6.23516 -6.59279 -7.55779 -8.07872 -9.04475 -9.70802 -9.09307 -7.51081 -8.48182 -8.47384 -8.96458 -8.40776 -5.76534 -5.03679 -4.14867 -5.80419 -5.38112 -6.48548 -6.29066 -5.31728 -5.8659 -8.2065 -8.89875 -9.47768 -9.01628 -8.54427 -7.96994 -8.83538 -9.12237 -8.443 -9.34345 -9.12822 -5.33869 -7.79706 -8.8363 -8.47257 -7.66206 -9.95071 -10.2024 -11.1018 -10.0048 -9.85882 -9.33695 -9.81392 -8.99495 -9.13448 -8.54432 -5.47911 -3.67811 -3.17668 -2.42965 -4.58028 -6.31351 -4.48041 -5.88122 -6.30222 -6.26937 -5.72875 -5.33513 -4.47696 -4.75877 -2.60495 -2.97533 -1.5989 -2.83547 -2.49228 -5.0345 -7.14569 -7.72391 -10.1908 -9.17793 -8.46478 -8.98086 -10.0998 -10.225 -8.61938 -9.00048 -7.90906 -8.46937 -7.1571 -7.6607 -8.54971 -6.817 -7.28941 -6.33136 -5.70827 -3.91428 -3.86285 -2.99033 -0.605838 1.88078 1.16237 -1.18794 -2.5197 -1.84683 -3.2819 -3.17198 -2.92032 -8.76653 -8.10156 -8.26025 -8.81156 -8.14693 -8.14693 -8.89904 -8.59533 -8.53947 -8.52843 -8.40075 -11.3142 -11.1193 -10.8087 -13.2952 -12.5444 -13.6038 -12.5486 -12.3762 -11.7301 -11.7301 -12.4313 -11.6345 -11.6668 -7.70628 -8.45273 -9.05318 -8.63765 -7.97276 -8.5462 -9.90568 -10.8564 -10.8319 -11.589 -10.2145 -11.5146 -11.0133 -11.3602 -10.2744 -10.7832 -9.60166 -9.77283 -10.7321 -10.2083 -9.57656 -9.57656 -7.60585 -5.39209 -4.82269 -4.39475 -5.82131 -8.06538 -6.64189 -7.63116 -7.58199 -6.70738 -5.57812 -6.12691 -5.75908 -5.87326 -4.40383 -3.50143 -2.64645 -1.99905
 -3.80249 -4.67441 -5.85414 -4.74487 -5.65514 -6.10368 -6.49859 -8.1627 -8.55564 -10.1145 -9.12512 -7.96956 -9.77303 -7.45598 -7.02049 -7.54676 -5.93324 -5.0928 -4.14867 -4.59209 -4.61592 -5.30822 -6.86031 -5.40457 -7.75349 -8.67394 -9.40186 -9.01628 -8.35759 -7.94787 -7.6198 -8.42893 -9.61881 -9.55113 -7.2653 -5.88683 -8.08966 -7.96743 -9.48404 -9.65645 -7.55259 -10.0672 -10.2024 -10.6363 -12.4922 -10.1799 -9.24664 -9.1235 -8.75344 -7.6951 -7.74199 -5.46134 -5.76896 -4.46325 -3.15662 -5.71187 -5.04761 -3.42881 -5.1416 -6.05708 -6.71387 -6.06169 -5.8501 -5.8501 -6.13191 -4.37715 -5.58337 -3.20628 -1.15455 -2.08701 -5.92402 -4.83 -8.6586 -9.53317 -9.19559 -7.99457 -9.14442 -10.7012 -10.0407 -9.7947 -8.535 -9.73159 -8.0699 -6.63893 -6.62428 -6.39762 -6.28014 -6.84802 -8.91096 -6.91442 -4.65065 -2.91157 -1.64217 -0.449687 1.88759 -0.311181 -2.40013 -1.46107 -2.51807 -1.41315 -2.11563 -1.98863 -3.31979 -5.55813 -6.59624 -8.03326 -7.46895 -6.85255 -9.02977 -10.355 -11.5734 -10.0201 -8.37607 -9.53731 -12.0922 -10.7497 -13.4314 -13.427 -13.4439 -11.3077 -13.486 -12.6047 -11.2952 -11.5538 -12.1559 -10.5987 -9.16769 -9.32841 -8.85821 -10.0537 -8.15583 -7.29013 -9.67321 -11.2103 -10.7336 -11.078 -10.4154 -9.27777 -9.71272 -10.6151 -10.1655 -8.99707 -9.92439 -10.4445 -10.7321 -9.19229 -9.34315 -8.66564 -8.08517 -5.31947 -3.89453 -4.01853 -4.1872 -6.27494 -6.65405 -6.6777 -5.69729 -6.80088 -6.6817 -5.31055 -5.27984 -4.06937 -3.28115 -0.600324 -0.238697 -1.11169
 -3.95461 -4.82653 -4.40691 -4.74487 -5.05502 -6.52026 -7.62145 -8.06998 -8.46292 -9.66494 -7.91301 -9.37097 -8.33982 -7.92828 -7.45629 -7.49583 -4.94159 -4.56882 -3.62469 -2.67441 -4.20551 -4.14523 -5.32244 -5.14317 -6.7526 -7.03274 -10.0545 -8.0272 -8.659 -6.13155 -8.22784 -10.1761 -9.22743 -8.9329 -9.13996 -5.49375 -7.43469 -7.40141 -10.153 -8.98458 -8.85555 -10.3337 -9.54814 -12.0209 -12.4922 -12.1479 -9.14487 -8.70044 -8.76247 -8.33215 -7.4683 -7.03722 -6.07954 -7.56395 -4.66891 -4.34728 -4.82465 -4.47489 -5.41564 -5.79449 -5.68095 -4.4589 -5.8501 -5.8501 -6.34079 -5.76018 -6.16971 -3.15161 -4.03858 -3.51193 -4.98055 -6.34754 -8.66401 -10.5692 -8.3587 -10.098 -10.1739 -12.2397 -11.2618 -10.4028 -9.61642 -8.83044 -7.41936 -8.61578 -6.88779 -6.83549 -7.44626 -8.68788 -9.65058 -7.1479 -4.09354 -1.71005 -1.07893 -1.45935 1.37245 0.190142 -3.24678 -0.720098 -2.38341 -1.55078 -1.09946 -1.30419 -1.69293 -3.18836 -3.12864 -4.10134 -7.61668 -8.55331 -7.31951 -9.06066 -12.233 -8.3275 -8.94473 -10.0484 -11.2608 -11.7486 -12.7236 -13.3879 -12.9472 -11.6574 -12.8968 -13.0315 -12.6036 -10.9646 -11.555 -10.3477 -8.28888 -8.96169 -7.85673 -7.36794 -6.466 -6.99146 -10.9025 -10.4525 -8.96126 -10.9067 -10.1389 -8.77417 -8.37222 -7.30405 -8.71005 -8.39325 -8.43853 -9.95665 -10.4097 -10.8389 -9.97383 -9.33731 -8.08517 -5.87141 -7.19303 -6.24416 -7.12519 -5.27414 -5.3875 -6.36206 -5.86344 -5.83162 -3.29011 -2.20162 -2.79079 -2.77498 -2.32292 -0.853514 0.0971884 2.18808
