# name: MAT
# type: matrix
# rows: 68
# columns: 76
 -8.89839 -9.33419 -9.37776 -9.48867 -8.01768 -7.35341 -8.13929 -5.39889 -5.91429 -4.65482 -5.32934 -7.23779 -7.1826 -7.11123 -8.02933 -7.54147 -9.28977 -7.25103 -5.63918 -6.79031 -4.84351 -4.33389 -4.60589 -5.76847 -4.44686 -6.32902 -4.97402 -5.38005 -1.91791 -2.7006 -3.15816 -4.13214 -4.06309 -4.4385 -2.98759 -2.90358 -3.92156 -4.14721 -3.17924 -0.681082 -2.14075 -3.29672 -5.73102 -6.06564 -5.38544 -5.45183 -5.94094 -5.3208 -7.96753 -9.86895 -9.43757 -9.40911 -7.4206 -5.9879 -5.40376 -4.14222 -4.34477 -3.81047 -2.83548 -5.03328 -4.94601 -6.09583 -8.90174 -8.3109 -7.58992 -4.49081 -5.04228 -2.51938 -5.44946 -4.087 -6.56002 -6.99832 -7.73509 -5.27931 -5.02523 -6.86726
 -9.0108 -10.1346 -11.3021 -9.12618 -7.97994 -6.32942 -6.44055 -6.16237 -4.97115 -5.99175 -6.49842 -5.64078 -5.83309 -6.42073 -7.91982 -9.83404 -8.48308 -6.65091 -7.13016 -7.25467 -4.33389 -4.14545 -5.27733 -5.76644 -4.55639 -5.38807 -5.47403 -3.05119 -0.546149 -1.66635 -3.1822 -3.44495 -4.6433 -2.98216 -2.22614 -1.12717 -2.85551 -3.09422 -3.59033 -2.2461 -1.97553 -1.79846 -3.01448 -6.37476 -5.66538 -4.72884 -6.44466 -6.47757 -9.94894 -9.56826 -10.5295 -9.85743 -7.45719 -6.11038 -5.95834 -5.56191 -5.31188 -4.81442 -3.68888 -4.90661 -4.49748 -7.38493 -8.90174 -8.37787 -8.57923 -6.65187 -4.98915 -3.92576 -4.65998 -4.30451 -4.50579 -4.5334 -4.42284 -1.50933 -2.61478 -5.26926
 -8.57296 -9.21904 -9.74044 -8.0122 -7.41028 -4.94291 -3.45022 -5.21352 -5.4487 -6.57452 -7.57752 -5.54634 -5.83928 -7.48074 -8.12085 -9.84412 -6.52075 -6.53523 -7.67257 -7.83482 -6.89197 -7.49315 -5.8247 -6.99268 -6.37366 -5.50552 -4.87762 -1.3773 -1.04747 -1.49274 -2.79749 -2.67149 -4.89977 -3.96677 -3.95762 -2.64714 -2.44638 -0.69378 -1.68364 0.13245 -2.12715 -2.41242 -2.40255 -4.47945 -6.89874 -5.96933 -5.49913 -8.79518 -9.63104 -11.6666 -10.2688 -10.5406 -9.87883 -6.07754 -6.94882 -7.45602 -5.0253 -4.65554 -4.96467 -4.60439 -7.34042 -8.59706 -10.4079 -9.30397 -10.7528 -7.03694 -4.85569 -3.43706 -5.16451 -4.59107 -1.76829 -4.33846 -3.00058 -2.19633 -1.06803 -2.85641
 -6.13373 -7.55301 -8.15528 -5.75356 -3.42048 -3.22751 -3.17753 -6.25207 -6.46285 -7.06238 -6.25591 -5.43171 -7.13484 -7.55969 -7.77387 -7.78908 -6.65838 -3.95534 -5.05541 -8.33853 -9.01068 -7.49315 -7.50168 -7.01318 -6.51309 -6.09439 -4.46526 -2.10965 -1.63153 -1.83434 -2.8736 -2.97617 -3.50104 -2.77256 -2.82191 -3.0825 -1.50564 0.250627 0.629242 -0.807602 -1.01066 -1.35584 -4.63969 -4.67039 -5.83399 -4.87523 -5.79213 -6.39356 -11.3263 -13.1164 -12.7556 -9.98828 -9.87708 -6.87044 -7.39224 -6.89373 -5.38007 -4.7345 -5.02338 -6.46407 -7.52838 -8.68011 -10.7817 -11.8274 -10.2933 -8.24007 -7.53618 -4.52466 -5.60326 -4.73144 -3.73967 -2.28022 -3.24883 -1.12677 -1.21212 -2.00577
 -4.76395 -5.91934 -4.80645 -3.36034 -3.26613 -3.11859 -3.59873 -6.48778 -7.48143 -7.18222 -7.10095 -10.1641 -8.75875 -7.96278 -7.62194 -7.97147 -6.90017 -5.0436 -5.92831 -6.59587 -5.72925 -8.123 -6.93573 -6.91391 -6.39003 -6.47008 -5.42523 -5.25467 -5.29576 -5.88991 -4.3386 -2.81233 -4.02452 -2.74906 -1.70046 -1.36729 -2.82726 -0.0959993 1.46392 0.0341243 -1.41595 -2.76681 -5.49297 -7.10851 -5.98076 -6.51805 -6.18342 -8.03484 -11.3263 -12.3006 -13.7148 -11.6676 -9.36534 -6.41795 -7.14805 -7.28864 -5.76549 -5.16317 -6.48278 -4.58955 -7.23886 -8.17453 -9.87994 -9.62201 -12.2717 -9.8524 -6.9795 -5.64348 -4.35197 -6.08325 -2.9297 -2.01715 -2.31851 -0.63936 -0.132058 -1.56235
 -5.6274 -6.26987 -6.5207 -4.26298 -4.3725 -3.96364 -3.32198 -5.43437 -7.94446 -9.61313 -8.97608 -9.62684 -9.21651 -7.5755 -8.78092 -7.83639 -7.5564 -5.6058 -5.64325 -6.37641 -5.94714 -6.51507 -6.80192 -7.95037 -6.90251 -6.97319 -6.71551 -7.78839 -5.90462 -5.574 -6.95566 -8.9363 -5.6839 -4.51846 -4.00304 -2.80297 -2.73717 -0.526585 -0.647646 0.803991 -1.38149 -3.26073 -5.64373 -7.15032 -5.58877 -8.35251 -8.3821 -9.98956 -12.2004 -12.4888 -12.975 -12.5733 -10.6249 -8.04061 -11.2308 -10.3162 -8.4886 -6.48943 -6.24022 -6.522 -8.40793 -9.64937 -11.1526 -12.5562 -12.1194 -10.3125 -7.38414 -6.45276 -6.24515 -4.41878 -1.85765 1.58896 -0.816205 -1.27313 -0.106632 -0.939046
 -5.97792 -6.69913 -5.24693 -3.5911 -3.84778 -1.95637 -2.6531 -3.79728 -6.8221 -7.12142 -9.96025 -11.2254 -10.6238 -8.7696 -6.58169 -6.72352 -5.18221 -5.39756 -5.51193 -5.44343 -4.34177 -6.5165 -7.69182 -9.23798 -8.90004 -9.18214 -8.05514 -9.58604 -7.02177 -8.1465 -8.6583 -10.0737 -8.52217 -5.81561 -3.99577 -3.25576 -2.18523 -1.58536 0.00649846 -0.946579 -1.10604 -6.61037 -6.04302 -7.13693 -5.84429 -8.40199 -9.31015 -11.1375 -13.0124 -13.4607 -13.9453 -14.4656 -13.9634 -13.8449 -10.0134 -8.6901 -8.67821 -5.99011 -4.56607 -5.93192 -6.67405 -8.43214 -10.1222 -12.3382 -12.8395 -12.6496 -6.31678 -5.24699 -5.03938 -3.56459 -2.41255 0.0445997 -2.00732 -1.8048 -2.76966 -2.5615
 -8.06387 -6.60614 -6.42771 -4.60171 -1.17578 -2.97477 -3.14762 -3.28622 -6.17602 -6.62484 -7.80344 -9.50523 -8.33615 -4.85514 -5.29856 -4.78552 -6.20258 -5.26091 -5.63556 -5.80574 -5.36786 -6.35409 -7.69182 -8.75011 -9.39776 -9.32046 -9.12782 -9.48831 -9.27441 -7.2604 -8.68648 -9.92146 -9.73182 -9.36595 -5.01822 -5.0949 -5.20066 -3.36765 -2.52994 -1.39459 -3.46624 -4.77329 -5.70832 -5.22788 -6.88323 -9.32623 -10.8721 -11.8941 -13.5234 -12.8715 -12.8783 -14.8809 -14.9758 -11.8756 -10.3827 -9.00347 -6.00806 -4.80359 -5.8849 -5.57131 -5.9877 -7.96462 -9.1456 -12.8108 -11.9948 -9.16516 -7.82877 -7.27147 -6.28647 -5.21645 -2.27537 -1.52551 -1.07804 -2.82414 -4.66281 -4.03989
 -7.52806 -5.78594 -6.9438 -3.40352 -1.71601 -1.17578 -0.946709 -2.10296 -4.29814 -6.15092 -8.04741 -8.77238 -8.82401 -6.39026 -7.38945 -4.78552 -5.20741 -5.70981 -7.6203 -7.24085 -5.70801 -6.35409 -7.69182 -8.26249 -8.25201 -7.9558 -10.7418 -9.91527 -9.72841 -8.11765 -8.18941 -9.92933 -9.7232 -10.5767 -6.60573 -6.30722 -5.02767 -4.47172 -3.24697 -1.02801 -2.83517 -4.22198 -5.04272 -5.35805 -6.80132 -10.4273 -10.5254 -11.0989 -11.3336 -11.0754 -13.6861 -13.9337 -13.6922 -10.5036 -11.4313 -8.61185 -7.45514 -4.40628 -7.24443 -7.64707 -7.12906 -7.63122 -8.8867 -10.6759 -11.6112 -9.16529 -9.4543 -8.31396 -6.74262 -7.5203 -2.27537 -2.5822 -3.38401 -5.49824 -4.06122 -2.81037
 -4.70414 -7.29105 -6.26991 -3.76002 -1.68615 -1.55346 -2.61834 -4.69978 -4.77555 -6.30066 -8.02428 -9.2207 -9.27234 -5.80982 -6.25324 -6.78737 -4.48913 -5.664 -8.0975 -8.19155 -5.70801 -6.35409 -9.1344 -9.89727 -8.55457 -10.5518 -8.268 -8.74539 -7.58989 -8.48733 -8.26634 -10.0897 -10.8262 -10.4464 -8.12388 -7.58608 -5.57618 -5.76093 -4.72564 -3.39781 -2.00776 -5.41067 -6.52013 -6.48113 -5.6654 -9.23035 -8.26811 -8.95519 -10.774 -12.4171 -13.1596 -13.4398 -13.2499 -12.4881 -10.1953 -6.95439 -8.09054 -7.86925 -8.74809 -8.80467 -9.61708 -10.1886 -9.61988 -10.2287 -10.1852 -10.3519 -9.14608 -8.23404 -6.2499 -5.69625 -6.04717 -6.13388 -9.47162 -7.75987 -5.4215 -4.33877
 -6.53813 -6.84583 -6.60131 -4.31408 -2.82073 -2.73376 -2.20021 -3.54287 -3.88287 -6.3712 -7.23489 -7.69664 -7.2031 -5.42527 -6.48966 -5.75302 -4.72365 -6.16772 -5.73304 -7.71682 -6.54574 -6.27029 -8.44223 -9.50403 -9.04092 -9.49426 -7.91418 -9.90164 -7.73828 -10.2717 -10.8139 -11.6778 -11.2546 -9.94979 -8.89071 -7.27129 -6.21347 -6.81396 -4.86296 -5.02321 -5.81359 -2.95925 -4.14494 -7.89294 -8.09763 -7.14104 -8.26526 -8.3447 -11.5946 -13.0593 -14.4462 -13.2021 -11.8521 -11.9259 -9.61104 -7.95071 -8.0151 -7.86925 -7.75302 -9.56663 -7.97344 -9.69098 -8.39125 -8.34039 -10.6602 -6.87579 -6.18615 -6.86688 -5.75506 -6.01207 -7.32886 -7.85965 -11.3084 -10.9721 -12.3496 -6.97379
