# name: MAT
# type: matrix
# rows: 72
# columns: 117
 -9.41176 -8.53809 -8.98642 -9.48858 -9.97619 -11.3787 -11.6239 -8.94486 -10.1131 -10.0782 -10.2796 -10.9876 -10.4331 -8.17514 -7.55467 -5.3412 -5.43142 -6.55473 -7.28382 -4.77462 -3.35313 -2.19323 -4.13671 -0.845121 -1.40613 -0.40646 -0.685029 -2.26091 -0.553759 -0.677762 1.06921 -0.302891 -1.79088 -3.60064 -5.63993 -3.91776 -5.65292 -4.42891 -3.9653 -3.77042 -2.3485 -3.06906 -3.51248 -2.79779 -2.03311 -1.95895 -1.28219 -0.295321 -1.41956 -1.76264 -3.05683 -3.57198 -1.81177 -0.570876 -0.172586 -2.27484 -3.95812 -2.80206 -2.36844 -1.28403 -1.33621 1.24442 1.3698 0.341381 -0.260046 -3.657 -1.92992 -1.29803 -0.476962 -3.08612 -2.951 -4.11707 -4.5601 -4.91857 -5.39557 -5.39689 -6.54035 -8.23 -7.10355 -3.5411 -3.04968 -2.5504 1.0313 0.818093 1.27409 0.18157 -0.506537 -0.977991 -2.51445 -3.70605 -5.64852 -6.03894 -6.7454 -7.72897 -9.39005 -11.2109 -11.6462 -10.0595 -7.52625 -7.52625 -7.13026 -7.25191 -7.13492 -9.10695 -8.42604 -8.64761 -7.97764 -7.90666 -7.50116 -6.09676 -5.57249 -4.18527 -4.54659 -4.89337 -5.09588 -4.37111 -5.44491
 -9.13796 -8.65439 -8.80378 -9.45214 -8.96822 -9.04362 -11.1256 -11.1022 -9.71435 -8.65631 -8.55303 -9.92723 -11.5234 -8.69302 -7.06455 -5.00037 -6.11769 -6.78146 -8.30677 -6.29111 -4.0248 -4.51068 -1.03565 0.221182 0.872279 -0.58928 -1.65746 -2.76978 -2.3178 -2.44133 -2.69309 -2.57706 -1.79088 -3.60064 -3.96719 -4.42739 -2.64899 -2.64899 -3.45801 -2.76939 -2.0847 -2.0429 -2.74306 -2.06526 -0.318067 -0.288974 0.439992 1.44796 1.37231 0.0553568 -2.34573 -2.28393 -0.690515 -1.18947 -1.24076 -2.81904 -1.92347 -2.16013 -1.72429 0.380039 1.44758 -0.290904 0.570135 -0.605447 -1.90006 -2.66024 -2.53893 -2.07665 -1.82942 -5.24042 -2.5515 -4.79692 -5.99981 -6.74026 -5.84552 -5.34877 -7.8077 -8.00545 -7.18903 -6.00415 -3.5317 -1.1688 0.730645 0.889103 0.775083 1.39367 0.820584 -0.913802 -0.852396 -1.77514 -2.61901 -3.01651 -6.07335 -7.72329 -9.45882 -10.1438 -9.813 -9.4257 -9.14101 -6.80573 -9.21458 -6.73601 -7.17616 -8.146 -7.77483 -7.63004 -6.90802 -6.96583 -6.98187 -7.33301 -7.395 -6.30002 -4.46043 -6.93401 -5.47318 -6.11925 -6.58299
 -9.23622 -9.49477 -7.73849 -8.42409 -9.11953 -11.1319 -13.2139 -11.4584 -10.6362 -8.88904 -8.74049 -9.84164 -12.5393 -9.64005 -8.3522 -6.10346 -6.16604 -6.27835 -7.75483 -5.55963 -5.11035 -2.71471 -0.742709 0.344675 0.462283 -1.38283 -2.37972 -0.453269 -0.980842 -0.296617 -0.860119 -1.39613 -1.72417 -2.85083 -4.41719 -4.31574 -2.88455 -2.73381 -1.31019 -2.56065 -2.0847 -1.58337 -1.86942 -2.31795 -0.838998 1.74367 1.7487 2.73295 2.9001 2.00216 0.287874 -0.464156 0.207959 1.34873 -0.647445 -1.36764 -2.81924 -2.38343 0.380984 1.16423 1.59349 1.02905 -1.38604 -1.5542 -2.38296 -2.27831 0.593107 -1.41396 -3.08251 -5.39347 -4.283 -6.31138 -7.54678 -8.49368 -8.27636 -7.14242 -7.8077 -6.52571 -4.33182 -4.82627 -2.9874 -1.93753 0.407548 1.32875 1.79424 1.74718 0.238624 -1.85258 -1.87869 -1.8428 -2.37945 -4.43982 -4.87801 -7.06807 -9.37407 -8.30982 -10.3683 -10.2016 -10.1081 -8.71404 -7.58064 -6.5522 -8.56466 -9.13723 -6.7073 -7.72559 -6.80106 -6.91732 -6.91732 -8.15219 -6.32711 -6.72689 -6.865 -6.05462 -4.86552 -6.61242 -6.56898
 -7.33057 -5.0109 -7.20106 -7.71715 -7.29106 -6.87865 -10.9307 -8.33177 -9.67963 -9.09282 -9.20484 -8.65151 -10.2638 -8.44509 -7.26385 -7.61744 -6.8524 -7.21335 -7.765 -6.02966 -4.47976 -1.29454 -1.80516 0.516643 0.302887 -0.445003 0.263572 0.234919 -0.317021 -0.552407 -0.94004 -0.926445 -1.66944 -3.00743 -4.07867 -4.49357 -2.34368 -1.8195 -0.755614 -2.11232 -1.62964 -1.16135 -2.94418 -3.39272 -0.0289407 1.16667 2.69677 1.15936 2.87668 1.65303 0.695713 1.89994 0.219239 2.05509 -0.541191 -1.28749 -1.08882 0.28919 1.35859 1.68079 1.59349 1.02905 1.25331 -0.405482 -1.9988 -2.10687 0.0834793 0.157931 -1.54885 -4.80596 -5.79967 -6.03001 -6.91116 -5.68187 -5.69951 -6.47075 -5.84784 -5.31361 -3.77724 -3.85338 -3.12665 -0.270541 0.896658 1.32875 0.825041 0.324852 0.727385 -0.801807 -2.45368 -2.53576 -4.47638 -5.82806 -5.88484 -5.57063 -9.14824 -8.74294 -9.50363 -9.33684 -9.81643 -10.2439 -10.1229 -10.1011 -8.60186 -9.11665 -7.49603 -8.28634 -8.37244 -6.94453 -8.53147 -7.96138 -7.91251 -9.27733 -8.47506 -8.44621 -7.28545 -7.28545 -6.22117
 -2.16867 -4.51887 -4.92234 -6.10693 -6.93333 -5.83281 -9.39231 -9.06712 -9.06712 -8.49675 -6.71992 -7.35207 -8.73819 -9.20884 -6.77387 -6.9737 -7.2965 -7.3044 -6.04212 -6.61731 -5.38101 -3.55686 -2.48139 -0.773872 -1.07178 -0.99647 -0.380094 -1.58605 -2.63751 -4.62183 -1.38999 -0.102601 -1.14868 -3.00743 -3.76627 -3.86132 -2.13624 -1.33915 -0.591455 -2.08565 -2.20308 -2.65923 -1.54502 -1.19865 1.28449 1.11855 0.573541 1.09141 0.580348 1.13788 1.87751 1.18441 0.722354 1.68035 0.600991 -1.94389 -0.672093 1.20674 0.269963 1.72617 1.20782 2.27136 2.00963 0.290539 -1.45403 -0.267957 0.75515 1.25886 -1.11959 -3.29912 -3.53666 -5.55789 -5.28473 -5.76927 -5.84033 -4.26518 -2.32234 -5.05921 -4.40546 -4.04085 -3.12665 -2.11182 -1.79651 0.825041 0.825041 -0.58783 -0.475759 0.346047 -2.35984 -3.03427 -3.47769 -5.8782 -5.8782 -5.33816 -9.43608 -9.2596 -9.57332 -10.5408 -9.83352 -10.2063 -11.3669 -11.4701 -8.81774 -8.13108 -5.27135 -8.72758 -8.30639 -9.0476 -9.11695 -8.62564 -9.1632 -8.44044 -8.47506 -8.44621 -6.79758 -6.87938 -6.7892
 -1.28454 -2.75296 -3.75975 -3.64335 -5.45391 -6.78361 -7.73405 -7.47089 -6.63969 -8.49675 -7.97287 -7.13024 -7.8637 -8.22735 -8.94601 -7.66027 -5.70126 -6.33278 -6.04212 -6.6601 -7.20578 -4.79655 -3.87242 -1.28117 -1.90104 -3.60759 -3.60759 -2.98888 -3.53549 -3.8904 -3.33783 -1.88479 -2.58406 -3.90183 -5.1814 -3.60025 -3.93996 -2.42671 -1.55175 -0.254403 -2.20867 -1.49537 -2.43118 -1.17123 1.70755 1.54162 -0.25557 -0.484506 -0.883551 -0.246868 -1.66274 -2.23108 -0.266319 1.82828 -0.259054 0.107677 1.31129 2.39432 1.35791 0.979876 4.47484 3.4659 2.49777 2.43366 -0.937018 -1.0551 0.140222 -0.80944 -1.58473 -3.538 -3.66653 -3.25089 -2.45442 -3.50827 -3.80589 -2.73395 -2.84801 -3.12321 -3.73415 -4.48975 -5.38966 -3.33176 -2.84046 -1.56583 -2.39425 -1.89201 -2.02131 -0.5638 -1.80589 -2.77486 -3.43176 -4.51714 -6.33625 -5.15364 -8.86264 -9.39417 -10.0938 -9.86825 -10.3696 -10.4835 -10.8542 -10.5049 -8.05335 -6.9127 -7.76058 -9.39748 -7.81796 -9.59193 -10.5693 -9.15068 -9.21924 -9.11164 -8.24583 -8.45314 -7.51033 -7.38763 -7.39625
 -2.4053 -0.947994 -0.941146 -2.72571 -3.07951 -4.53838 -6.76714 -6.44967 -6.72527 -8.05846 -8.92357 -9.5826 -8.83396 -9.58401 -8.99296 -6.06042 -5.25737 -4.40435 -6.68525 -7.34687 -8.44516 -6.47908 -3.86948 -3.05603 -3.00977 -3.27148 -3.77171 -3.09673 -3.14002 -3.83511 -3.82694 -3.26675 -4.31282 -4.29692 -3.35134 -2.73681 -3.29215 -0.526727 -1.31774 0.551491 -0.585617 -1.91325 -0.502296 -0.510789 2.37275 0.834125 1.10236 0.039836 -1.33068 -4.55041 -4.44418 -1.75491 -1.16266 0.434093 -0.259054 0.0416548 2.7737 1.74494 3.43345 3.60279 5.06572 3.52181 2.55493 1.07564 -1.43869 -1.80994 -1.78546 -1.90006 -4.46248 -3.71269 -2.57296 -3.55976 -2.72046 -3.48138 -2.48492 -2.97639 -3.62754 -2.23175 -3.42483 -5.25608 -6.04574 -3.82087 -3.22397 -2.78055 -3.3749 -4.33992 -2.94996 -1.44775 -1.65027 -3.34578 -4.77135 -5.39031 -4.65956 -8.39646 -8.83889 -10.9591 -10.9591 -11.8835 -10.4968 -10.2391 -10.4504 -9.56318 -11.6353 -11.0663 -9.29543 -11.1765 -10.6779 -11.0143 -11.5179 -11.822 -10.41 -10.0016 -9.16579 -8.72129 -7.37266 -6.7389 -7.02375
