# name: MAT
# type: matrix
# rows: 68
# columns: 144
 -9.29492 -8.65865 -6.80443 -5.20885 -5.72551 -6.12983 -7.45049 -6.97134 -6.53554 -6.81183 -7.45104 -7.91441 -9.52674 -8.98287 -8.98287 -9.29852 -9.73878 -10.1902 -10.4943 -9.98262 -14.9357 -14.706 -15.0366 -15.6122 -12.473 -9.48395 -8.16175 -10.1272 -9.18188 -7.23579 -8.83511 -6.38395 -8.09628 -7.60842 -8.00587 -9.63975 -9.11531 -8.77252 -7.55345 -8.16983 -8.29726 -8.34983 -6.30145 -5.90037 -3.71274 -3.63923 -3.28716 -4.46344 -4.41624 -3.90133 -5.80439 -6.26963 -9.34851 -10.7002 -9.73648 -8.80045 -9.23028 -9.2246 -8.98146 -8.02401 -8.5941 -8.91987 -10.5661 -11.9025 -11.9279 -10.3029 -10.7468 -9.10283 -8.70743 -8.73191 -6.30785 -8.28995 -8.88636 -8.52819 -10.9384 -8.87593 -10.4883 -8.38178 -9.50219 -6.92514 -5.77767 -7.11803 -8.29642 -7.73677 -5.73973 -6.17183 -7.27475 -8.03917 -7.84764 -7.92988 -5.68792 -5.65601 -4.74497 -5.42539 -5.14901 -5.12617 -4.76396 -6.26367 -5.81425 -7.1546 -7.8012 -7.63167 -8.17103 -8.52162 -8.86099 -8.15201 -8.15201 -6.79957 -4.81332 -2.499 -2.46229 -2.29582 -1.51823 -3.4898 -5.30983 -4.12397 -3.83244 -4.32902 -3.8856 -1.74609 -2.1275 -0.63977 -1.10707 -0.530759 -0.570961 0.292428 -0.867019 -1.28113 -1.96967 -3.31211 -2.51108 -4.9842 -3.47519 -3.22301 -3.56537 -6.15418 -8.70531 -9.70116 -9.19806 -9.66994 -9.20558 -10.5913 -11.1179 -12.1861
 -9.29492 -8.65865 -6.37516 -4.59247 -5.71643 -6.12983 -7.89391 -6.97134 -5.80406 -7.23907 -7.92841 -7.55241 -9.0116 -8.29628 -10.1603 -10.664 -10.9516 -11.7074 -11.234 -11.7904 -13.1216 -14.2169 -15.9552 -15.023 -13.608 -10.44 -8.92826 -9.86708 -9.79176 -8.4841 -8.05627 -6.98129 -6.6164 -6.56308 -9.45536 -9.88481 -8.57685 -8.24432 -8.16867 -8.19412 -7.68449 -8.63671 -8.54163 -7.33992 -4.95147 -5.61135 -6.05741 -6.99526 -5.54709 -4.84426 -5.80439 -5.68131 -11.1425 -11.7099 -10.7189 -9.52355 -9.63018 -11.129 -11.1392 -10.3753 -8.99267 -9.33795 -10.983 -10.2458 -11.7643 -12.4104 -10.4673 -8.26221 -9.01144 -9.04445 -7.34241 -9.31547 -9.35839 -9.42513 -9.75201 -9.8144 -9.82049 -8.71025 -7.88986 -9.38572 -8.83943 -7.79064 -10.053 -7.61637 -6.20365 -5.47292 -7.28364 -9.31631 -8.24243 -9.09978 -10.0505 -9.09226 -10.2349 -7.92894 -8.48852 -6.84868 -8.21944 -8.66451 -8.14302 -7.89578 -7.58591 -9.0213 -9.58721 -8.9871 -9.32648 -8.34433 -5.52466 -6.17307 -4.16988 -2.94106 -3.57627 -3.58978 -3.98706 -5.80641 -5.30983 -5.9549 -3.73984 -4.32902 -3.04056 -2.6436 -2.14048 -2.15353 -0.617964 -1.0459 -0.670415 -0.295766 -0.324323 -2.13292 -2.78691 -3.74438 -3.83458 -5.37381 -4.11558 -5.30078 -6.19177 -7.6898 -7.69359 -8.70325 -10.1796 -9.66994 -9.20558 -10.5913 -11.4363 -11.684
 -9.79516 -8.80314 -6.8754 -5.09271 -5.71643 -7.31287 -8.63353 -7.20725 -5.73615 -6.60201 -7.49539 -8.02978 -8.83307 -8.73412 -10.1603 -10.2383 -11.4518 -12.1776 -12.2986 -13.83 -14.0644 -13.6199 -15.5174 -15.5267 -13.4262 -10.44 -9.84751 -10.2167 -12.0392 -11.0176 -10.1272 -7.10115 -6.95761 -8.60552 -10.1088 -9.19121 -9.03432 -11.0736 -11.4623 -9.1313 -9.48673 -9.95971 -9.3633 -8.48966 -8.36911 -8.53343 -8.20703 -8.10981 -8.08879 -6.78951 -8.92969 -8.74903 -12.5595 -12.1978 -12.1792 -10.2186 -11.5517 -11.8183 -13.1859 -12.1538 -10.0869 -8.02606 -9.36958 -8.07087 -9.75306 -10.1609 -10.9087 -8.69715 -10.9213 -10.0231 -12.1918 -12.1918 -9.98118 -13.7032 -11.032 -10.5749 -6.90457 -9.65795 -9.80524 -8.82422 -8.7013 -9.19662 -9.42749 -7.62713 -8.03898 -7.30825 -6.08119 -8.43765 -8.67846 -11.354 -10.3071 -11.3986 -10.9431 -8.0399 -9.00508 -7.69331 -8.5946 -10.388 -8.7428 -8.23027 -9.35845 -10.641 -10.1311 -9.51849 -9.0303 -8.18552 -6.87401 -4.65481 -3.87386 -5.12469 -5.29601 -5.3087 -6.97058 -7.36662 -7.36662 -7.37665 -5.30005 -5.88923 -4.39865 -4.63174 -3.70069 -3.21158 -1.78885 -1.35167 -0.24735 -1.47564 -1.49146 -3.37571 -3.03662 -4.40937 -4.59529 -4.93886 -6.0473 -6.27577 -6.60202 -8.21452 -9.18951 -10.7005 -10.6145 -9.64052 -10.1436 -9.7087 -11.9394 -12.1871
 -9.86867 -8.80314 -7.44549 -5.54161 -5.71643 -7.31287 -8.63353 -7.20725 -6.21539 -6.02908 -7.49539 -6.81329 -9.81404 -9.0388 -9.0359 -10.5644 -11.0139 -10.8763 -11.8607 -13.3034 -14.785 -13.1968 -15.096 -13.9299 -13.8555 -10.44 -10.7146 -10.1543 -11.5817 -11.5877 -11.4799 -8.64044 -8.51087 -9.72298 -11.2541 -10.1351 -11.2855 -10.2952 -11.1772 -10.7197 -10.0246 -10.8965 -10.7773 -11.1409 -9.7787 -11.5709 -10.0465 -11.0323 -11.5465 -10.5791 -9.50243 -11.0771 -12.0802 -13.4859 -13.9825 -13.065 -12.3924 -12.5745 -14.5578 -12.5365 -10.7947 -10.6086 -8.96193 -9.15358 -11.7902 -10.8121 -9.59298 -9.61176 -13.4664 -12.0322 -13.1973 -12.1934 -12.1155 -12.1386 -10.5119 -7.91107 -6.39867 -6.98888 -8.78468 -7.88452 -7.27579 -9.08734 -10.0471 -9.84835 -8.09371 -7.50976 -7.79966 -8.89706 -10.5752 -12.2533 -11.0753 -12.7296 -13.8453 -10.1279 -11.0156 -9.13622 -7.61875 -9.2696 -10.163 -6.96216 -8.05397 -9.44459 -9.60625 -10.1164 -10.1164 -8.9811 -8.46509 -6.26594 -5.77897 -6.87751 -7.21701 -6.89541 -6.70187 -8.23865 -8.64961 -6.98638 -3.97843 -5.82477 -5.0358 -5.15646 -5.16943 -3.68005 -2.3275 -2.21773 -1.11283 -2.80606 -3.029 -3.79287 -2.20028 -4.08643 -5.69316 -7.02122 -6.51166 -6.74013 -8.24868 -9.69084 -9.69084 -11.1354 -11.1354 -10.1502 -10.1436 -9.7087 -11.4284 -11.676
 -9.42013 -8.80314 -6.8754 -6.31284 -5.10006 -5.85444 -7.31287 -7.20725 -6.21539 -4.11178 -7.43048 -5.79504 -9.81404 -8.77655 -9.48481 -10.5644 -10.5644 -10.8763 -11.8607 -13.325 -14.3471 -13.1968 -15.5913 -13.8555 -14.2933 -13.4108 -10.2144 -9.86479 -10.8628 -10.1129 -8.86638 -9.95086 -8.47612 -9.72298 -10.8324 -10.6653 -10.3105 -10.2717 -9.61152 -10.9114 -11.7118 -14.163 -13.3176 -13.4199 -12.8251 -13.3257 -13.7202 -13.4313 -13.0199 -11.9395 -11.6323 -14.4084 -14.2057 -14.1326 -14.2301 -15.5608 -13.3847 -14.009 -14.2215 -13.0554 -11.9433 -9.30626 -9.85866 -11.0199 -11.8727 -11.2996 -11.9056 -11.4364 -13.3453 -13.1964 -12.8112 -14.3986 -14.8049 -13.68 -11.0701 -8.67704 -6.17437 -7.36989 -7.36989 -7.6778 -7.54025 -8.27173 -8.22624 -8.87104 -6.23598 -6.56608 -7.88146 -10.4641 -11.4941 -12.0984 -10.9955 -14.2534 -14.1634 -10.2248 -10.6274 -11.0271 -9.94056 -8.62912 -9.78812 -7.78606 -7.71461 -8.12257 -8.34289 -9.0999 -8.92955 -7.94124 -7.97234 -8.42115 -6.91202 -7.0906 -7.88004 -6.50444 -6.80099 -8.81368 -8.52485 -6.40326 -5.25796 -5.55041 -6.69553 -5.99842 -4.67681 -3.69287 -3.00476 -4.01072 -4.44652 -3.57769 -4.55721 -4.24178 -4.42209 -4.60252 -5.3458 -6.14134 -6.31989 -7.83486 -8.77507 -8.27196 -10.206 -11.1354 -11.1354 -10.7503 -10.2406 -10.1436 -11.0004 -10.4983
 -8.42078 -7.78451 -7.69101 -6.31284 -5.91567 -5.23806 -5.95687 -5.85126 -5.16322 -5.32388 -6.99468 -6.73648 -8.94892 -9.29311 -10.4 -9.94314 -10.4469 -10.3209 -11.3054 -12.7697 -12.0772 -13.6261 -15.3921 -14.7417 -14.2933 -12.4332 -10.2144 -9.86479 -9.53449 -10.1129 -9.51246 -8.65896 -9.57903 -10.4266 -10.7258 -9.6608 -11.2113 -11.5431 -11.2103 -13.0487 -12.2592 -13.712 -14.7643 -15.1936 -14.0289 -15.0022 -14.9083 -13.2035 -13.4916 -13.2724 -12.3191 -11.9611 -13.6165 -15.1676 -15.1673 -14.8162 -9.90268 -12.1843 -13.1951 -11.1528 -9.81557 -9.22639 -9.8783 -10.9024 -11.8531 -11.8964 -11.9812 -13.2522 -13.8277 -13.08 -13.9012 -12.4752 -13.6172 -12.0865 -9.17678 -6.82398 -5.6978 -6.80254 -8.45934 -7.80745 -6.19805 -6.63818 -6.43203 -5.48387 -7.61638 -7.03167 -7.98072 -8.79633 -10.4225 -11.9455 -11.6506 -12.7925 -13.0686 -11.491 -11.7495 -13.3943 -12.202 -10.2418 -9.17052 -8.93586 -8.6922 -8.06091 -7.26753 -6.90395 -7.01099 -7.03462 -9.47022 -8.06025 -8.18379 -7.67569 -7.98399 -6.83424 -7.73134 -8.6284 -7.49977 -8.15735 -7.81967 -8.20951 -7.5779 -6.55023 -4.62706 -4.58677 -4.15575 -3.95159 -4.91923 -4.39455 -3.03614 -2.39826 -2.53881 -4.7507 -4.37944 -6.12316 -6.29268 -6.85492 -8.69503 -8.27196 -10.6203 -11.1354 -11.7356 -11.4076 -9.8127 -10.6577 -10.5607 -10.4983
