# name: MAT
# type: matrix
# rows: 75
# columns: 81
 -7.78068 -8.20374 -6.76729 -8.76851 -8.49163 -9.85597 -6.9719 -3.52433 -1.36376 -1.12421 -0.850798 -1.2102 -0.456019 -0.194325 -1.71515 -5.56655 -6.35351 -3.04461 -0.419218 -0.976268 -3.34531 -6.39692 -6.85588 -7.40054 -8.85445 -10.8495 -10.91 -8.35894 -7.98389 -7.45912 -8.66183 -7.94667 -6.71866 -5.72352 -8.28945 -8.40681 -7.6466 -7.64199 -8.71248 -9.80851 -9.25833 -7.27293 -7.11223 -9.76819 -8.89939 -9.69143 -9.80695 -10.3432 -9.26746 -10.2771 -9.98137 -9.16857 -7.78778 -7.44125 -7.91406 -7.18826 -6.76789 -4.45201 -5.10225 -4.74 -6.19634 -6.02477 -7.20469 -9.1307 -7.17697 -7.17697 -6.82561 -6.1787 -6.32865 -5.85794 -6.39571 -7.47292 -7.47206 -6.86358 -7.307 -9.6982 -9.10903 -8.51263 -10.2567 -9.65626 -10.671
 -7.59524 -7.88102 -5.95168 -6.9331 -7.46059 -8.48874 -7.13723 -0.536053 -2.0652 -3.8268 -3.13955 -1.14716 0.787099 -0.218791 -0.890462 -4.82956 -4.53756 -4.55619 -2.46296 -3.59186 -4.04144 -5.72443 -7.85412 -9.56581 -8.20394 -9.28655 -11.6354 -10.2189 -9.61482 -10.1734 -8.27484 -7.96374 -5.85632 -6.80937 -7.45093 -8.37171 -7.47107 -7.56196 -8.7447 -8.7447 -10.9213 -8.43844 -7.87028 -9.25711 -9.06837 -8.25872 -9.17851 -10.3454 -9.94151 -8.18121 -7.62615 -7.76468 -8.61268 -7.8514 -8.40395 -7.30347 -6.56385 -4.45201 -5.10225 -4.20123 -6.3997 -6.71287 -7.76075 -8.353 -8.0423 -7.63111 -7.6909 -6.25252 -7.07068 -7.09643 -5.02854 -8.31912 -7.30296 -7.24339 -8.12261 -9.8244 -8.30371 -9.51536 -9.68819 -9.08944 -8.26871
 -8.69665 -7.79166 -7.35551 -7.90058 -8.49158 -7.66333 -5.56209 -3.1536 -4.02676 -4.84237 -3.92058 -2.28953 0.247012 -0.255181 -1.48059 -2.31539 -4.89192 -4.48382 -3.85337 -4.59611 -4.59611 -6.15659 -6.94376 -9.56581 -9.83044 -13.0295 -11.0578 -10.3013 -9.21753 -9.07821 -10.8837 -11.0849 -10.4999 -11.5202 -10.4189 -7.17897 -7.49095 -7.01662 -8.28077 -8.57545 -8.14704 -8.22108 -9.30274 -9.56649 -8.25283 -7.82122 -8.80978 -9.76208 -9.49566 -9.46006 -7.62615 -6.1345 -9.43706 -8.63105 -9.56648 -6.27191 -5.11851 -6.76718 -6.95637 -6.24425 -7.22679 -6.15681 -8.15575 -9.18009 -8.6363 -8.53955 -5.87797 -7.69345 -7.21608 -7.88873 -8.01599 -6.66616 -6.848 -7.80692 -9.32722 -8.88378 -9.31636 -8.07783 -8.38878 -8.94072 -7.44959
 -10.3503 -9.29126 -9.89955 -8.82767 -9.69676 -7.97018 -8.13874 -5.45205 -5.71016 -6.07686 -4.60092 -3.52661 -1.96842 -0.389369 -0.893082 -2.31539 -2.29556 -2.92948 -3.91477 -4.95468 -4.92462 -7.15677 -8.00677 -9.02727 -10.3964 -13.0295 -12.4295 -10.5973 -8.58675 -9.24842 -9.15143 -11.3988 -13.5674 -10.9548 -11.9611 -11.3835 -8.84513 -8.84513 -8.34111 -8.22306 -5.31106 -5.41973 -7.51314 -9.72386 -9.01162 -8.56776 -9.05925 -10.1187 -10.2667 -11.1054 -7.55575 -5.55283 -8.5689 -8.07561 -7.78029 -6.67402 -6.43757 -6.85294 -8.457 -8.62038 -6.78115 -6.79565 -7.70863 -7.76297 -7.75793 -8.31658 -6.81618 -7.18385 -6.57 -6.56206 -6.68932 -6.68932 -6.3085 -7.40592 -8.64986 -8.86504 -8.80441 -10.282 -8.38878 -7.63068 -9.26336
 -9.01908 -10.1531 -8.43682 -11.4277 -9.76877 -9.30563 -8.3536 -6.90784 -4.81783 -3.3563 -5.06528 -3.4743 -1.86015 -0.889601 -0.894926 -2.20998 -2.29556 -2.60934 -3.72235 -5.47935 -4.23165 -6.74569 -7.8081 -8.6242 -8.71489 -9.65216 -10.2865 -12.0085 -10.5316 -9.89741 -12.2848 -12.3378 -10.5098 -7.99001 -10.791 -11.6318 -9.32536 -8.09878 -7.51076 -6.16645 -5.26345 -4.23725 -7.98984 -9.96033 -9.60932 -9.09658 -9.84082 -9.39928 -9.98314 -10.3401 -8.84733 -6.80538 -7.4068 -8.55547 -8.18443 -7.17014 -5.94305 -5.71004 -7.04064 -7.08779 -6.09453 -6.19451 -5.16111 -7.13058 -9.84912 -8.68174 -7.71539 -6.68933 -5.53219 -6.03531 -5.6776 -5.08842 -5.76505 -6.41758 -7.86647 -9.09328 -10.6716 -10.9118 -9.14085 -8.71524 -10.6976
 -9.88076 -11.839 -11.9907 -9.74763 -11.25 -9.41207 -7.3371 -6.61616 -5.59976 -3.84417 -5.10973 -3.47595 -2.32451 -2.84329 -2.35731 -2.37931 -4.11194 -4.32456 -6.60706 -5.94687 -4.81463 -6.74569 -7.82363 -6.4326 -8.18115 -8.69553 -12.2253 -10.6502 -10.3364 -9.55322 -8.95235 -11.1064 -8.21356 -7.16258 -10.3637 -10.7159 -7.44469 -7.03792 -5.84978 -6.54974 -5.57385 -4.93407 -4.88076 -6.84156 -7.11486 -7.21355 -7.31186 -9.36345 -7.93903 -9.84795 -8.86196 -8.13977 -6.45345 -8.58383 -8.60176 -5.45872 -3.42551 -3.94065 -5.91695 -7.10125 -6.13234 -5.1045 -4.6844 -8.39263 -9.12975 -9.19268 -7.5367 -6.17169 -6.03531 -6.03531 -4.95702 -5.63376 -4.76116 -6.28634 -7.1744 -9.3033 -10.6356 -11.0816 -9.33353 -10.6577 -8.6529
 -12.1966 -12.5107 -12.4852 -11.9207 -12.2696 -9.92561 -7.54853 -6.65444 -6.33911 -5.49297 -6.04981 -3.71797 -3.72094 -3.53787 -3.54569 -4.09452 -3.50465 -3.99664 -5.81431 -5.51159 -5.51159 -8.34575 -7.91807 -6.56665 -7.63276 -10.363 -9.18837 -9.03903 -8.63276 -8.76236 -7.37709 -8.61293 -7.9967 -7.77492 -8.92173 -9.44749 -7.3578 -6.25703 -6.78229 -6.99829 -7.4767 -6.38208 -3.83592 -3.82601 -3.4943 -2.00742 -4.24533 -5.48241 -8.36023 -9.57034 -8.50002 -7.65066 -8.06892 -8.04686 -6.76561 -6.97602 -4.157 -3.94065 -3.94065 -5.92183 -6.5437 -3.73856 -5.27623 -6.38131 -7.61744 -8.52865 -9.34793 -7.69075 -7.88796 -7.33341 -6.1708 -4.44199 -4.96754 -5.06807 -6.71666 -8.32764 -9.18099 -10.2522 -10.9654 -9.37598 -9.83758
 -12.7858 -12.0622 -11.8771 -12.0709 -12.0709 -11.0881 -8.54601 -7.09766 -5.37236 -5.18235 -6.82859 -3.93339 -4.70144 -6.0735 -4.04025 -3.93105 -3.76543 -4.85518 -4.60876 -4.64648 -4.96039 -7.72938 -7.51504 -7.85091 -6.96849 -6.40059 -8.92543 -8.25266 -7.52327 -5.67116 -6.76752 -6.48484 -7.73935 -8.70761 -8.22882 -6.95165 -6.68034 -7.13987 -7.25956 -7.80693 -6.86144 -4.75049 -3.72272 -2.3504 -1.04949 -0.98292 -1.68155 -3.10639 -5.6735 -5.24332 -5.79474 -5.2211 -4.87351 -4.26909 -6.15495 -6.46541 -5.51998 -4.37398 -4.60655 -3.58089 -4.38411 -5.8019 -5.86354 -5.35795 -6.65174 -6.46774 -7.28845 -7.79808 -8.48168 -8.47418 -8.12132 -5.9282 -5.51925 -5.62632 -7.56839 -7.60281 -9.53472 -9.17969 -9.43536 -8.581 -8.17736
 -12.326 -11.6841 -12.1338 -12.7512 -11.4779 -9.53639 -8.38036 -7.16821 -5.1512 -5.77915 -6.23215 -6.86058 -5.12719 -5.87153 -4.57691 -3.8733 -4.46638 -3.09817 -4.17382 -4.763 -5.51186 -7.90359 -9.56678 -7.70303 -7.21526 -6.58053 -7.82649 -6.44626 -6.02023 -7.12049 -6.77648 -7.75549 -9.44729 -5.87882 -7.62062 -6.97178 -5.55154 -5.67398 -6.1335 -7.15618 -5.88595 -4.58563 -3.74334 -2.67286 -0.417556 -0.386514 -2.29275 -2.97853 -4.35303 -6.00719 -5.56866 -4.29687 -3.82894 -3.80101 -6.2084 -6.45072 -6.45072 -5.45748 -3.10459 -3.44109 -6.78683 -7.85153 -6.38528 -4.33828 -3.7768 -4.79275 -6.62467 -6.64237 -7.152 -8.77067 -7.19648 -5.98438 -5.68995 -6.06393 -7.47724 -9.47111 -9.38163 -9.82928 -9.79333 -7.59266 -9.0408
 -13.2467 -12.5494 -11.1468 -12.2587 -12.0303 -10.0689 -9.4549 -6.35809 -3.06411 -5.82388 -6.70964 -5.75376 -5.96477 -5.6105 -4.87248 -3.06505 -2.91399 -4.31095 -3.84591 -4.60978 -5.58647 -6.79677 -8.45996 -7.88794 -8.81302 -7.80701 -6.68136 -6.4234 -6.21947 -4.30631 -4.63404 -5.89501 -6.342 -7.08784 -7.36576 -7.78882 -4.3707 -4.3707 -7.15618 -6.00698 -5.47555 -4.37858 -4.50035 -3.55058 -1.15145 -1.03003 -3.17967 -1.94772 -2.90994 -4.9886 -4.90273 -3.86477 -2.28908 -2.3285 -4.1455 -5.92743 -4.42479 -5.48445 -4.4525 -5.88383 -5.96851 -7.8014 -7.25892 -5.37487 -7.02713 -4.82666 -6.91552 -7.44248 -8.23334 -7.64583 -7.78566 -5.98438 -5.98438 -4.85904 -8.17001 -8.60581 -9.42846 -10.4254 -10.1144 -9.95746 -9.45434
 -12.6357 -11.4137 -11.7733 -11.4198 -10.8364 -8.32361 -6.67693 -3.87844 -3.83836 -4.3922 -6.34931 -5.3605 -5.65795 -5.37565 -3.39858 -3.59779 -2.93568 -4.92182 -4.92182 -3.83343 -5.58212 -6.0317 -6.92717 -6.32438 -9.38462 -7.91275 -7.41037 -8.11915 -5.1664 -5.31156 -5.84342 -5.68881 -6.31173 -8.59753 -7.29918 -6.77205 -5.81215 -5.66533 -5.66304 -6.2496 -6.89182 -6.35543 -5.14465 -4.46626 -1.98401 -1.59331 -2.31503 -2.5023 -3.35337 -4.052 -2.6246 -2.2238 -1.788 -3.50075 -4.15191 -5.04874 -7.29536 -7.72746 -6.4915 -7.8094 -7.65806 -7.22698 -5.9356 -5.19583 -6.12113 -4.90254 -6.98795 -7.8982 -6.8979 -7.57428 -7.09059 -6.00009 -5.50878 -5.72296 -6.87847 -8.83061 -9.30416 -9.75374 -9.08027 -9.93721 -9.4341
