# name: MAT
# type: matrix
# rows: 92
# columns: 89
 -10.9727 -11.3928 -10.3657 -12.0244 -12.1766 -11.2018 -11.9553 -12.5949 -10.6154 -9.41103 -10.5823 -8.87789 -6.62242 -7.32151 -4.82818 -5.02064 -4.2124 -1.82528 -2.80549 -3.83535 -4.45088 -3.97077 -5.5691 -4.40849 -1.24355 -3.38244 -4.89814 -5.11006 -5.23513 -6.76222 -4.99095 -6.91739 -6.51012 -5.88251 -4.79565 -5.80735 -5.68432 -6.94409 -8.89573 -6.98952 -6.83021 -4.81362 -5.21423 -6.31942 -7.20927 -7.20927 -7.73225 -8.61904 -7.21496 -10.2771 -11.3123 -10.2036 -10.4638 -6.52911 -7.51598 -7.34851 -7.81172 -7.76544 -7.28244 -8.19165 -5.66506 -6.11501 -3.73038 -2.86693 -4.69086 -2.22404 -2.47824 -1.86187 -2.50944 -6.54496 -7.05342 -7.74092 -7.95572 -7.88708 -8.52414 -6.88957 -7.37994 -9.37878 -10.8588 -9.831 -8.4711 -9.867 -10.3831 -10.9723 -9.17516 -9.67648 -9.70222 -10.1611 -12.8488
 -10.629 -12.377 -12.3661 -12.9341 -10.948 -12.104 -11.467 -13.4921 -11.7868 -11.2926 -10.325 -10.1228 -7.43803 -9.31822 -4.82818 -5.02064 -3.0368 -0.0406848 -2.05557 -0.444445 -2.8511 -3.05446 -3.9672 -6.1848 -3.30788 -3.66581 -5.2972 -4.61876 -5.66723 -5.66781 -5.31574 -6.691 -5.80852 -5.86364 -4.36982 -4.60027 -6.97267 -8.89028 -7.33297 -7.18506 -5.77227 -5.8045 -6.86741 -8.28481 -7.66635 -7.66635 -7.73225 -8.75016 -7.28785 -7.79097 -9.0229 -8.28328 -9.49598 -7.72156 -7.92856 -7.95826 -6.681 -7.47306 -6.40782 -7.21638 -8.23225 -6.11501 -4.60664 -2.77059 -1.47628 -1.85492 -2.47824 -1.86187 -3.31339 -5.25198 -6.81661 -7.74092 -6.76662 -7.95572 -8.03627 -7.96187 -8.24485 -9.69252 -11.2712 -9.66229 -9.85064 -9.73701 -9.73701 -10.9723 -10.3006 -9.67648 -10.1741 -10.9331 -12.0967
 -10.6611 -11.121 -10.8437 -11.3866 -10.3416 -11.9308 -12.442 -13.3447 -12.6262 -11.0582 -8.99108 -9.56117 -7.96615 -7.93519 -4.34611 -5.75139 -3.15117 -0.963326 -1.42211 -2.07505 -2.26736 -3.96162 -4.63505 -6.00404 -4.91422 -4.16033 -4.82608 -4.07582 -4.69503 -4.21241 -5.28192 -3.91878 -5.60507 -4.42272 -5.85149 -5.01534 -6.16429 -7.86697 -6.84637 -7.20217 -5.24175 -5.60578 -7.50447 -8.76075 -6.66687 -8.28841 -7.65135 -6.87519 -7.33052 -6.99786 -7.05336 -6.88383 -7.26519 -5.85793 -6.55302 -5.51358 -5.30958 -5.7256 -5.03026 -6.974 -6.56616 -6.5459 -5.69983 -5.54532 -0.876081 -3.04784 -1.81796 -2.23666 -2.26636 -2.80312 -4.71931 -5.87171 -4.82286 -6.46459 -6.5087 -8.0092 -6.98821 -11.1352 -10.9352 -9.79058 -10.0391 -9.6635 -9.2277 -9.81687 -9.15129 -10.95 -10.5232 -11.0342 -11.1585
 -10.0883 -10.5914 -10.0022 -9.51352 -8.49326 -10.9781 -10.8504 -14.9305 -12.9369 -11.2907 -9.50981 -9.63562 -7.25697 -6.88205 -4.81726 -5.45684 -3.5934 -2.25481 -3.31502 -3.4514 -2.94083 -3.88893 -5.3036 -4.39968 -4.62998 -4.25505 -3.9164 -3.29553 -4.63575 -3.33412 -2.35838 -3.53063 -3.08869 -3.80951 -4.2517 -4.49295 -4.49295 -5.518 -3.72934 -5.02774 -5.90394 -6.05476 -6.9571 -7.674 -8.77817 -7.64659 -8.66789 -8.14773 -6.96122 -6.76331 -6.63029 -5.2269 -4.93479 -4.92595 -6.04898 -5.4326 -4.66862 -5.02844 -6.20106 -6.52569 -5.35414 -5.35414 -4.98324 -3.56775 -1.48244 -1.65594 -1.29298 -2.53547 -2.95462 -2.56852 -3.78062 -5.33691 -4.83321 -4.33467 -5.55257 -5.61167 -6.98475 -9.89436 -10.6114 -11.5417 -10.9453 -11.5019 -11.0183 -9.93306 -11.2899 -10.8706 -10.5232 -11.3883 -11.2385
 -10.4089 -11.0805 -9.50008 -10.3652 -9.01159 -10.0111 -10.2349 -12.9405 -10.3826 -9.73323 -10.077 -9.6175 -8.45353 -8.26186 -6.18616 -3.82569 -3.25766 -2.33535 -2.40334 -2.94898 -3.53813 -4.74729 -5.12123 -3.30708 -3.59553 -3.51316 -3.72462 -3.61641 -3.38082 -2.09402 -1.92523 -3.05054 -4.18892 -4.05308 -4.62479 -4.06988 -4.52941 -6.07516 -4.3785 -4.53637 -5.14007 -5.21738 -6.08102 -7.9797 -7.53341 -7.64659 -7.08664 -6.39095 -7.30501 -6.96617 -5.39308 -4.88006 -3.44201 -4.47741 -4.6812 -4.49276 -3.72878 -3.94285 -4.22445 -3.09445 -5.70232 -5.80577 -3.98625 -3.19458 -1.96318 -2.07674 -1.48923 -1.26699 -1.3789 -2.05338 -3.26548 -4.25226 -4.48075 -4.36885 -4.99722 -3.99133 -6.11528 -11.1058 -12.0254 -10.3937 -12.3895 -12.3083 -11.3116 -9.60411 -9.81472 -11.0262 -11.886 -11.8789 -11.2385
 -8.3594 -9.04783 -9.72117 -9.13199 -9.58695 -10.3501 -8.95095 -12.1532 -9.51911 -9.68149 -8.38192 -8.43896 -8.08011 -7.72816 -4.535 -3.94572 -2.75333 -0.721769 -2.27242 -3.62085 -4.74571 -4.85565 -4.30562 -2.49147 -2.04314 -1.06435 -2.17844 -1.29841 -2.34979 -1.92185 -2.50525 -3.03829 -4.52935 -5.08691 -4.56789 -5.04642 -5.25364 -6.83893 -5.40095 -4.80489 -5.76093 -5.88361 -4.8432 -7.29465 -8.68105 -7.20876 -7.83646 -6.39095 -6.0673 -5.82314 -6.02337 -5.62276 -3.5735 -4.47741 -4.6812 -3.87272 -3.72878 -1.51941 -1.98377 -3.09687 -2.22612 -3.88552 -2.74568 -2.67792 -1.34811 -0.972567 -0.107277 -0.472548 -0.427729 -1.61735 -2.05338 -4.49896 -3.80569 -5.28287 -5.74364 -6.38443 -5.73835 -8.69121 -11.5093 -12.034 -12.3504 -9.99399 -10.1389 -10.4424 -10.4424 -11.6663 -12.5314 -12.5506 -11.2641
 -9.31252 -9.90003 -9.68266 -10.2745 -9.64134 -8.51402 -10.5204 -10.3082 -9.66175 -8.45708 -7.58976 -8.52227 -7.51134 -7.45217 -4.52268 -3.61969 -1.54638 -1.15944 -0.328708 -4.1833 -4.5344 -3.84231 -4.34602 -1.01694 -2.07947 -1.15629 -1.27679 -0.970656 -1.65771 -1.92185 -4.04757 -3.38379 -4.84698 -5.48291 -5.85546 -5.18565 -5.00157 -5.9478 -5.69744 -5.13864 -5.94397 -6.40833 -4.8432 -8.04447 -6.40359 -6.53336 -7.83646 -6.4765 -4.58019 -5.13669 -6.07653 -6.84916 -7.22809 -5.7646 -6.35276 -3.50448 -1.5022 -1.076 -1.3475 -1.95192 -2.98048 -4.5721 -3.45366 -2.12937 -1.11658 -0.0232984 0.694996 1.02101 -0.00244416 -0.59885 -1.89224 -3.80352 -3.81923 -5.28287 -6.24725 -6.21572 -6.21572 -7.55104 -9.45573 -9.5541 -8.55326 -8.26321 -8.24955 -8.21368 -9.04873 -9.11399 -12.6268 -11.7006 -12.6745
 -9.95685 -10.6029 -10.2632 -11.948 -9.98791 -7.94351 -8.08711 -8.30521 -8.38053 -8.61296 -8.62156 -7.22302 -7.07554 -5.66987 -5.48226 -1.90966 -1.41932 -1.43525 -1.08158 -2.79345 -5.05096 -3.766 -2.88018 -1.13915 -1.13915 0.186801 -0.590525 -0.970656 -1.14257 -2.51513 -2.89131 -5.03493 -4.22955 -4.93554 -4.8917 -5.51622 -3.66209 -5.18393 -5.69744 -4.78774 -4.54495 -7.52015 -8.26278 -6.57047 -5.99739 -5.24619 -7.49388 -6.10821 -5.24107 -5.43284 -5.631 -6.61144 -5.67838 -6.70428 -6.90082 -6.46699 -4.80149 -5.53544 -1.93406 -2.53194 -4.74623 -3.64227 -4.27854 -1.26408 -0.667675 0.44106 0.588992 1.72152 -0.107544 -1.34867 -1.44266 -0.917938 -2.11261 -5.07263 -5.07885 -5.28954 -4.67316 -7.46904 -8.50279 -8.42284 -8.85681 -7.68953 -7.83527 -7.43619 -7.47728 -8.34072 -10.4607 -10.6834 -12.3339
 -8.90528 -10.2156 -9.51049 -10.0271 -9.94178 -8.80616 -6.25039 -7.67014 -8.45805 -7.15727 -7.22416 -7.28119 -7.87558 -6.49651 -5.38066 -3.79291 -1.41932 -1.86452 -0.5576 -2.1278 -4.28709 -4.52265 -1.8709 -1.13915 -0.0598238 0.734172 1.5152 0.0974807 -1.12051 -2.81017 -4.53836 -5.03493 -4.22955 -5.94765 -4.00247 -3.38552 -5.98308 -3.92166 -6.3345 -5.89956 -6.4431 -6.7856 -5.89167 -5.45741 -4.76232 -6.44258 -6.33654 -5.64808 -5.60673 -5.42359 -6.79316 -7.53972 -6.32958 -4.88517 -6.37369 -4.69862 -5.3675 -5.28935 -6.01737 -4.38003 -4.14998 -3.79929 -3.73117 -2.72666 -1.35119 -0.598396 1.59544 1.72152 -0.693843 0.167723 -0.00800544 -0.47452 -1.50336 -1.02866 -3.24923 -4.44152 -4.94175 -4.22213 -5.16354 -7.99977 -7.97269 -7.68953 -7.46313 -7.58845 -7.52079 -6.3417 -6.3417 -9.06332 -10.1909
 -10.564 -9.99086 -11.1718 -8.96543 -8.61227 -8.50177 -7.69072 -6.14824 -8.28119 -6.28017 -8.12442 -7.59017 -7.42722 -5.45248 -5.05117 -3.82317 -2.60043 -1.37321 0.305846 -0.219654 -3.70497 -3.25766 -0.502014 -0.410363 0.0392229 0.215128 2.91283 1.67117 1.02505 -0.100766 -3.94918 -5.63636 -5.00875 -4.39651 -3.45121 -4.0993 -5.7255 -5.16565 -6.14208 -4.38684 -4.9035 -4.67608 -3.54456 -6.13766 -5.53515 -5.27163 -5.72017 -6.78646 -4.94998 -5.3393 -4.96716 -5.53971 -4.68392 -5.29077 -3.56397 -4.63084 -5.31743 -6.46805 -5.24158 -4.60955 -6.70742 -5.74244 -4.97887 -2.49832 -0.582508 0.931846 1.29803 2.34097 1.44766 1.70822 1.60435 0.668138 -1.84039 -1.18739 -1.49681 -4.96717 -4.20102 -4.20102 -5.16354 -5.99436 -6.93324 -8.42101 -5.78044 -5.83479 -6.9362 -6.28564 -5.79433 -7.08738 -8.85684
