# name: MAT
# type: matrix
# rows: 52
# columns: 109
 -2.51847 -3.25662 -5.15084 -6.32217 -7.50259 -7.04278 -7.17901 -6.89601 -5.65961 -5.69156 -4.35366 -3.74311 -5.65832 -6.11336 -5.4937 -4.22651 -3.52344 -5.20688 -4.05316 -3.83057 -4.51958 -4.8734 -3.50879 -3.0496 -3.24683 -3.84036 -6.58278 -7.45352 -7.53262 -7.59242 -8.52347 -6.44604 -6.01934 -6.46766 -8.05147 -9.61493 -8.96974 -9.42025 -9.37027 -9.35626 -9.7056 -11.1726 -9.58066 -10.0461 -7.89718 -9.32535 -9.12533 -9.39728 -8.68499 -7.29675 -5.77409 -6.36036 -4.35174 -5.29812 -5.32198 -3.92027 -6.17817 -6.99659 -6.22385 -5.65376 -5.75505 -6.15783 -7.6324 -7.95445 -7.34279 -7.03635 -6.54848 -5.13503 -6.84335 -5.35406 -1.78719 -2.7723 -2.55989 -2.6242 -1.92851 -1.8431 1.49584 0.655402 -2.11438 -3.03858 -3.6483 -2.79598 -3.62396 -3.79044 -3.93856 -3.56173 -2.20936 -3.16283 -3.211 -3.76736 -2.68475 -3.85663 -2.78794 -4.19627 -3.21422 -4.63301 -4.02014 -4.02014 -4.47461 -4.97864 -6.3256 -6.55955 -6.18741 -6.41737 -4.65105 -5.77151 -5.95232 -5.30504 -5.73998
 -2.8568 -3.9233 -4.9698 -6.50214 -8.6957 -7.88827 -9.08289 -9.14595 -8.31863 -6.75901 -4.29858 -3.34788 -5.53572 -6.10581 -5.52256 -5.64988 -3.6708 -4.535 -2.08124 -2.38755 -4.13375 -4.30145 -3.67726 -4.15059 -4.27775 -3.00217 -4.74889 -6.59551 -7.22613 -8.49116 -8.37288 -8.42503 -8.55828 -8.405 -7.53148 -8.30584 -8.92148 -9.94355 -9.37027 -9.90842 -11.8196 -11.4445 -10.2893 -8.87982 -7.94275 -9.0937 -9.6027 -9.82522 -8.00156 -6.87043 -7.9102 -6.929 -5.41475 -4.9655 -4.85649 -5.71405 -8.38108 -8.43244 -7.66287 -8.16525 -7.16323 -7.06334 -8.12797 -7.05259 -8.51285 -6.77809 -6.26703 -6.06874 -5.3516 -5.45699 -3.40683 -3.31264 -3.81507 -3.94265 -1.79683 -2.76763 -1.02197 -1.54595 -3.32718 -1.88653 -3.69941 -3.64596 -5.06513 -4.51465 -5.96692 -4.27771 -4.20514 -4.09941 -4.6367 -3.65972 -2.91526 -3.2076 -3.69034 -6.30492 -6.32748 -5.2239 -4.80189 -5.291 -5.5991 -7.04976 -6.98898 -8.77575 -6.16097 -4.31702 -5.41127 -4.93011 -7.22389 -5.69781 -5.82018
 -1.42276 -3.75347 -4.89087 -5.56303 -9.20143 -9.74778 -8.65496 -8.71101 -8.92495 -5.64383 -4.72784 -7.27524 -7.2014 -6.60843 -5.69056 -5.42698 -4.99242 -5.85662 -2.66093 -3.6281 -4.08499 -2.85956 -2.20768 -2.47889 -4.96466 -3.27038 -5.28052 -6.26369 -8.93222 -9.29951 -8.59427 -8.58388 -8.58354 -7.99563 -7.29672 -7.62394 -8.54434 -9.40613 -8.63556 -9.94162 -9.61723 -11.0775 -10.2075 -9.49053 -8.77636 -9.92336 -10.1138 -10.769 -9.38895 -10.3174 -7.79857 -7.20216 -6.73793 -6.52584 -4.42336 -4.7526 -7.26534 -9.60887 -8.17503 -9.54441 -10.5095 -9.15308 -10.2649 -8.69273 -7.16904 -5.92558 -4.9662 -4.08186 -3.56021 -3.1563 -3.97992 -4.36249 -4.36965 -3.68189 -3.73029 -1.88956 -1.04283 -1.61388 -4.73741 -4.33628 -5.30339 -5.34571 -4.41718 -3.47039 -4.35927 -5.23423 -3.08494 -4.20514 -4.14758 -2.53825 -4.26402 -4.42735 -4.88044 -6.33593 -6.35849 -6.19285 -6.21188 -6.15892 -6.66824 -6.80514 -5.38601 -5.47961 -4.71756 -3.15949 -2.80417 -5.64841 -5.47025 -6.45976 -6.20388
 -4.48316 -4.0777 -5.56434 -7.11045 -9.48482 -10.2952 -10.87 -11.0133 -8.90163 -8.58685 -6.5882 -6.14124 -7.2014 -6.65925 -4.61084 -4.57535 -3.50739 -4.82155 -5.49343 -4.58165 -4.20101 -1.95064 -1.54874 -1.70137 -2.67296 -3.22917 -4.42536 -6.06777 -6.92664 -10.1696 -9.75397 -10.2932 -7.98986 -7.7653 -7.40938 -9.20541 -7.6641 -7.39895 -10.3376 -10.1384 -10.3539 -11.3691 -12.1375 -10.9369 -10.3227 -9.8281 -9.68563 -10.8877 -11.0136 -13.6136 -8.85525 -8.30788 -5.97711 -6.38856 -6.04626 -7.02843 -7.03082 -8.10156 -11.1552 -10.7964 -11.5799 -12.7277 -9.97952 -8.40321 -7.9747 -5.52156 -4.33883 -4.91192 -5.05463 -5.10067 -5.27626 -6.07767 -6.12899 -4.32231 -2.21861 -2.6635 -1.47136 -2.93017 -3.78435 -3.83316 -4.16571 -4.68727 -5.44834 -5.13719 -4.83791 -6.08104 -3.6393 -3.58391 -4.87213 -5.00241 -6.84974 -5.85377 -7.48939 -6.48124 -7.63181 -7.86495 -7.86495 -7.89792 -7.04014 -5.67037 -4.56542 -5.47961 -3.71341 -3.77583 -3.68155 -5.47513 -7.40397 -6.62795 -7.13731
 -6.65536 -6.66556 -7.23002 -8.41684 -12.3651 -9.65273 -10.9212 -11.9668 -9.40059 -8.12137 -5.45894 -6.62889 -6.76002 -5.23419 -4.24278 -3.51074 -4.51009 -5.04348 -4.40721 -4.54071 -4.28271 -1.93173 -0.262458 -1.82306 -0.650397 -2.76369 -4.08676 -5.5712 -6.45532 -8.7834 -9.47515 -8.09332 -8.5351 -8.10716 -7.4816 -9.3683 -7.70497 -6.99037 -9.2161 -11.0842 -10.8481 -10.9309 -10.4294 -10.2698 -10.3485 -12.2233 -10.1228 -9.68703 -11.0499 -13.6916 -10.2556 -6.91902 -7.38212 -6.2233 -6.73971 -6.68694 -7.48154 -9.76884 -11.484 -12.4977 -12.5973 -12.7949 -11.5537 -9.97088 -8.24644 -8.21473 -5.4665 -5.4665 -5.59878 -5.08947 -4.94938 -4.7286 -5.86832 -5.31724 -2.24747 -2.23141 -2.38977 -2.88511 -5.34216 -4.41904 -3.15062 -4.84696 -5.57867 -5.52643 -5.97431 -6.55861 -6.03963 -5.55766 -7.6144 -7.53785 -6.69501 -6.68689 -7.08233 -5.87516 -6.80963 -7.93544 -7.54181 -7.10788 -7.773 -7.39903 -5.08198 -5.47961 -3.28131 -3.20326 -3.56552 -5.76672 -6.90809 -7.96137 -6.2521
 -8.6983 -7.70273 -7.23002 -10.1615 -11.9477 -10.2092 -10.1895 -9.18224 -10.0235 -8.12731 -7.83961 -9.34746 -8.42902 -6.55985 -4.98842 -4.74475 -6.52221 -5.48132 -4.32838 -4.09076 -2.80139 -2.15842 -2.20619 -2.24939 -1.68622 -3.32526 -4.37619 -5.97596 -6.57607 -7.45265 -9.99181 -10.494 -8.716 -9.20771 -8.9068 -8.14504 -8.02783 -7.69958 -9.28424 -9.4931 -9.72718 -11.0113 -10.0448 -10.7183 -10.7474 -11.7506 -11.2196 -9.63361 -10.5187 -8.34837 -8.7223 -5.74433 -6.16011 -5.70221 -6.56119 -7.98771 -9.86013 -12.2619 -11.7372 -11.529 -11.6739 -12.7168 -11.5209 -9.37949 -9.31545 -9.16543 -8.78476 -6.1546 -5.57293 -5.81364 -5.3977 -5.78896 -4.19415 -4.54261 -4.02542 -3.58944 -4.31348 -5.6282 -6.19392 -4.21158 -4.56008 -5.38297 -4.42863 -4.11681 -5.68413 -6.64092 -8.42072 -10.6838 -10.0174 -8.04313 -7.79021 -8.37862 -7.9625 -6.89215 -7.93191 -8.05298 -9.57333 -7.73308 -8.20802 -7.2759 -8.54179 -5.54147 -3.06209 -3.81362 -4.70739 -7.08599 -8.86709 -6.41272 -5.04596
 -9.71428 -8.65343 -8.89285 -11.9642 -12.0154 -10.2396 -10.6721 -10.2615 -9.18214 -8.20014 -6.12709 -9.40667 -8.3016 -6.09702 -6.05631 -6.0107 -6.77911 -8.21649 -5.23483 -4.61879 -3.42279 -2.61734 -1.51671 -0.796182 -2.59937 -3.5651 -3.84558 -5.92597 -6.54127 -9.60409 -10.0398 -10.394 -7.77292 -11.048 -10.2276 -7.28625 -7.98785 -6.69011 -7.70863 -8.35667 -10.1757 -10.4849 -10.3532 -10.2108 -10.1366 -12.16 -10.5259 -8.67974 -7.04882 -7.00266 -6.96676 -9.55796 -7.70017 -7.66176 -8.14527 -10.2701 -11.3716 -12.4594 -11.2237 -10.5513 -11.0404 -11.2054 -10.9411 -11.0188 -10.1584 -9.73284 -9.15146 -6.66634 -6.7721 -5.58184 -4.54037 -4.65603 -6.05776 -4.92453 -4.51731 -3.0131 -4.94113 -5.77871 -7.12673 -5.55908 -6.41289 -5.16802 -5.65691 -6.90145 -8.50417 -9.49252 -10.2847 -12.9303 -11.9272 -10.0163 -10.5452 -8.78628 -8.69555 -9.21221 -7.54297 -8.72115 -9.74018 -8.69563 -9.16584 -8.79223 -8.23765 -5.28412 -4.90529 -5.35819 -6.85173 -8.21562 -9.33648 -6.96017 -6.87079
 -9.51243 -9.09756 -9.79566 -13.6899 -12.5654 -12.0053 -11.577 -9.79631 -10.2341 -8.29191 -9.28694 -10.7867 -8.57923 -6.87918 -6.05631 -5.98486 -6.5537 -7.69982 -8.13476 -8.07931 -7.38354 -4.42407 -1.23344 -1.61607 -2.28765 -3.15779 -4.84732 -5.40528 -7.39156 -7.22201 -7.38017 -8.24546 -7.93428 -9.58234 -7.49555 -6.20622 -6.63571 -7.14603 -5.83259 -7.21732 -8.14603 -8.6569 -9.25344 -9.37572 -11.4556 -10.914 -9.32345 -8.68299 -8.16633 -8.01449 -7.9304 -10.6411 -10.8692 -9.21393 -9.60812 -10.3035 -11.7938 -11.2888 -11.8264 -10.8667 -11.0887 -10.0086 -10.9267 -10.1222 -11.2541 -9.00743 -8.20215 -6.38254 -5.52828 -6.0984 -4.08084 -6.22971 -6.59231 -5.28939 -3.64676 -4.20134 -5.16645 -5.63581 -7.06792 -6.60762 -6.38898 -5.74555 -7.35619 -8.43153 -9.55657 -11.1083 -11.8032 -12.0071 -12.6929 -10.5884 -10.4621 -8.78628 -8.21022 -9.26199 -8.76176 -8.66692 -9.57372 -8.65613 -8.55624 -10.3993 -8.79102 -8.84706 -9.25103 -7.8146 -6.93586 -9.70463 -9.33648 -6.88966 -6.29173
