# name: MAT
# type: matrix
# rows: 50
# columns: 63
 -3.28518 -3.14204 -1.87868 -2.51395 -0.405682 -2.6419 -2.4911 -4.49542 -6.84871 -7.18217 -7.18217 -6.27977 -6.32597 -5.25437 -3.34444 -3.3892 -1.50473 -1.24412 -1.74435 -4.97984 -3.53745 -7.22656 -5.66203 -7.79228 -5.94096 -7.66477 -6.68468 -8.04528 -10.9016 -10.8159 -10.0872 -9.60128 -8.63025 -6.77594 -6.8156 -6.40732 -4.58065 -5.48163 -3.1807 -5.1512 -4.60383 -3.44874 -3.50778 -4.69309 -5.93707 -7.3163 -7.18219 -6.11073 -5.75047 -7.57462 -6.40211 -3.4542 -4.21109 -2.87748 -3.36659 -2.67774 -4.05148 -5.96879 -4.24678 -3.67785 -6.3214 -8.04973 -8.74994
 -2.77586 -2.41056 -2.75952 -2.64904 -0.855568 -1.56515 -2.42352 -2.4911 -3.67919 -7.81922 -7.18217 -5.81542 -5.44482 -4.94468 -3.94587 -1.91348 -2.03006 -1.11421 -1.76743 -4.07044 -4.56507 -4.25998 -4.05083 -5.862 -6.40532 -8.41728 -8.94394 -8.38322 -8.99266 -10.6081 -8.87637 -8.40008 -6.62101 -6.98958 -7.41571 -5.57613 -4.35482 -3.24768 -2.15761 -3.3389 -4.21611 -4.38374 -2.69737 -3.1352 -6.3797 -8.24605 -7.13082 -5.07191 -6.89589 -7.10207 -3.10882 -3.41301 -3.72139 -3.3249 -2.8891 -2.39775 -4.24886 -4.50124 -2.74308 -4.14897 -5.21824 -6.92055 -8.75032
 -4.2268 -4.2268 -3.76192 -2.49422 -2.82316 -2.45137 -2.38634 -2.22066 -3.51234 -6.5726 -5.12121 -4.9503 -5.44482 -6.02536 -2.69317 -0.93507 -1.90015 0.283712 -1.32959 -4.40065 -2.93742 -2.59769 -0.934181 -3.41517 -5.12795 -7.06734 -9.94603 -10.0579 -10.6363 -9.48247 -8.45109 -6.61546 -7.13061 -6.86126 -7.18226 -6.18057 -3.93774 -3.81945 -4.20876 -3.3563 -4.88563 -4.38374 -4.51323 -3.0567 -5.0708 -8.71625 -7.61277 -6.18819 -6.3942 -4.30842 -4.62579 -1.23327 -1.00394 -3.6963 -1.46751 -2.23138 -3.8254 -4.70428 -5.36373 -6.27813 -4.69584 -8.17198 -8.7364
 -3.09372 -5.50968 -4.19976 -2.47778 -1.7005 -3.01737 -3.85311 -5.15088 -4.93325 -5.4577 -5.60046 -4.69806 -4.6902 -4.92949 -4.16063 -1.46367 -2.5959 -3.40686 -3.40686 -3.80967 -3.21941 -2.49942 -2.68903 -4.14517 -6.1107 -8.5336 -11.2613 -11.3089 -10.5772 -7.59068 -9.56793 -6.36274 -7.84942 -8.19856 -6.7315 -5.87364 -4.43464 -3.77947 -4.20876 -4.82274 -2.34134 -4.67037 -3.81214 -2.59121 -4.58893 -7.82578 -7.93989 -7.66279 -5.84964 -4.71926 -2.02033 -1.99714 -2.6047 -2.87536 -2.99601 -3.74344 -3.71505 -4.38109 -5.50111 -5.52261 -4.5194 -7.64005 -8.41822
 -4.62508 -4.7913 -4.52347 -3.71737 -2.27756 -3.66845 -3.45096 -5.06735 -4.57617 -6.16606 -7.11046 -4.51951 -5.77685 -5.41471 -6.15462 -4.6288 -3.49693 -3.40686 -2.83674 -2.25267 -1.04579 -1.11965 -4.03606 -4.18026 -6.28775 -7.58937 -9.25808 -9.72191 -8.58454 -9.05983 -8.2545 -6.99844 -7.04068 -5.27946 -4.81461 -4.87568 -3.04227 -3.21306 -4.15198 -3.28213 -2.72178 -4.13764 -2.82999 -3.49377 -5.36376 -5.73901 -5.54282 -6.28165 -6.38606 -6.47199 -5.35249 -6.22679 -5.39734 -4.55698 -3.66165 -3.74344 -5.33718 -4.53264 -5.50111 -5.46091 -4.5194 -8.63312 -7.79046
 -4.56509 -4.7006 -5.00586 -4.19977 -4.43799 -5.49144 -4.3753 -6.76863 -5.67324 -5.95566 -5.52356 -4.56181 -5.99581 -5.44742 -6.15462 -3.9247 -4.07849 -4.55444 -2.89669 -2.48052 -2.52059 -0.75576 -3.16035 -3.69144 -4.67796 -7.09279 -8.11324 -7.55175 -7.75046 -9.46097 -10.1817 -7.05751 -7.98903 -7.56495 -4.31805 -2.5019 -2.87005 -0.439566 -2.53805 -3.11732 -3.76979 -5.14217 -4.66886 -6.39003 -5.16476 -4.71381 -4.7631 -5.25187 -6.33375 -6.41969 -6.58789 -5.56589 -7.47779 -7.22011 -6.59911 -5.19266 -5.41339 -4.58047 -5.93246 -6.32436 -6.29959 -7.64311 -8.78798
 -6.30161 -7.44651 -6.25544 -5.8654 -4.98113 -6.29269 -4.99956 -6.33277 -6.24029 -6.5324 -6.45889 -6.19033 -5.99581 -5.60734 -4.19997 -3.39671 -3.72274 -4.83702 -2.87758 -1.88721 0.447645 -2.73977 -4.98858 -2.6885 -5.17882 -8.31162 -8.52483 -8.15042 -7.63882 -8.45546 -8.56765 -5.63682 -6.31729 -5.80258 -2.50699 -2.88687 -3.20774 -1.96338 -0.714826 -2.3025 -6.79668 -6.37876 -7.50239 -4.4636 -4.31616 -3.74857 -4.73056 -5.39593 -5.15232 -6.00416 -6.39265 -5.56228 -8.75808 -9.00604 -7.00927 -5.84122 -5.04769 -3.71115 -4.49405 -6.27106 -6.69857 -6.7621 -8.08193
 -8.8825 -9.56987 -5.73146 -5.76504 -6.16749 -5.37907 -6.00015 -5.35028 -5.08731 -4.96681 -4.94287 -5.35352 -6.09029 -5.62593 -3.89694 -3.89694 -4.29854 -2.99895 -2.84452 -1.92512 -1.90554 -4.17767 -6.74217 -4.26257 -5.73967 -9.65678 -8.46516 -8.05768 -6.89552 -9.13038 -8.56554 -6.2267 -3.9605 -5.00426 -3.95786 -3.59478 -3.02952 -3.23541 -3.30895 -4.84478 -6.36664 -6.13762 -5.52994 -6.78104 -6.78104 -6.87771 -7.13201 -5.12389 -6.98133 -7.45854 -6.61711 -5.71472 -7.20999 -7.90463 -6.58133 -7.91554 -5.93222 -4.54633 -5.52586 -4.87978 -7.29869 -8.0937 -8.81341
 -9.97549 -9.422 -6.76996 -5.61717 -7.3528 -7.67142 -7.61473 -4.20573 -5.64035 -5.5803 -4.84562 -4.41352 -4.45513 -5.05581 -5.40902 -4.52787 -2.76284 -3.43475 -3.35383 -1.92512 -2.57721 -6.1012 -6.18242 -7.24242 -6.98368 -8.32154 -9.98343 -9.67716 -6.96466 -8.05324 -8.63213 -7.41292 -4.47325 -3.37521 -3.27392 -3.03391 -3.15358 -1.84282 -1.53083 -3.66157 -4.33324 -4.89383 -5.81576 -5.72988 -6.90504 -5.7399 -7.98091 -8.40269 -8.79508 -7.618 -6.18449 -5.68557 -8.65566 -9.40378 -8.83269 -9.34474 -7.483 -7.0114 -5.63557 -7.28344 -8.61208 -8.10102 -7.85891
 -9.66184 -7.82934 -8.14979 -6.50694 -6.90674 -4.59398 -6.30786 -6.13448 -6.35905 -6.09957 -5.88253 -4.1794 -3.09639 -4.08659 -3.7886 -2.19274 -2.76284 -3.39836 -5.16691 -4.6577 -4.67439 -8.26322 -8.66696 -6.2073 -8.14142 -8.32154 -8.55256 -8.53356 -8.24325 -8.55493 -7.9417 -6.17766 -5.42438 -5.15079 -3.73352 -3.16526 -1.44667 -1.38614 -2.72281 -2.74184 -2.29293 -3.84043 -3.50308 -4.69879 -5.70341 -6.13381 -6.91559 -7.93078 -7.19007 -7.1691 -6.18449 -6.76108 -9.46266 -8.60702 -11.1099 -8.96315 -9.00805 -7.71865 -7.8926 -6.27812 -8.64839 -8.21345 -9.0799
 -10.4793 -7.51118 -7.20841 -5.94247 -6.35132 -6.28912 -6.43234 -5.70835 -5.34842 -5.33234 -3.94817 -4.54277 -3.27251 -3.03412 -3.90557 -2.23796 -2.93682 -4.45613 -7.07849 -4.88722 -4.95472 -9.21514 -7.99529 -6.10872 -6.63569 -7.59025 -6.60662 -7.46426 -7.59311 -5.91363 -6.23302 -5.59158 -5.61374 -4.54913 -3.00373 -2.53937 -1.6597 -1.5167 -2.31811 -2.90396 -2.53923 -2.11129 -4.25099 -4.7555 -5.12366 -6.62412 -4.61788 -7.47606 -5.87604 -5.87604 -6.61375 -7.87493 -9.39402 -10.8591 -9.96324 -7.77734 -10.0209 -9.54353 -7.02258 -6.74264 -8.00644 -8.64536 -10.237
 -5.68705 -5.32272 -6.08659 -5.94247 -7.43622 -5.04416 -6.44762 -5.92999 -5.50694 -4.89073 -4.84905 -4.39561 -2.28473 -3.49751 -4.53236 -5.9459 -5.41851 -6.85107 -6.39805 -5.40648 -5.14842 -6.4728 -8.48278 -5.08042 -7.21844 -7.51639 -8.53895 -7.39329 -6.72131 -4.68349 -6.81586 -5.1375 -4.52851 -4.35006 -2.57163 -3.68999 -1.21437 -2.01948 -2.45945 -1.27208 -1.82751 -2.35981 -5.46362 -4.28621 -5.31005 -5.10996 -4.78109 -3.95119 -4.77056 -5.23009 -5.30771 -7.80561 -10.0327 -9.6454 -11.4296 -9.77218 -10.8661 -12.5239 -8.52309 -6.83189 -8.453 -8.74837 -9.06701
 -5.1442 -4.08746 -5.37226 -6.01697 -7.04361 -6.66711 -6.39437 -6.7992 -6.53797 -5.82715 -3.72474 -2.55002 -3.94709 -3.98384 -4.00253 -3.35599 -5.06439 -5.19971 -7.32071 -4.82545 -4.4323 -7.00297 -6.88781 -6.49255 -7.39606 -6.4334 -9.87422 -7.33176 -8.34415 -7.6131 -6.9079 -5.40298 -5.2587 -3.03404 -2.99957 -3.73501 -3.75823 -3.08993 -2.73432 -1.02787 -2.80871 -3.25213 -4.53658 -4.81127 -3.11162 -3.62249 -4.53913 -4.82085 -3.64339 -4.23329 -3.55097 -5.95441 -6.94401 -9.14325 -10.27 -10.1077 -12.3134 -12.0971 -11.4472 -7.79143 -8.43312 -8.63623 -8.41735
 -3.82666 -4.27041 -5.82203 -4.98352 -8.13882 -6.81342 -4.69172 -5.51144 -5.84224 -4.97914 -2.2874 -2.20951 -5.25756 -4.47247 -4.46926 -4.29218 -3.75675 -5.51937 -6.06488 -6.95184 -6.61477 -7.01345 -6.223 -8.03674 -7.7852 -7.66683 -10.8227 -9.27057 -8.20085 -6.99586 -7.3183 -7.20509 -5.94496 -2.20547 -3.29072 -1.97563 -3.98988 -3.91988 -2.65501 -0.161736 0.09919 -1.83292 -1.89122 -2.57705 -3.04064 -3.54742 -4.4836 -4.31154 -4.08511 -2.42883 -1.9546 -4.2259 -5.70862 -6.86692 -10.0063 -10.8513 -11.6528 -11.315 -11.7415 -10.9033 -8.64013 -9.20519 -8.22276
