# name: MAT
# type: matrix
# rows: 79
# columns: 93
 -7.64534 -7.09597 -5.98542 -4.87079 -5.335 -6.04924 -4.21698 -4.51943 -6.079 -7.87547 -9.69414 -8.86272 -7.68296 -7.21637 -8.25617 -8.25617 -6.0598 -6.27808 -5.28542 -4.68988 -4.88999 -4.51219 -4.51219 -4.24877 -4.80536 -7.18294 -5.04102 -4.54102 -6.1504 -5.09762 -7.53784 -4.299 -1.37352 -0.383858 1.31838 -1.33284 -5.33255 -5.30491 -3.88649 -2.13698 -3.04078 -3.1656 -3.97351 -4.88713 -7.23993 -5.74021 -7.0168 -5.7447 -6.36511 -6.47464 -6.77267 -6.53259 -6.35702 -5.71215 -5.95372 -6.91839 -1.59785 -0.530184 1.43085 -2.88152 -3.78392 -2.76235 -3.2433 -4.85558 -4.2095 -3.70579 -2.8981 -4.68837 -4.57099 -4.54939 -4.13252 -3.6681 -3.48219 -3.48219 -6.02414 -6.75916 -5.36907 -7.21822 -5.25324 -5.08949 -5.1302 -5.32443 -5.18919 -4.393 -1.16159 -2.21051 -2.44738 -1.54511 -3.43558 -4.71555 -5.82156 -8.37613 -10.7355
 -9.80978 -6.01234 -4.9717 -6.69082 -6.27316 -6.04924 -4.2825 -4.06078 -5.08048 -6.58785 -8.88437 -9.28285 -9.97856 -8.02956 -8.13709 -6.72426 -6.25443 -4.93352 -5.25672 -4.22553 -4.53363 -4.98957 -5.0675 -4.11525 -6.49484 -6.67983 -4.61308 -4.11176 -4.18226 -5.92012 -3.14977 -3.02881 -0.352401 0.707637 -1.50897 -4.55437 -5.41148 -5.98017 -3.82609 -3.918 -3.71541 -3.68907 -4.43383 -4.69561 -5.58201 -5.77468 -5.12657 -7.45424 -6.42221 -5.70797 -7.11629 -6.68328 -5.18322 -5.80833 -6.00206 -6.65977 -2.66855 -3.02428 -0.958995 -2.30291 -2.80507 -2.4289 -3.16685 -3.5776 -4.92558 -3.1714 -2.39702 -4.02021 -3.85541 -5.25539 -5.76098 -6.67326 -5.17186 -3.95976 -5.40583 -5.09841 -4.15136 -6.00052 -5.15113 -5.54197 -3.65872 -5.08322 -4.65168 -3.95239 -4.41503 -3.87246 -3.06519 -2.72563 -3.43558 -5.66625 -6.27795 -7.30249 -7.8806
 -8.92403 -5.81231 -5.05256 -4.9445 -6.04535 -5.72264 -5.79077 -5.81359 -6.81612 -7.63425 -8.69331 -8.51898 -10.0065 -9.1827 -6.99599 -4.94006 -2.55539 -3.1186 -3.9624 -2.77286 -5.12114 -4.88199 -5.65501 -5.91487 -5.48019 -3.60431 -3.34693 -1.92892 -3.19099 -4.95624 -1.86185 -2.03288 -0.738576 0.0206926 -1.29571 -4.10335 -5.19936 -6.06834 -6.029 -4.75867 -3.86794 -2.54302 -3.27118 -3.67835 -6.3678 -6.96905 -4.94494 -7.16361 -6.9224 -7.71542 -8.36947 -7.37862 -4.84045 -5.91276 -9.25589 -9.42111 -7.49561 -4.97589 -2.43655 -2.28259 -2.02962 -2.48967 -3.9398 -5.07379 -4.59389 -5.9461 -5.11282 -4.41084 -5.65368 -6.20513 -7.44858 -7.25653 -7.16445 -5.44272 -6.34439 -7.0141 -8.12841 -4.75755 -5.76988 -4.90544 -4.61395 -5.09265 -5.54838 -6.32041 -5.50444 -5.56266 -4.63348 -3.22015 -5.13609 -6.62625 -7.04414 -6.28815 -7.81447
 -8.5576 -6.6091 -4.74444 -6.33976 -7.39364 -7.22167 -6.74242 -5.33703 -4.11644 -6.81635 -8.46292 -9.50616 -9.36546 -7.03774 -7.04145 -5.58879 -5.32037 -3.74255 -2.47862 -2.17921 -2.49434 -3.62098 -4.9099 -4.3063 -4.11362 -4.7855 -3.34693 -2.40412 -2.75283 -3.52391 -2.83779 -2.522 -1.13795 -2.20528 -4.20008 -4.21387 -6.52065 -5.89142 -6.56319 -6.32075 -4.97266 -1.53244 -3.86325 -4.32575 -5.1795 -7.84288 -7.79122 -6.92831 -9.03598 -7.99957 -8.09464 -7.66829 -7.96638 -7.77372 -7.77298 -6.99142 -4.88357 -3.32542 -4.42741 -6.47592 -5.52573 -5.58439 -5.06143 -5.07379 -6.22102 -7.79502 -7.02256 -6.59959 -6.92646 -5.97941 -5.55096 -6.07121 -6.94282 -7.75541 -6.45678 -7.86081 -9.43582 -6.66508 -6.82831 -5.52039 -5.33403 -6.23642 -6.28775 -5.77179 -7.40199 -8.1542 -5.08477 -4.70166 -6.99298 -7.76735 -7.04414 -6.73811 -7.81447
 -6.27732 -5.25674 -4.61968 -6.51487 -6.23063 -6.05219 -6.07801 -6.86579 -6.65263 -8.37985 -9.59672 -9.71298 -7.11527 -6.66297 -7.17811 -6.75766 -5.75246 -5.41263 -1.79236 -2.47727 -1.68203 -1.30487 -3.50735 -4.39888 -5.22334 -5.22334 -2.68316 -1.13605 -3.06807 -2.2194 -4.10824 -4.5597 -3.02528 -2.98356 -3.20344 -3.5772 -5.3935 -7.63496 -7.09281 -6.02745 -5.50512 -1.99568 -5.0567 -4.8602 -5.64032 -5.67085 -7.46159 -9.92195 -8.34972 -9.56207 -8.91006 -10.4917 -7.96638 -8.2703 -7.16587 -5.67432 -4.66468 -4.71751 -5.43299 -4.89711 -7.73398 -8.86983 -8.10633 -7.81905 -7.5518 -8.2605 -8.00319 -6.59076 -6.37608 -5.71044 -5.1231 -4.67352 -6.85233 -6.86599 -6.69658 -9.09553 -8.43821 -7.84802 -6.75446 -5.52039 -7.21314 -7.38405 -6.90412 -7.42802 -6.90146 -7.44097 -6.55184 -6.91146 -7.84628 -7.27804 -5.5816 -6.59718 -7.33417
 -6.13467 -7.58729 -6.25575 -6.75886 -8.23625 -7.37721 -6.16511 -6.78858 -8.46795 -7.93467 -8.96766 -8.48883 -6.4644 -6.51068 -5.81286 -5.24213 -7.5291 -6.4592 -3.92285 -3.52218 -0.818586 -1.39167 -3.44338 -4.73403 -5.72003 -5.67167 -4.49672 -2.94752 -1.64357 -1.0992 -5.81591 -4.3314 -2.02186 -5.02119 -3.22771 -3.13021 -5.28952 -5.99716 -5.51264 -8.43288 -3.51068 -2.63112 -4.74084 -5.84432 -6.99905 -6.24886 -8.43369 -9.42637 -9.13415 -10.837 -12.8847 -9.97839 -10.1353 -9.43574 -8.84722 -9.563 -7.02727 -6.58699 -7.80258 -5.35424 -6.50274 -8.8911 -9.56137 -9.19823 -8.86061 -7.20797 -7.44431 -5.62629 -6.31758 -6.37608 -6.50066 -5.40626 -7.51326 -5.9739 -5.35322 -7.78556 -8.38567 -9.85574 -7.61318 -8.2523 -9.17978 -7.39355 -7.52722 -7.88296 -7.9135 -8.42334 -7.03109 -7.49048 -8.29694 -8.79642 -9.48414 -5.87686 -4.21773
 -5.36087 -6.84815 -6.30658 -8.41864 -8.72249 -6.79999 -7.66528 -6.78096 -8.55186 -8.52554 -8.44368 -7.34589 -6.94364 -7.56002 -7.02903 -5.25679 -6.98765 -6.95199 -5.29567 -4.34711 -1.91261 -2.87759 -3.81546 -4.73403 -5.72003 -5.72906 -4.57498 -2.43713 -0.825126 -2.31306 -6.86064 -5.58603 -5.51431 -5.11958 -1.71979 -3.42595 -5.11383 -5.9893 -5.51264 -8.51772 -5.07466 -3.84136 -2.77996 -7.65871 -7.46222 -8.2617 -9.27057 -9.24128 -7.34727 -10.5552 -12.4526 -10.6519 -10.3075 -9.60143 -10.0529 -7.89815 -7.81276 -9.73612 -8.55023 -8.8121 -9.45844 -9.06298 -9.58167 -9.33428 -8.50878 -5.62992 -7.59398 -7.41832 -6.09954 -5.04655 -6.71884 -7.94828 -6.56134 -5.54597 -5.16507 -9.32088 -9.32088 -8.96212 -9.06332 -9.84558 -9.41167 -9.56707 -10.8872 -9.89854 -8.77862 -8.74377 -7.98415 -7.27479 -8.54082 -7.42527 -7.9575 -8.15202 -5.33644
 -6.86052 -6.6953 -6.99063 -7.39385 -7.99993 -7.06747 -8.59779 -8.50978 -7.21227 -8.00156 -7.89337 -7.81895 -6.94531 -6.27343 -6.22003 -5.02275 -6.67003 -4.52647 -5.38874 -4.46084 -3.07389 -2.64179 -3.58658 -3.12339 -4.19007 -4.57723 -3.46275 -4.0436 -3.05977 -3.60289 -5.03062 -5.07462 -4.64254 -5.22037 -3.02705 -6.17506 -6.63942 -7.42314 -6.43583 -8.07695 -6.46465 -4.32923 -3.26783 -6.2274 -8.65611 -6.87626 -6.73322 -7.77969 -7.73699 -8.37757 -8.85029 -7.41133 -8.28806 -9.65612 -8.31067 -5.52022 -7.21337 -8.78434 -10.1817 -10.5015 -9.613 -8.6432 -10.4903 -10.4033 -8.50964 -7.91475 -8.76962 -9.02101 -7.59471 -6.91201 -5.83013 -9.81634 -6.47602 -7.55831 -5.83764 -7.14749 -7.46858 -9.82724 -10.5348 -8.40057 -8.39136 -9.05424 -11.1884 -11.1884 -11.5304 -11.0213 -10.4626 -8.8025 -8.08265 -8.8618 -8.27358 -9.20083 -5.1421
 -7.10425 -5.20725 -6.41779 -5.50338 -9.24238 -9.12177 -8.09407 -7.64449 -6.56619 -7.43147 -7.6783 -6.17747 -6.22507 -7.31569 -6.51827 -4.07359 -4.92963 -3.30153 -3.35791 -2.95583 -2.86384 -3.33632 -3.66653 -3.5316 -4.3164 -4.63806 -4.29385 -4.88 -5.33593 -6.40625 -7.17021 -5.07462 -6.37085 -6.24727 -7.10248 -5.51325 -7.65928 -7.60282 -8.05057 -9.45138 -7.98765 -6.0583 -4.38217 -3.98176 -6.49428 -5.96433 -6.18387 -8.50153 -7.82419 -6.98811 -4.32727 -4.90905 -6.23213 -7.76862 -5.96815 -5.42295 -7.189 -8.68707 -9.18242 -9.90882 -7.95021 -8.74668 -9.99491 -8.99724 -8.80241 -8.23508 -8.76292 -9.02181 -8.0562 -7.59072 -7.25487 -6.81254 -5.96838 -7.78745 -5.61316 -7.2441 -5.58183 -4.61967 -7.62001 -5.12453 -5.12453 -4.79712 -6.90239 -8.89019 -8.59967 -10.0174 -9.84403 -8.48616 -8.08265 -9.87831 -9.59519 -9.04823 -4.85858
