# name: MAT
# type: matrix
# rows: 62
# columns: 134
 -14.039 -13.9559 -15.7614 -14.1095 -11.6225 -10.6065 -14.4825 -14.9204 -14.5168 -13.9204 -13.5002 -11.6314 -12.2278 -10.3203 -8.13596 -6.78955 -7.09497 -7.59869 -8.9029 -6.90793 -5.44485 -7.03775 -6.17168 -7.49223 -7.55743 -4.47819 -3.61903 -1.11812 -1.17128 0.913378 -0.950304 -0.477772 0.0923193 -0.418809 -0.874677 -3.65003 -2.99145 -4.24648 -5.18424 -5.80671 -5.87249 -4.6586 -5.50993 -5.12046 -3.82538 -3.30111 -0.583003 0.899566 -0.191339 -0.446691 1.43008 -1.9206 -3.9369 -2.4077 -2.05521 -2.58384 -3.55756 -2.50315 -1.26757 -1.5327 -0.783088 -0.768681 -0.58847 0.488937 -1.32676 -1.40915 -2.49354 -4.12258 -4.27902 -3.209 -3.17295 -3.3655 -2.97603 -3.15366 -4.39876 -3.42473 -4.0984 -6.83194 -5.76058 -5.91095 -4.73923 -6.8301 -5.75432 -8.31732 -8.95184 -8.03953 -8.16536 -8.5277 -8.7314 -7.28896 -7.55497 -6.7068 -7.71614 -8.29347 -7.14343 -2.73127 -4.65696 -4.29199 -3.37956 -1.07905 -1.2609 -1.41017 -3.47426 -3.43775 -2.39344 -3.6045 -3.67252 -4.34634 -6.85356 -6.84828 -7.57977 -7.06311 -7.93772 -7.81033 -7.81033 -7.82222 -7.29991 -7.80746 -7.81545 -8.61093 -8.09426 -7.21674 -6.6648 -6.91829 -6.81685 -5.86928 -6.38442 -6.68287 -7.31311 -7.52042 -8.66494 -9.15946 -10.0246 -10.0246
 -13.5477 -13.6216 -15.0299 -12.411 -11.4595 -10.4436 -11.3908 -12.445 -14.127 -12.6011 -13.3756 -13.406 -11.5965 -9.39501 -6.6768 -6.31707 -7.23392 -7.40277 -6.22923 -6.27092 -4.19285 -4.59547 -6.2485 -6.42109 -7.47462 -5.50966 -3.18694 -3.07622 -1.12686 -1.42893 -1.77636 -0.339478 -0.156061 -1.42838 -1.62075 -1.45049 -1.82579 -2.385 -5.31563 -5.60524 -7.13096 -3.79349 -5.78594 -6.51514 -4.70431 -3.6012 -3.54963 -0.475035 -1.99804 -2.49419 -0.972863 -1.06895 -1.91352 -4.1201 -4.10501 -3.76605 -3.93124 -2.54225 -1.7634 -1.76783 -1.27799 -0.768681 -1.57457 -2.61537 -0.484978 -1.74924 -1.92904 -3.17452 -4.8157 -5.03738 -4.37293 -5.44791 -2.71053 -3.53231 -2.67896 -5.11728 -5.43345 -8.38035 -7.6571 -6.17831 -5.66317 -5.78898 -5.58718 -8.31732 -8.48541 -8.60577 -8.37812 -7.95341 -8.32146 -8.37984 -8.44551 -9.25315 -9.35445 -8.21822 -5.02086 -3.22127 -2.20529 -4.23871 -3.36562 -3.24665 -3.7259 -3.58671 -3.00033 -5.37942 -4.33699 -4.35139 -3.92493 -5.81085 -6.85356 -7.23159 -7.20624 -7.93772 -7.42116 -6.40024 -7.34484 -6.84173 -6.81512 -7.33288 -7.2665 -8.33124 -7.91826 -6.83661 -6.83661 -5.38261 -5.38261 -4.79764 -4.89962 -6.89005 -8.21551 -8.21551 -7.52042 -8.66494 -9.15946 -10.6121
 -14.651 -14.651 -13.6159 -10.2367 -10.728 -11.3087 -10.4859 -9.38691 -8.9023 -10.7778 -9.72629 -9.2942 -9.5239 -8.54252 -7.01702 -6.30792 -7.87097 -6.96202 -6.23739 -7.25855 -4.50136 -5.81008 -6.72237 -5.9585 -5.54249 -3.53505 -3.25105 -3.11464 -0.746641 -3.46767 -2.75123 -1.17026 -1.98852 -3.58665 -3.35582 -3.8754 -5.88084 -4.83061 -5.44907 -7.73642 -7.19095 -5.09481 -5.78594 -6.90178 -4.71275 -5.39067 -5.09664 -1.797 -2.14872 -0.727027 -0.735704 0.281516 -3.55178 -5.67694 -5.77983 -4.63134 -4.76069 -5.26089 -4.69069 -3.58406 -2.65842 -3.24593 -4.67529 -4.10951 -4.91425 -2.69071 -5.24654 -5.89394 -3.63334 -0.395353 -3.40245 -3.55898 -3.55322 -4.1661 -6.81025 -6.36333 -7.96211 -6.77099 -6.44328 -5.89675 -7.9525 -6.18475 -6.51653 -7.70582 -8.01508 -8.18343 -6.12366 -7.64446 -8.46721 -9.43589 -8.4097 -8.63678 -8.42324 -8.89838 -6.98941 -4.03688 -4.5465 -4.0552 -2.6649 -3.77886 -2.63601 -3.58406 -4.32083 -4.30582 -5.30917 -5.20751 -6.38504 -7.45322 -8.6263 -8.12972 -8.60652 -8.15693 -7.90637 -7.35094 -7.36544 -6.15002 -6.15106 -6.19349 -6.71403 -8.28248 -6.83857 -6.28663 -6.99641 -5.25636 -4.74673 -5.89928 -6.43226 -7.37047 -8.21551 -8.21551 -7.52042 -8.66494 -9.25245 -11.3072
 -13.6889 -14.2543 -13.4634 -10.8152 -10.0436 -8.86957 -8.7346 -7.41484 -7.41484 -8.76615 -9.05462 -8.13342 -8.13342 -7.12462 -7.18573 -7.80064 -9.05841 -8.99888 -8.8666 -8.56302 -5.60277 -7.29042 -8.64701 -5.7805 -4.04383 -3.67156 -2.63193 -2.8956 -2.89967 -5.10966 -3.92119 -3.98679 -3.36712 -3.49366 -3.26342 -5.29741 -5.71788 -6.75752 -6.73842 -8.16851 -8.02285 -5.49461 -7.59479 -8.40305 -7.75957 -6.72727 -5.10406 -3.34948 -2.03376 0.496138 -1.00939 -2.28334 -3.86624 -5.3421 -5.74961 -7.99812 -5.83204 -5.05429 -5.63982 -1.51556 -3.23831 -6.27721 -5.89059 -5.41134 -8.5528 -7.58317 -4.798 -4.77373 -4.84034 -2.88691 -2.51897 -5.04472 -5.86641 -5.79655 -5.26088 -6.13322 -6.13937 -6.07285 -7.76951 -6.55739 -5.7887 -6.6122 -7.61751 -7.30366 -7.96801 -7.00258 -6.63975 -7.11712 -8.63037 -7.9535 -9.12851 -9.09201 -8.81174 -8.58972 -6.53234 -7.67325 -6.33329 -5.84198 -5.0317 -6.25327 -6.7843 -5.4954 -3.67206 -3.67206 -5.19197 -4.92334 -5.37329 -6.41671 -6.83977 -6.29794 -7.01346 -7.50477 -6.53862 -6.71467 -7.45884 -5.72208 -6.5996 -7.22954 -7.16256 -7.22334 -7.43148 -4.79539 -5.29197 -4.62009 -5.82645 -7.004 -8.06954 -9.00775 -9.29995 -8.82975 -8.84883 -8.3392 -9.48206 -8.76448
 -11.6275 -12.7524 -11.5017 -9.61154 -8.26568 -6.82044 -6.6467 -5.43633 -6.36203 -7.44016 -8.75629 -7.99242 -8.13342 -8.59777 -8.65538 -7.34111 -9.05841 -8.52151 -8.99888 -9.07408 -5.57986 -7.62098 -7.04789 -5.37249 -5.07906 -4.3639 -3.32004 -3.34556 -4.27905 -6.49391 -4.98713 -4.99973 -3.89099 -4.40062 -5.09743 -5.86585 -6.21015 -7.39458 -7.24058 -7.99636 -9.4824 -8.45479 -8.53619 -8.85263 -8.9916 -9.08836 -7.31744 -4.39826 -4.02445 -2.64425 -3.57523 -4.60459 -3.21171 -5.20744 -6.42568 -6.05009 -4.98466 -5.18074 -5.67732 -4.02125 -6.13998 -6.90484 -7.63803 -8.31724 -8.78646 -9.93192 -9.29415 -7.22692 -6.92748 -5.09065 -6.07105 -5.85329 -5.67464 -6.34996 -4.63514 -5.85908 -4.96094 -6.05617 -6.47676 -7.94245 -7.89324 -5.8114 -8.18916 -8.16476 -8.99705 -8.31152 -5.34216 -5.81953 -8.22291 -6.9037 -7.29799 -8.78846 -8.26841 -8.28618 -8.2336 -8.87329 -9.4504 -7.71835 -6.62239 -8.41644 -7.27291 -8.07134 -4.86059 -5.08844 -5.20284 -5.37224 -5.8222 -5.94338 -7.31715 -6.74626 -6.29794 -5.2848 -6.4969 -6.35533 -6.87199 -7.62262 -7.18768 -7.30293 -7.21394 -7.3222 -7.25778 -6.19357 -6.24162 -5.6385 -6.20616 -7.59151 -8.06954 -8.58468 -8.43466 -8.82975 -9.41892 -9.43634 -9.43634 -8.77958
 -11.4431 -11.3602 -9.859 -9.46175 -8.24647 -7.2305 -7.22761 -5.64847 -7.0337 -7.22548 -7.25514 -8.38376 -8.02468 -9.15012 -8.33643 -8.31857 -8.56151 -7.31215 -7.78953 -8.39138 -5.5435 -6.1016 -7.16688 -6.44917 -6.10507 -6.41011 -3.38448 -3.83443 -4.15155 -4.526 -6.40081 -5.97089 -4.89514 -4.89514 -6.03659 -6.83331 -6.71387 -7.18261 -8.50403 -9.21323 -10.2507 -10.2888 -10.3543 -8.81924 -9.50288 -7.92572 -7.60592 -4.75416 -2.11794 -3.11011 -3.25671 -3.84823 -5.01656 -6.05248 -7.22436 -4.88924 -3.72414 -3.89292 -5.44721 -5.42926 -5.90615 -9.25041 -7.66454 -8.74934 -10.3623 -10.8994 -10.0345 -9.70478 -10.0079 -7.85514 -5.78104 -6.19701 -5.14896 -5.17911 -5.9855 -7.06026 -6.37474 -6.47067 -8.78878 -7.68733 -9.29831 -8.16537 -8.66653 -9.97687 -10.4766 -9.23848 -8.19971 -7.6764 -7.81802 -7.87245 -6.9003 -9.91914 -8.29773 -8.53611 -11.1793 -9.77404 -9.5 -8.12681 -7.20063 -8.2703 -7.91899 -6.7791 -7.22189 -8.18648 -5.20284 -5.20284 -6.95082 -6.48646 -7.47962 -7.91366 -8.81606 -5.78138 -6.14824 -6.18032 -6.69698 -7.41496 -6.4769 -8.54772 -7.26121 -8.18573 -8.18229 -6.66974 -7.1916 -7.5357 -6.65923 -7.45893 -8.36753 -8.0009 -8.9391 -9.82048 -9.35028 -9.3677 -8.1556 -7.72766
