# name: MAT
# type: matrix
# rows: 52
# columns: 153
 -13.373 -14.0621 -13.7321 -10.599 -9.72128 -9.14819 -9.16292 -9.51272 -10.7224 -10.9787 -12.1218 -13.257 -13.881 -11.7904 -12.461 -8.71239 -7.56918 -6.23914 -6.06616 -8.05282 -8.81632 -10.9168 -10.7459 -10.2863 -12.5413 -11.6305 -9.79528 -9.2713 -8.66953 -8.20696 -8.09492 -8.25343 -6.58314 -8.34459 -6.57741 -5.35727 -5.25868 -6.20806 -8.45652 -8.76934 -9.97348 -12.2595 -13.0937 -15.1216 -14.4265 -12.5726 -11.0945 -10.8698 -8.54537 -9.54772 -10.8161 -10.2733 -9.74929 -8.59765 -7.8779 -8.23131 -7.68967 -8.37906 -7.83881 -7.38155 -6.58391 -3.32369 -4.3928 -5.47532 -6.36869 -7.88574 -8.25064 -7.18511 -9.75245 -9.4765 -9.4765 -11.4424 -12.1225 -12.9306 -10.5373 -6.99439 -7.51994 -8.90315 -9.62319 -8.89374 -8.22805 -8.73177 -9.01914 -5.20107 -5.26605 -5.71459 -5.84751 -6.857 -6.36914 -5.91909 -3.92331 -4.84843 -5.35116 -4.90774 -6.09083 -5.04233 -6.98697 -6.31888 -5.46025 -6.28867 -6.18293 -6.97665 -8.58991 -8.41787 -8.97166 -10.5288 -9.50008 -9.5117 -10.2164 -10.3866 -10.3866 -7.33194 -7.71143 -7.26288 -6.74846 -6.15879 -6.14471 -7.39089 -6.66739 -6.66739 -7.78942 -11.4251 -12.8672 -13.4835 -15.9841 -13.7554 -12.7394 -13.4224 -15.6218 -15.0722 -15.5015 -15.0222 -13.2767 -13.6342 -15.3893 -15.9389 -14.9962 -14.7218 -15.0617 -13.9177 -14.2665 -13.819 -16.0451 -15.472 -15.5719 -14.8648 -14.6046 -15.7986 -15.6332 -14.5072 -15.0224 -16.6934 -15.9931
 -14.0093 -13.647 -12.998 -12.5129 -10.0228 -10.0228 -10.0375 -9.77096 -11.0236 -12.0399 -11.153 -10.8427 -11.895 -11.9604 -10.7163 -8.01087 -7.2082 -7.1737 -7.69768 -7.60879 -8.89322 -10.245 -9.02156 -10.5254 -13.0336 -12.086 -8.10076 -9.51089 -9.54539 -5.84606 -5.68821 -6.98743 -6.4949 -7.76848 -5.26847 -5.00313 -5.06691 -6.36687 -6.85974 -8.87285 -11.1892 -11.7593 -14.252 -16.1333 -13.9263 -11.5764 -11.0945 -12.2039 -9.80656 -10.3562 -10.4586 -11.4775 -10.947 -9.77362 -10.2307 -6.74038 -7.11101 -8.46319 -7.83881 -7.38155 -6.45102 -3.32369 -2.72284 -3.09935 -2.88149 -6.07268 -6.15565 -7.84687 -6.60334 -9.4765 -9.4765 -11.2453 -11.8454 -11.9252 -11.7327 -7.9897 -8.65378 -9.45141 -10.0739 -8.67073 -9.17205 -9.99172 -8.49064 -8.34568 -7.16377 -6.78276 -6.41208 -6.94626 -6.53761 -5.68232 -4.60957 -5.62586 -5.4574 -4.32024 -4.38799 -6.88163 -6.92823 -7.45295 -5.02612 -4.84116 -4.70161 -6.31287 -8.13996 -8.87432 -8.4432 -9.66362 -11.3267 -10.8384 -10.8384 -10.4323 -8.36208 -6.35906 -8.21359 -8.21359 -5.94773 -5.38138 -4.929 -6.36131 -7.31479 -6.66739 -9.23317 -10.9607 -13.0062 -13.0062 -14.4585 -14.2183 -13.6664 -13.9276 -15.0722 -15.5015 -15.5015 -16.0548 -14.5287 -11.8087 -13.2212 -15.5148 -16.0644 -16.0644 -14.6121 -14.4169 -14.8679 -15.5091 -16.0451 -16.0451 -14.2313 -13.4366 -13.9688 -14.6551 -14.4687 -15.0462 -14.8547 -15.5053 -16.4995
 -12.5104 -11.2911 -11.5578 -12.2402 -11.5894 -10.5781 -10.6036 -9.98212 -9.98212 -11.7067 -12.2345 -12.0441 -12.0471 -10.5965 -8.20933 -6.81775 -6.2575 -7.67681 -8.20079 -8.46396 -8.81466 -10.1597 -8.93634 -9.60011 -10.8011 -11.936 -8.50801 -8.03861 -5.99868 -4.85279 -5.68821 -6.74938 -6.55638 -7.76848 -5.32942 -4.38373 -5.49063 -6.74579 -7.43605 -9.9526 -11.123 -12.2295 -13.5506 -15.6331 -14.3544 -11.5692 -12.2388 -12.2039 -11.4189 -10.3562 -9.77922 -10.9682 -10.5178 -10.5266 -9.60481 -8.60977 -7.55491 -7.57657 -7.99849 -5.93945 -5.10853 -2.2314 -2.3195 -2.96096 -0.543311 -2.72378 -6.02071 -6.68509 -7.0264 -8.95029 -10.1111 -10.3659 -11.2934 -10.337 -10.9649 -8.60211 -7.23872 -8.79641 -9.88207 -10.1472 -10.0823 -10.6652 -9.68809 -10.1239 -9.18923 -7.6925 -9.1098 -8.90686 -7.67363 -7.26793 -6.7953 -6.29753 -6.7091 -7.09122 -5.31098 -6.49643 -7.09969 -5.31674 -5.48205 -6.30326 -6.17436 -4.64752 -4.1959 -7.76771 -6.63076 -9.352 -9.56462 -9.92992 -10.3894 -9.89287 -6.73951 -6.50919 -7.59886 -8.24974 -5.68271 -4.0337 -4.43864 -6.85789 -7.25325 -8.26549 -9.23317 -11.0734 -12.536 -13.0062 -13.2313 -13.5466 -14.1514 -14.5793 -13.6448 -14.7389 -14.7389 -16.1455 -13.9918 -11.3737 -12.9627 -14.1915 -14.5823 -15.1319 -14.9759 -15.1552 -16.8222 -16.8739 -16.8903 -15.3425 -13.9386 -14.6007 -16.1314 -16.6465 -14.6476 -15.854 -15.1299 -15.8165 -16.4995
 -12.6382 -12.6382 -12.6382 -11.6524 -10.3703 -9.93825 -8.05291 -8.41432 -9.53939 -10.5176 -11.2763 -9.31074 -9.39931 -8.908 -6.70929 -6.53481 -6.8816 -6.84146 -6.30417 -8.4208 -9.25029 -8.27074 -8.17921 -8.85109 -8.39943 -10.5504 -8.57148 -6.63409 -5.91789 -5.5567 -5.70128 -6.84817 -5.73819 -7.13472 -5.93252 -4.36635 -4.50026 -6.36252 -6.79046 -9.43254 -10.2237 -12.6616 -13.564 -15.7003 -15.0005 -12.7246 -12.2766 -12.7022 -11.4893 -9.77922 -9.77922 -10.498 -11.3871 -10.5485 -10.3125 -9.69319 -7.73976 -8.52728 -9.17622 -7.40465 -6.6462 -1.45635 -3.22401 -1.66889 -3.37296 -2.45686 -4.93549 -6.09868 -7.17116 -9.6337 -8.65871 -9.2337 -10.8304 -11.5593 -10.3739 -9.50518 -6.10421 -7.66191 -9.19755 -9.89229 -10.5217 -9.35115 -7.75235 -9.12642 -7.49192 -8.20815 -11.1411 -9.34463 -8.39405 -6.94456 -6.29142 -3.71381 -3.70842 -5.74908 -4.57068 -3.7578 -3.71197 -4.51293 -5.30429 -5.42933 -5.22856 -3.95774 -5.18755 -7.57447 -5.06568 -5.34902 -8.02783 -8.56507 -8.88595 -8.24041 -7.03798 -7.07578 -6.45941 -6.4599 -6.40697 -7.28727 -6.72952 -6.41636 -8.11854 -9.05724 -9.13076 -12.2153 -11.5436 -13.207 -13.635 -14.5793 -13.9151 -14.243 -13.597 -13.5971 -13.5671 -14.9573 -13.6745 -12.3742 -11.804 -10.7161 -11.8909 -13.7181 -14.1968 -17.1732 -18.333 -15.9836 -17.3271 -15.899 -15.4501 -15.5962 -15.5268 -15.8919 -15.8146 -15.3312 -16.3193 -16.265 -17.0289
 -12.1727 -11.6814 -11.1869 -10.1206 -10.1206 -9.86663 -8.96926 -7.1718 -9.06437 -9.06437 -9.19757 -7.03458 -8.90501 -7.52594 -5.57726 -5.9404 -6.47009 -4.83984 -7.15494 -8.10564 -8.80725 -8.05198 -8.91543 -8.27318 -11.0259 -11.5645 -7.67454 -6.68702 -5.48295 -5.44448 -6.18914 -6.84817 -5.79135 -5.87633 -5.52811 -4.48287 -4.48287 -6.36252 -6.91446 -9.11424 -10.2782 -13.4682 -14.0643 -16.1745 -13.8158 -13.291 -12.7788 -12.7022 -11.8104 -9.74888 -9.74888 -11.7625 -11.28 -10.1161 -9.95847 -8.27264 -6.13786 -9.38479 -8.26059 -7.01035 -6.65214 -4.04251 -1.15675 -1.05115 -2.16686 -3.1693 -6.48343 -6.34725 -7.04023 -5.22995 -8.03256 -8.47462 -9.73097 -9.36368 -9.2376 -7.86452 -7.3142 -7.95526 -9.17566 -11.0895 -11.5253 -9.79234 -7.02712 -7.66163 -7.15816 -7.08665 -7.95177 -8.15499 -9.13184 -6.81197 -6.33377 -6.95098 -4.88567 -5.39371 -3.9577 -4.06346 -3.65086 -4.69733 -5.80125 -4.54497 -5.05008 -5.14831 -5.71433 -6.06746 -4.49557 -4.53338 -6.46292 -7.43218 -7.78798 -9.47835 -6.99053 -6.52618 -5.8624 -6.52666 -5.97203 -7.13815 -6.55977 -5.98916 -7.72998 -7.37531 -8.89018 -11.9184 -12.9465 -12.6669 -13.6406 -13.4377 -13.67 -13.67 -13.024 -13.024 -13.5671 -14.9573 -13.6658 -11.3673 -10.9294 -11.0015 -11.5691 -11.4119 -12.2724 -15.8863 -16.4592 -16.181 -17.1813 -15.9503 -16.4277 -15.9575 -16.5485 -16.3405 -16.3405 -16.4454 -17.4335 -17.4545 -18.1872
