# name: MAT
# type: matrix
# rows: 73
# columns: 85
 -6.62588 -7.22427 -8.67309 -8.68531 -6.80952 -7.20792 -6.4683 -6.50651 -8.48203 -9.03503 -10.0738 -9.33555 -9.32987 -9.50588 -9.79824 -10.9034 -11.5933 -11.7961 -9.50856 -9.05607 -10.4633 -7.85176 -8.6068 -6.40639 -8.47606 -8.80786 -7.69038 -7.146 -5.7194 -6.88534 -8.07129 -6.26813 -7.76543 -7.79488 -9.85188 -8.97108 -8.35815 -10.453 -13.9147 -13.9092 -14.5557 -13.4169 -14.534 -12.306 -10.0769 -9.9256 -10.7118 -12.3262 -10.0249 -10.3567 -9.15406 -5.01317 -8.54562 -7.09606 -6.86567 -8.91854 -7.98557 -6.71535 -3.54949 -3.81897 -2.7024 -4.04525 -2.30624 -4.30135 -3.51577 -4.18042 -2.81881 -4.06148 -5.36482 -5.0743 -6.9701 -7.50986 -6.87111 -8.0806 -6.88421 -9.55191 -9.10034 -10.1022 -11.0626 -9.90046 -11.2585 -6.40853 -5.6943 -5.37729 -4.75176
 -7.58566 -8.39155 -8.6639 -8.17588 -7.94091 -8.18052 -5.9295 -8.88008 -11.8399 -11.6241 -10.7033 -11.0522 -9.04637 -9.44621 -9.73857 -11.6898 -10.9407 -10.9081 -9.55503 -9.11009 -8.99683 -8.53147 -7.97407 -6.87744 -6.45131 -6.523 -8.19254 -6.52772 -5.86458 -7.34048 -8.49635 -8.10502 -6.92969 -6.02333 -8.13351 -7.15834 -7.90791 -6.73194 -10.153 -12.4588 -12.107 -12.0741 -11.7271 -11.7811 -11.4598 -10.0413 -10.3935 -10.6949 -8.92859 -8.41753 -7.29988 -4.17634 -6.80347 -6.97297 -6.9106 -6.91969 -6.64826 -5.54737 -5.18842 -1.88116 -1.90079 -3.7541 -4.2498 -3.63571 -5.03813 -5.12763 -5.83997 -4.79297 -4.59194 -6.75015 -6.87065 -5.87139 -5.88872 -4.88668 -8.32267 -9.37534 -8.37639 -8.75478 -7.86735 -7.2254 -5.55874 -6.3471 -3.76628 -3.21641 -2.39652
 -10.4788 -10.3014 -9.88392 -9.75947 -7.94954 -8.35845 -7.69468 -8.28385 -12.5317 -11.5267 -13.1986 -11.424 -9.52842 -9.18245 -9.66066 -10.3609 -11.0441 -9.43182 -8.71997 -8.57745 -8.99683 -8.27732 -7.30233 -6.13587 -7.75664 -8.13392 -5.19685 -5.73734 -4.41922 -6.18805 -7.30939 -7.5803 -6.5137 -6.46521 -8.14843 -6.58276 -8.87955 -9.25529 -9.77044 -8.92251 -10.0575 -9.44574 -11.0203 -11.7206 -11.4721 -9.75208 -10.3599 -9.43051 -8.26432 -7.74743 -7.6945 -5.1454 -5.86823 -4.13718 -5.25312 -6.29035 -5.92066 -3.82248 -4.05873 -1.88903 -3.66784 -3.24479 -3.16745 -3.4126 -4.71662 -5.38954 -5.92186 -6.33998 -5.4468 -6.36186 -6.59777 -6.0504 -5.16533 -5.61484 -7.93237 -8.88747 -9.0948 -7.77433 -7.77433 -5.49799 -7.09412 -5.98547 -3.11982 -0.778866 -2.24015
 -10.4788 -9.21204 -8.57828 -8.20346 -8.69978 -7.24509 -7.77279 -7.77279 -10.0189 -10.3786 -11.3639 -10.9184 -13.3473 -13.5232 -10.549 -12.0131 -9.43182 -9.40749 -9.40749 -8.7068 -8.50725 -8.4727 -6.06414 -5.94088 -4.41348 -4.40518 -5.07793 -5.00487 -2.89074 -5.77285 -6.75978 -7.5803 -7.06516 -6.54611 -8.84879 -9.26953 -9.47116 -10.4585 -10.3258 -9.69847 -9.12029 -7.51735 -9.02243 -12.0542 -9.99224 -10.6487 -7.85271 -8.95132 -8.779 -7.42131 -4.25432 -2.20358 -3.17419 -4.34564 -5.33821 -7.90563 -5.40094 -2.18372 -2.73909 -4.4461 -1.71755 -3.53529 -3.219 -2.03593 -3.5936 -4.54449 -5.88145 -5.6839 -5.82413 -6.86023 -7.60701 -6.11852 -5.09875 -4.60964 -7.42849 -7.04188 -7.42534 -8.84251 -8.34227 -6.34431 -6.16795 -4.08515 -3.66978 -1.02567 -0.676597
 -11.7004 -9.45822 -7.4918 -7.57185 -6.32413 -6.58939 -7.90243 -7.77279 -10.0189 -9.69048 -11.2919 -10.9158 -11.8936 -11.8293 -12.8445 -10.26 -8.6947 -8.97955 -9.32374 -9.85134 -9.21926 -8.63658 -6.72792 -5.95262 -5.93805 -4.75527 -4.8898 -5.60411 -5.68416 -7.41705 -8.1652 -8.83867 -9.36415 -7.85233 -8.77479 -10.3461 -11.3966 -11.4189 -10.4411 -8.28735 -7.21279 -7.66274 -8.06234 -10.9335 -11.2076 -11.631 -9.62256 -9.02095 -7.47077 -5.85844 -4.41994 -3.98115 -3.98152 -3.96435 -4.70997 -7.06639 -3.89857 -3.83076 -4.33658 -4.77879 -1.02857 -0.113138 -1.94957 -3.11116 -4.5345 -2.95003 -3.12177 -3.52604 -5.01757 -5.6495 -5.7322 -7.21289 -5.73045 -6.6333 -6.5254 -7.47972 -6.80896 -8.34227 -7.61079 -6.99039 -5.05499 -3.95707 -2.06694 -1.57564 -1.13585
 -11.2362 -9.87256 -8.14808 -7.77959 -5.83489 -5.55003 -7.41112 -6.69231 -8.1542 -9.69106 -9.25989 -9.57699 -11.4933 -11.3183 -12.6053 -11.3114 -9.74602 -9.83349 -10.2446 -9.2729 -8.09134 -8.22562 -6.66726 -6.54543 -7.63685 -4.46886 -6.08213 -6.27984 -7.43343 -8.01575 -7.23414 -8.86104 -10.9966 -10.6431 -10.0584 -10.5402 -11.4678 -11.7716 -12.3417 -12.4777 -9.6531 -8.45561 -8.89157 -8.92002 -10.769 -10.9025 -8.33441 -8.09051 -7.06431 -6.04833 -5.22413 -4.34974 -5.12669 -4.06895 -4.9632 -4.30996 -1.92437 -2.39459 -3.17621 -3.6259 -1.00002 0.488778 -0.63115 -3.61668 -2.30505 -2.21755 -0.660797 -3.12205 -4.10252 -4.79063 -5.55606 -7.12196 -6.24655 -7.70831 -6.19975 -8.10477 -7.48933 -7.62957 -4.64751 -3.95242 -2.97583 -2.59147 -1.1611 -1.85619 -1.297
 -9.04119 -9.14107 -6.92208 -6.4812 -3.74337 -4.98251 -5.20158 -4.62723 -6.23955 -6.11241 -8.01198 -8.37534 -10.7181 -11.7555 -10.789 -10.789 -11.1175 -10.1016 -10.0377 -8.44881 -6.16169 -7.49474 -6.06246 -6.9214 -7.21125 -6.34455 -5.88088 -6.95863 -7.55103 -7.57791 -10.1256 -9.61583 -11.9563 -10.6285 -9.28982 -10.9307 -11.2967 -12.0083 -12.206 -11.4016 -10.4018 -8.82185 -8.71841 -8.01308 -7.49505 -8.7981 -7.73871 -5.90798 -6.56348 -6.55939 -5.16961 -5.94183 -3.3488 -4.43556 -4.44938 -3.10333 -0.577514 -2.99514 -1.6451 -1.82421 -0.436135 -1.4946 -2.32387 -1.68198 -1.6862 -1.32513 -1.30727 -2.12226 -4.11142 -4.79952 -4.04237 -5.94681 -5.73231 -7.6943 -5.68551 -6.22841 -6.0589 -5.50357 -5.51658 -2.68853 -2.38832 -1.8665 -1.25467 -1.25467 -1.44157
 -8.58758 -10.9812 -8.69117 -5.1058 -4.05812 -4.11091 -2.55877 -3.74514 -4.63866 -7.1116 -8.44125 -9.35927 -11.67 -11.3066 -10.6385 -11.8683 -11.6272 -11.1175 -9.40063 -8.67599 -7.18636 -7.38794 -8.03097 -7.54851 -7.33246 -6.31294 -8.21375 -7.96239 -9.05122 -9.40738 -10.1604 -11.1014 -11.6656 -8.96017 -9.23076 -10.3367 -10.9152 -12.1385 -11.7578 -11.6883 -11.0759 -8.52395 -8.79258 -7.51667 -7.93289 -7.37755 -6.96143 -5.40031 -4.85845 -5.29425 -5.49074 -4.79618 -4.14155 -4.27464 -3.35757 -2.10742 0.26095 -0.00228754 -1.32679 -2.80699 0.0496256 -1.32133 -1.32806 -1.95748 -0.577145 -1.32513 -2.11755 -3.12069 -5.84551 -6.94421 -6.2728 -6.20268 -6.83978 -9.23813 -6.18441 -6.66809 -4.41239 -5.12856 -4.61086 -2.37922 -1.85657 -0.789014 -0.777303 -1.44157 -0.596523
 -9.56258 -8.57328 -7.37295 -5.26443 -4.92356 -5.98937 -3.76536 -3.57212 -4.46893 -6.73729 -9.52071 -10.8882 -12.2348 -11.4848 -10.8527 -10.8933 -10.9615 -11.6341 -8.96279 -7.06395 -8.53985 -9.00533 -9.10361 -8.56846 -7.5176 -9.39209 -9.58889 -9.11882 -9.19196 -9.49272 -10.15 -10.6254 -11.0726 -9.20636 -11.5451 -11.6269 -12.1528 -11.9769 -12.2599 -12.5338 -10.4671 -9.02282 -7.85797 -8.5356 -7.82587 -7.36151 -8.3011 -3.83773 -2.48701 -1.89093 -3.75853 -4.08354 -5.08307 -4.59396 -4.33052 -3.40126 -1.49386 -2.1498 -3.14674 -3.51987 -1.57002 -2.94771 -3.52079 -2.07314 -0.935893 -3.17214 -3.98148 -3.76772 -6.29546 -5.80778 -6.83992 -6.6178 -7.62977 -9.23109 -6.78081 -6.81617 -4.28679 -4.68023 -4.13374 -3.06382 -2.38129 -2.60523 -2.25347 -1.02862 -0.992463
 -10.117 -7.12498 -4.75673 -5.83638 -5.87618 -5.44935 -4.21389 -4.02065 -4.01934 -5.60412 -8.47698 -9.98967 -11.3078 -10.1233 -9.48598 -9.2742 -9.49108 -10.147 -10.6702 -8.89903 -7.8909 -6.61388 -7.33901 -7.53462 -9.28948 -8.41647 -9.74084 -10.2189 -11.2306 -11.1145 -12.0534 -12.5034 -12.0653 -13.2886 -14.2152 -13.7118 -13.2768 -13.2959 -12.728 -12.6833 -12.1405 -8.23705 -10.8323 -9.43685 -8.97471 -8.54072 -6.18138 -6.18138 -4.36366 -3.66839 -4.432 -4.08354 -5.64494 -4.59396 -2.92438 -2.21303 -2.57679 -4.01453 -3.14674 -3.01627 -1.41981 -0.799184 -2.21732 -1.25754 -0.558123 -1.63975 -4.71089 -4.35523 -6.23689 -6.84524 -9.03872 -7.10567 -7.18144 -8.34873 -7.35878 -6.81617 -5.14469 -6.13132 -6.64798 -4.05928 -2.04077 -3.7053 -3.21399 -2.73223 -3.33234
