# name: MAT
# type: matrix
# rows: 72
# columns: 127
 -9.14728 -11.2708 -11.2708 -12.29 -10.8692 -12.3554 -13.8167 -13.0244 -13.9092 -13.9092 -13.9092 -12.7421 -11.7315 -10.7149 -10.2919 -7.84114 -6.79691 -6.8717 -6.94521 -6.57431 -7.2618 -6.13482 -5.10949 -5.52845 -8.14393 -6.43118 -6.70712 -6.88753 -6.53897 -4.02529 -5.74214 -3.98704 -3.71547 -4.25962 -3.20824 -4.10779 -1.55594 -3.43384 -4.05694 -6.59952 -8.23707 -8.34888 -9.50719 -8.21188 -7.17828 -6.59751 -6.37161 -5.81406 -5.81406 -6.17912 -5.49101 -6.10936 -5.91159 -3.73925 -4.41661 -4.41661 -4.08232 -6.65829 -7.3183 -8.36554 -8.61525 -7.79198 -7.92456 -11.8054 -12.9541 -15.4086 -15.042 -13.9219 -15.4195 -16.5536 -15.6112 -15.5989 -17.5462 -16.4345 -17.1226 -15.813 -15.0923 -12.3475 -10.5584 -10.0473 -8.71824 -7.58054 -6.65788 -6.28537 -5.19022 -4.38908 -5.69762 -6.64362 -7.40853 -8.98921 -9.26409 -10.8374 -9.16578 -7.7108 -9.16161 -9.6112 -9.67965 -9.90079 -9.06391 -9.58931 -9.98603 -9.29094 -10.1278 -11.2729 -11.2729 -12.8947 -12.8947 -12.007 -12.9006 -13.39 -13.8258 -14.2753 -14.2883 -13.4727 -13.4156 -13.3365 -14.7396 -14.7396 -14.7396 -14.1504 -13.7008 -14.1386 -13.5024 -13.8819 -12.2529 -11.7616 -11.7616
 -9.14728 -9.83387 -10.2838 -12.3876 -11.9648 -12.9717 -14.5117 -14.0357 -13.3883 -13.9092 -13.9092 -12.2629 -13.5011 -11.9045 -10.5533 -7.47272 -6.8713 -7.38738 -6.45135 -6.95206 -6.67887 -6.65098 -6.07788 -7.38824 -9.0379 -6.79613 -6.68582 -5.93401 -6.61967 -5.09414 -5.0668 -5.18469 -6.89585 -5.31805 -4.86259 -4.15513 -3.37244 -3.89337 -3.28793 -4.43866 -7.29816 -6.47447 -8.11016 -6.74937 -5.80233 -5.57705 -5.72959 -4.60195 -5.12595 -5.49101 -4.9997 -4.82117 -4.62174 -2.70192 -6.19623 -5.13552 -4.28888 -5.22295 -5.85532 -7.21908 -7.7136 -6.81621 -9.98046 -10.5506 -10.4127 -12.3799 -12.8222 -14.1769 -14.3777 -14.919 -14.2916 -14.9656 -14.2793 -15.1625 -16.2163 -15.9461 -16.5084 -13.1222 -10.9097 -9.08621 -6.74481 -6.29338 -7.10129 -7.54155 -5.99638 -5.09839 -6.20216 -6.55765 -8.47469 -9.68084 -10.3871 -10.3394 -9.6689 -10.6828 -9.10014 -9.10014 -8.04424 -8.36882 -8.61432 -9.58931 -9.98603 -9.29094 -10.8229 -11.2729 -11.2729 -12.4464 -12.8947 -12.4569 -12.9213 -13.39 -14.2753 -14.7993 -13.4727 -12.9835 -13.4156 -12.8155 -13.3365 -14.7396 -14.7396 -14.1504 -13.7008 -13.4072 -14.0889 -12.5875 -12.756 -12.2647 -13.2807
 -8.93483 -9.38478 -11.7545 -13.0039 -11.8417 -13.5163 -14.0804 -14.6755 -14.0834 -14.6043 -14.6043 -12.0928 -12.4475 -11.716 -11.7703 -9.40196 -7.96725 -8.48333 -8.67819 -8.17507 -7.92698 -7.42482 -7.22724 -7.12366 -7.85412 -8.29959 -7.48826 -5.28742 -5.90624 -3.53545 -6.257 -6.11626 -5.31254 -5.31254 -6.17598 -3.03136 -2.30167 -2.96594 -3.17672 -5.76182 -4.2249 -6.95185 -6.95185 -7.62399 -8.45644 -7.46616 -6.28734 -6.91982 -6.88528 -7.67827 -6.75116 -5.43714 -4.50323 -4.94627 -4.71944 -4.67009 -4.5682 -7.88734 -6.4987 -5.59382 -4.35696 -5.90866 -7.42678 -5.62695 -5.69767 -7.8344 -9.67179 -11.1183 -12.5563 -13.2328 -12.4848 -13.7799 -12.7198 -9.81756 -12.8491 -14.129 -14.5279 -13.0923 -12.9369 -9.75489 -8.68048 -5.71538 -6.98113 -5.76802 -6.00791 -4.31173 -4.94549 -7.18452 -9.05282 -9.16978 -10.3082 -10.2605 -9.82839 -10.6815 -9.67578 -9.17267 -8.06679 -7.85776 -7.91923 -8.89422 -9.29094 -9.29094 -10.1278 -11.2729 -11.2729 -11.873 -12.8947 -12.4569 -12.9213 -13.3965 -13.8461 -14.7993 -12.9835 -13.4867 -13.4867 -13.9188 -14.6552 -14.1521 -13.2869 -12.6978 -12.9823 -13.7215 -13.7233 -13.6745 -13.6745 -13.1832 -13.1832
 -9.52234 -10.0471 -11.904 -13.1595 -13.8174 -13.9542 -13.4749 -14.5839 -14.3698 -15.1843 -14.7141 -12.6854 -10.7513 -11.2458 -11.3001 -8.93175 -9.45573 -8.70822 -8.70822 -9.5296 -9.51069 -9.13631 -8.56537 -8.25039 -7.86973 -7.06679 -6.62482 -7.53936 -5.85262 -5.2075 -6.28923 -7.21345 -6.62452 -7.09 -6.59548 -3.99223 -3.93857 -3.41589 -4.40565 -4.88917 -6.00668 -7.61564 -8.1322 -7.97616 -9.3197 -9.13234 -5.93563 -5.93563 -7.31321 -6.81298 -6.75116 -5.44263 -5.129 -4.94627 -5.27478 -5.25128 -5.19377 -6.12131 -7.11274 -5.50907 -5.43411 -5.14365 -4.77799 -4.89547 -6.00762 -5.84112 -6.53435 -10.5258 -10.7644 -11.6157 -10.597 -10.2557 -11.2394 -9.23155 -8.54529 -12.0023 -12.5105 -11.0489 -12.0623 -12.0623 -9.03928 -6.29487 -6.29487 -6.35553 -5.43655 -5.00682 -5.00682 -7.22306 -9.50277 -9.55414 -9.95267 -9.39537 -9.39537 -10.659 -10.1037 -9.63437 -8.74026 -6.95926 -7.91923 -8.4459 -8.42583 -8.42583 -9.26271 -9.26271 -11.0079 -11.0079 -13.8989 -13.4611 -13.4309 -13.3965 -13.8461 -13.8809 -13.4867 -13.4867 -15.099 -15.099 -15.3925 -15.4651 -15.3243 -14.9222 -14.9222 -13.6112 -12.9115 -12.9879 -12.4966 -13.1832 -13.3254
 -10.4849 -10.9142 -11.4541 -13.1434 -13.8174 -14.3541 -12.9639 -14.6603 -14.4871 -14.7807 -13.942 -13.2729 -11.3388 -11.2458 -9.65909 -10.4175 -9.40156 -8.22642 -9.54804 -9.54804 -10.0647 -9.13631 -9.5674 -8.24149 -8.57341 -6.49118 -5.31628 -6.07004 -7.17618 -5.59801 -6.10665 -7.05966 -7.05966 -7.53891 -6.59548 -3.99223 -4.02894 -3.75647 -3.89883 -6.55206 -6.1228 -8.28634 -8.28634 -8.1698 -8.72145 -8.61578 -6.44525 -6.87319 -9.52268 -8.40447 -8.33504 -6.32605 -4.84745 -3.5576 -3.33606 -5.33689 -7.41615 -5.83266 -6.90452 -5.44387 -5.91732 -5.65689 -5.50672 -4.75141 -5.22879 -6.3034 -6.3336 -9.70375 -9.49966 -7.25438 -8.18296 -8.1149 -8.0587 -8.99388 -7.94354 -10.8926 -10.8917 -9.82286 -9.5543 -8.41563 -8.60639 -8.44088 -7.80712 -6.85704 -7.14761 -5.00682 -5.98918 -7.22306 -8.92968 -9.50751 -10.5795 -9.39537 -9.39537 -9.20292 -11.3819 -9.70773 -8.75503 -7.79615 -7.05412 -7.58078 -8.42583 -8.42583 -9.75723 -9.75723 -12.012 -12.012 -12.1887 -11.7509 -12.2153 -14.3406 -15.3677 -14.8786 -14.3675 -15.9799 -16.4257 -15.5605 -15.3925 -14.1168 -14.9222 -14.9222 -14.4929 -11.297 -10.6607 -11.2482 -11.2482 -12.712 -12.1911
 -10.2603 -11.5616 -12.1015 -13.8823 -13.8794 -14.4162 -14.4162 -16.5029 -14.3953 -13.0308 -13.2105 -12.5415 -11.3388 -10.2476 -10.094 -9.57736 -8.8849 -9.54804 -9.54804 -9.54804 -10.0372 -10.4806 -8.9849 -6.84183 -8.10321 -6.74285 -6.4826 -7.37675 -7.84223 -4.92634 -5.43498 -5.9627 -6.48658 -5.99205 -5.3389 -2.99452 -2.82082 -3.75414 -2.12008 -4.31913 -7.09367 -7.77025 -8.74976 -9.41059 -9.37792 -9.67967 -6.44525 -7.33867 -7.39396 -8.36263 -7.4279 -8.16292 -7.19384 -6.17014 -6.87635 -7.08902 -7.49216 -5.90742 -4.97692 -4.9776 -5.52312 -5.7664 -6.87077 -6.61733 -7.13341 -6.96045 -8.16473 -9.94331 -8.0007 -7.30308 -7.16806 -4.36649 -4.193 -3.61748 -8.55816 -10.906 -11.3022 -10.0222 -10.1844 -8.67628 -7.32839 -7.90788 -7.21794 -5.93923 -6.12263 -5.81427 -6.5893 -6.5893 -8.43516 -9.50751 -10.1446 -10.5785 -8.29815 -9.33283 -9.83 -9.18392 -8.23031 -6.40631 -6.91796 -7.05606 -8.73799 -9.75723 -9.75723 -10.1951 -12.012 -12.1184 -12.6918 -12.1887 -12.7184 -13.9987 -14.8786 -14.8786 -16.4909 -15.8043 -15.8043 -14.8739 -13.3853 -14.4012 -14.4012 -13.1713 -12.68 -11.297 -11.2482 -11.2482 -12.1228 -12.1911 -12.1911
 -12.136 -12.5849 -13.977 -13.8823 -13.8351 -14.4162 -14.4151 -16.5141 -15.9424 -12.1657 -12.1657 -12.0205 -10.3624 -9.58297 -9.57736 -9.57736 -8.01416 -9.54804 -9.54804 -9.98588 -9.96393 -10.7176 -8.49038 -8.41112 -8.76138 -7.18746 -7.35153 -5.80806 -6.52061 -5.62143 -6.09512 -6.50268 -5.93988 -4.69021 -2.83959 -3.82152 -2.93432 -1.74058 -2.06946 -2.80493 -4.93629 -6.73722 -6.3517 -8.98922 -9.90248 -9.71454 -8.67551 -7.21515 -7.22284 -9.6398 -10.4483 -9.75751 -8.36587 -8.38834 -8.3998 -8.0575 -8.15324 -6.80026 -3.79211 -3.79211 -4.79048 -4.43109 -6.5221 -8.76135 -8.83644 -8.74526 -9.03894 -8.39294 -7.8628 -8.25198 -6.30461 -5.24426 -5.49016 -3.42797 -8.66226 -10.1555 -10.8124 -9.04764 -9.33934 -8.27977 -8.27825 -7.77693 -7.37568 -6.03131 -6.03428 -7.11433 -6.8543 -7.45441 -8.20729 -8.13422 -8.61373 -10.2108 -9.25231 -8.72463 -10.2258 -8.62289 -7.65044 -6.05117 -7.47507 -7.47507 -7.94952 -7.94952 -9.05555 -10.3423 -11.9888 -12.3256 -11.4805 -12.3457 -12.9253 -13.3749 -13.6673 -15.2796 -15.8043 -15.0728 -14.5783 -13.9891 -14.4212 -14.8371 -13.0242 -13.0242 -12.1787 -11.297 -11.2482 -11.2482 -12.1228 -12.1911 -11.68
