# name: MAT
# type: matrix
# rows: 71
# columns: 82
 -12.3896 -11.9397 -9.72931 -9.37026 -8.87003 -9.53486 -12.2449 -10.6229 -11.1361 -12.3483 -13.4277 -13.3905 -14.2185 -11.4684 -11.9791 -11.9706 -9.57885 -11.1859 -12.1163 -11.1701 -11.7635 -9.75488 -8.85646 -8.98549 -6.53493 -5.90636 -7.1878 -6.83171 -6.11898 -6.38311 -9.22927 -7.74529 -9.4917 -9.63432 -9.63432 -11.6914 -13.181 -12.673 -9.26494 -11.219 -10.6397 -9.9282 -13.0994 -9.75219 -10.7029 -7.81641 -10.0695 -10.4055 -10.9418 -11.8168 -12.0979 -11.8347 -13.3605 -14.0394 -12.8363 -12.2699 -12.8826 -11.9517 -10.8969 -10.5039 -8.29261 -8.12974 -6.51285 -8.21321 -10.5272 -11.1652 -13.9962 -12.5614 -12.8627 -12.1907 -11.3041 -12.6395 -11.6236 -11.1592 -12.3965 -10.6503 -8.45775 -10.0419 -10.0231 -12.2339 -13.1482 -12.2588
 -13.0777 -11.6832 -9.99492 -9.89937 -10.3297 -9.71427 -10.7177 -10.0225 -9.98249 -11.1189 -12.4529 -14.9512 -14.2185 -12.9997 -11.9791 -13.0962 -11.87 -11.7919 -12.2839 -12.2856 -11.6035 -11.6255 -10.586 -7.65146 -7.16016 -7.50377 -7.13856 -6.1236 -6.32149 -6.45124 -9.27893 -7.66972 -9.51789 -11.0428 -12.0555 -13.0998 -12.5311 -11.5236 -12.6083 -14.3472 -12.8278 -12.2143 -12.6564 -11.8448 -10.5825 -10.6205 -9.91722 -9.77439 -8.3133 -10.0109 -13.4591 -12.7728 -13.3388 -13.3426 -13.3803 -12.0196 -13.3681 -10.8113 -11.5655 -12.0155 -10.6123 -7.17034 -6.49249 -8.39075 -9.66372 -11.6748 -14.5058 -13.3027 -14.4815 -13.2203 -14.7777 -12.5568 -9.98709 -10.3984 -11.8874 -10.5183 -9.05952 -10.7779 -11.2056 -12.9867 -14.3862 -13.4355
 -11.6371 -11.2177 -9.99492 -9.81498 -9.71106 -9.69854 -8.96109 -8.92193 -10.4314 -9.90668 -11.945 -14.9426 -13.5234 -12.3046 -13.4316 -11.87 -11.87 -11.2954 -13.3509 -13.0536 -12.0439 -12.1772 -10.1905 -8.16077 -6.89303 -7.95209 -8.40227 -7.9847 -8.46911 -8.62259 -9.3222 -9.13821 -8.48926 -10.7696 -11.0351 -12.6496 -11.0432 -11.9085 -12.0784 -11.4168 -10.2064 -10.6789 -11.9143 -11.4205 -10.8904 -10.3738 -10.4291 -11.2521 -11.2521 -13.2157 -14.8321 -13.5326 -14.555 -14.587 -12.7001 -13.6713 -13.0349 -12.9285 -13.1165 -13.3537 -11.1209 -9.4248 -8.92109 -9.44466 -11.4713 -13.2687 -14.9159 -13.6654 -13.2553 -13.136 -11.9806 -10.0808 -10.1536 -10.3409 -10.721 -9.99733 -9.21535 -11.2166 -10.519 -10.9548 -13.4122 -11.8827
 -11.6371 -10.942 -8.74526 -8.74942 -7.70378 -9.14396 -10.0991 -9.37084 -9.3014 -9.44232 -10.7167 -12.958 -14.4521 -13.9438 -13.4316 -12.443 -13.5549 -12.3458 -13.8301 -11.6142 -11.8285 -12.7691 -9.80851 -7.4647 -6.59681 -7.73969 -8.19247 -6.39439 -10.0587 -10.1647 -9.97857 -8.76059 -9.62541 -13.6095 -13.3261 -12.46 -11.9218 -10.8319 -12.6635 -11.7726 -10.4945 -11.8895 -13.3661 -10.9707 -11.2609 -9.82642 -10.2867 -10.1346 -12.2107 -14.1212 -14.8155 -14.4311 -14.7678 -14.5834 -13.4881 -12.6271 -12.2895 -12.6623 -13.3382 -10.8038 -11.5233 -10.3142 -8.61001 -8.88467 -11.0109 -10.9299 -12.2841 -12.3907 -11.2741 -12.3605 -10.4892 -9.09586 -9.30679 -10.6851 -9.91463 -10.5865 -10.1333 -8.55325 -10.096 -10.519 -10.9221 -9.58862
 -11.6371 -10.942 -9.19937 -9.51329 -8.89691 -10.2302 -10.6778 -9.3269 -9.72181 -9.41246 -8.90397 -10.8422 -14.3807 -14.6971 -13.9381 -12.2357 -14.0341 -14.1227 -12.4295 -11.5911 -11.9172 -11.9172 -9.07702 -9.99029 -9.38086 -8.25517 -7.04668 -6.59864 -9.53385 -9.01827 -9.88605 -9.03652 -10.3159 -13.7227 -11.7768 -10.9133 -10.4507 -11.9062 -11.1065 -10.0921 -8.52079 -13.282 -13.282 -12.1645 -13.1472 -12.6594 -11.706 -11.9917 -13.0598 -13.1447 -14.7921 -14.3633 -15.8151 -14.356 -11.3232 -9.63019 -11.4205 -10.1323 -10.0977 -9.19727 -8.44877 -9.88885 -9.79703 -7.80289 -9.52854 -9.81456 -8.92662 -9.10913 -9.37935 -11.4612 -10.9609 -9.67343 -9.61889 -11.6816 -11.6163 -9.63552 -8.5894 -7.46183 -7.07778 -8.06891 -8.76522 -9.42685
 -10.7089 -9.19044 -9.96324 -9.96324 -10.4121 -10.7773 -10.916 -11.0968 -9.49826 -10.1639 -8.6014 -10.6031 -14.0234 -13.8439 -12.8982 -14.483 -14.0714 -13.6435 -12.1673 -10.7455 -11.5693 -12.3661 -10.507 -9.08789 -9.38086 -8.6946 -9.93974 -10.027 -8.67915 -9.33402 -9.36986 -9.60997 -9.20318 -10.668 -10.9698 -10.0566 -9.66039 -10.7178 -9.39097 -10.7199 -9.99365 -12.0705 -12.7346 -12.7303 -12.6598 -12.752 -8.90522 -11.3054 -12.3736 -13.1447 -14.7921 -13.9069 -12.8929 -12.4456 -9.83505 -8.50478 -8.4679 -8.14545 -9.0953 -8.01944 -7.50175 -8.04997 -8.63914 -7.49299 -6.4624 -7.52077 -8.361 -9.10913 -7.21766 -10.0102 -9.41913 -10.3144 -9.57174 -9.62932 -9.14247 -7.62592 -8.01947 -6.9566 -6.46222 -8.20317 -8.85144 -6.81813
 -10.0009 -9.46301 -9.46301 -9.91191 -10.8869 -9.81271 -8.2686 -9.93966 -8.83448 -10.1639 -10.2645 -11.149 -13.0074 -13.8439 -14.1994 -13.3849 -13.489 -10.5094 -10.0056 -9.4255 -12.4825 -12.9977 -10.0599 -9.51907 -9.89752 -9.3631 -10.6136 -9.56151 -9.62985 -8.16952 -7.35557 -7.94901 -8.42281 -9.55042 -10.5044 -8.43607 -7.70772 -10.2129 -9.34829 -8.80281 -9.45657 -10.6757 -13.0956 -11.2873 -9.38772 -9.33769 -10.4424 -9.60057 -9.92066 -10.9616 -14.4529 -12.6335 -11.5292 -11.4247 -9.93465 -7.48382 -6.50883 -6.89761 -7.46209 -6.40282 -7.05216 -8.58378 -7.66184 -6.21462 -6.71198 -7.20329 -6.30326 -6.56648 -5.7488 -8.73286 -8.49134 -9.19654 -10.3712 -11.7177 -8.50991 -8.01652 -6.2029 -5.71515 -6.23646 -6.81211 -6.70845 -6.22059
 -12.8333 -10.9491 -11.398 -10.8869 -10.4225 -10.254 -9.59021 -7.8994 -9.55115 -10.2645 -10.7676 -12.8694 -13.4717 -13.8439 -13.0477 -12.069 -12.6718 -11.4796 -9.52042 -8.40022 -11.6374 -11.9707 -10.0388 -10.8742 -10.0694 -10.0694 -11.0933 -10.0927 -9.47748 -8.51953 -6.86424 -7.94899 -8.67692 -8.40878 -6.88161 -8.20323 -8.01851 -8.92318 -6.7004 -8.76452 -10.5438 -9.97861 -11.8765 -11.8574 -9.38772 -9.33769 -8.79614 -10.0906 -6.56155 -8.86134 -11.133 -10.0008 -10.2028 -11.1039 -8.59837 -6.50883 -6.4426 -4.28579 -4.92142 -6.15994 -6.67781 -9.0111 -7.82415 -6.71822 -7.38386 -7.88988 -5.81847 -6.87341 -7.31843 -7.76161 -7.45791 -8.21122 -7.89423 -8.30445 -6.43963 -7.03604 -5.86595 -6.97693 -5.47555 -6.08006 -7.47725 -6.61689
 -11.3406 -10.4116 -10.0576 -7.35099 -8.29835 -8.69876 -8.41275 -7.45344 -9.04381 -9.47456 -10.3397 -13.8808 -12.5277 -12.9066 -13.0519 -13.151 -11.9322 -11.6392 -11.1183 -10.1113 -11.1754 -9.58492 -10.0054 -10.2371 -9.5141 -10.7057 -10.0041 -9.28023 -9.44042 -9.42737 -7.64198 -7.28472 -6.78689 -8.01332 -9.28874 -8.69234 -10.0853 -9.19811 -8.72563 -7.93251 -9.72073 -10.3753 -11.0878 -11.5869 -8.59008 -7.55261 -8.76391 -7.95051 -6.74592 -6.88094 -7.45104 -9.49146 -8.50998 -9.05735 -7.57981 -5.88025 -4.84113 -4.39855 -3.54066 -4.67674 -7.44881 -8.37153 -7.82404 -5.65005 -6.31569 -7.89298 -5.76206 -7.79406 -7.86059 -4.5889 -5.56389 -7.82224 -7.89142 -5.78258 -5.0352 -4.67023 -5.86595 -6.28185 -7.11933 -7.23101 -6.48838 -7.45926
 -10.1674 -8.6653 -7.74137 -6.61137 -8.16033 -7.30689 -7.86436 -6.30064 -10.8204 -8.73493 -12.3918 -13.3647 -13.5027 -13.8952 -13.5464 -13.0757 -13.8566 -10.5415 -10.5415 -11.559 -10.9437 -9.01905 -9.76129 -8.91624 -10.1799 -9.40123 -10.0503 -8.81587 -8.8728 -9.91868 -10.3761 -10.0055 -8.89235 -8.19719 -9.95438 -10.203 -7.90312 -10.514 -9.27607 -8.78467 -9.78003 -10.8098 -9.81697 -11.6579 -9.05889 -8.76391 -7.90437 -6.87115 -6.19399 -6.88094 -7.45104 -7.18848 -8.4602 -8.09553 -7.15229 -5.60347 -6.02599 -4.55306 -4.56916 -6.37045 -8.23822 -7.0489 -4.84967 -4.32575 -5.45753 -4.95166 -3.24063 -6.19759 -6.74794 -5.74525 -5.28089 -6.0778 -8.55826 -7.0759 -5.19272 -4.62746 -5.63086 -7.24927 -6.00766 -6.60783 -6.41109 -7.45745
