# name: MAT
# type: matrix
# rows: 79
# columns: 116
 -9.97774 -9.00975 -10.9899 -8.26653 -8.26653 -6.20567 -6.06654 -4.25391 -3.15277 -2.45143 -1.03821 -1.41469 -2.61066 -3.16609 -2.64463 -2.9269 -1.87667 -3.28635 -3.2119 -2.77423 -3.26714 -2.42902 -4.21165 -2.74531 -3.75481 -6.00362 -3.94647 -9.00996 -8.83143 -9.71446 -8.26621 -10.4561 -7.25937 -7.20748 -5.08733 -4.15515 -3.62745 -2.60676 -1.37542 -0.546245 -1.75932 -0.90783 -0.41872 0.471517 0.348077 0.73412 0.0624493 -1.04937 -0.956572 -1.72085 -2.26666 -3.06205 -3.2658 -6.52772 -6.70535 -6.96995 -5.74366 -6.47466 -9.18341 -7.37271 -5.70079 -6.0427 -5.90552 -5.18755 -3.02213 -3.02213 -2.17361 -3.21774 -3.7505 -5.12685 -6.50255 -6.27544 -7.54113 -7.53926 -5.34492 -6.11624 -5.39512 -7.51579 -7.65434 -6.34791 -6.34783 -7.07824 -6.84893 -6.949 -4.2495 -4.2495 -6.47073 -6.64839 -6.48105 -8.05959 -9.19572 -10.1937 -11.3337 -10.3214 -10.6851 -9.92122 -10.7396 -11.0988 -10.5657 -11.165 -11.165 -10.2375 -5.23406 -5.60736 -8.36428 -8.56813 -8.1198 -8.7052 -9.35701 -8.51005 -6.09242 -4.92521 -5.41651 -6.26156 -6.86946 -4.9476
 -10.5246 -10.5481 -11.1786 -8.94309 -6.14314 -6.86009 -5.91556 -7.04919 -5.27286 -3.37041 -2.8761 -0.957063 -1.91174 -2.73683 -2.7019 -2.99555 -1.44873 -3.97446 -3.3036 -3.89443 -4.07357 -2.61497 -4.76717 -3.17034 -5.99286 -3.93106 -4.40127 -7.05513 -6.68453 -8.99759 -10.2459 -7.90409 -7.58168 -6.43638 -5.9627 -5.61335 -4.57564 -4.0658 -1.82475 -0.203731 -0.895582 -1.00461 0.00921685 -1.21623 0.348077 -0.611021 -1.72284 -0.564543 -0.738301 -1.78851 -2.48207 -3.77035 -5.82281 -4.54835 -6.82714 -6.19847 -5.1178 -5.71471 -4.1146 -4.42924 -3.98407 -3.68556 -4.97185 -2.03443 -0.294029 -0.913537 -1.46315 -2.48096 -3.59469 -6.3249 -6.50255 -7.96766 -8.46912 -8.71196 -6.21084 -6.50742 -5.71845 -5.54825 -5.83048 -5.40501 -5.92891 -6.16789 -5.43898 -4.58923 -4.19268 -4.43737 -4.12159 -4.96307 -5.05821 -7.05333 -9.28238 -9.9077 -11.3337 -10.8423 -10.341 -9.92122 -10.7272 -10.6097 -9.89596 -9.60576 -10.0868 -9.12667 -7.90729 -6.16547 -8.60666 -6.9987 -10.1953 -9.31888 -6.90844 -6.20424 -5.00825 -7.89173 -7.51033 -6.02483 -5.96723 -3.04794
 -11.0039 -11.577 -9.90364 -9.45286 -7.50781 -7.82528 -6.34765 -7.48129 -4.99601 -1.95149 -0.987838 -1.64517 -3.67802 -4.75489 -4.48441 -3.3186 -4.68909 -3.81712 -4.45339 -3.25233 -2.6456 -3.76652 -5.4363 -3.87142 -3.89945 -5.21947 -5.78749 -5.00572 -6.19001 -8.18198 -10.7771 -8.27936 -7.57333 -7.21991 -7.19616 -4.98099 -3.22479 -1.2231 -1.83215 0.320248 0.00127936 -0.568812 0.445019 -1.33592 -0.967844 -0.456785 -1.5686 -1.01042 -1.43582 -1.2979 -1.68514 -4.15837 -4.8563 -5.23657 -6.3686 -5.59626 -4.07744 -4.30758 -2.98242 -3.6462 -3.40304 -2.42036 -2.4007 -1.84031 -1.51005 -1.45027 -1.45634 -0.941689 -2.12876 -7.22136 -8.74804 -8.89394 -8.42892 -9.50554 -7.24177 -6.51959 -4.48258 -4.68313 -4.80739 -4.86323 -4.6894 -6.10821 -4.17353 -4.58923 -3.06022 -3.01889 -3.24697 -3.91959 -6.90702 -7.05333 -8.22876 -9.35236 -9.8515 -10.8423 -9.0734 -10.0894 -10.2327 -10.0859 -9.37208 -9.11527 -8.77402 -9.5386 -7.91745 -7.54225 -9.30064 -7.52337 -7.30535 -5.43333 -4.43431 -4.3751 -5.06508 -5.58906 -7.15841 -6.92816 -5.09994 -4.73865
 -12.5954 -11.577 -9.09708 -8.36487 -6.79732 -8.49876 -7.92982 -8.09729 -3.75246 -2.36937 -2.53252 -1.51236 -3.62274 -4.69961 -3.9808 -6.22657 -5.06611 -7.14887 -5.33901 -4.2473 -4.55336 -4.47063 -3.62215 -1.69348 -3.69798 -6.43157 -6.19992 -6.46018 -7.57044 -10.6603 -9.81253 -9.44057 -7.28654 -6.69954 -6.82856 -5.27623 -3.24363 -2.18877 -0.827224 -0.740799 -1.78002 -2.37907 -3.09791 -1.81431 -1.39733 -0.967844 -3.11187 -2.77987 -2.41659 -3.27143 -3.98277 -4.81933 -4.04283 -5.71203 -6.2199 -7.12004 -6.34575 -5.66085 -4.77826 -3.64669 -3.43828 -4.27011 -0.911109 -0.276215 -2.63953 -2.63953 -2.7588 -1.46887 -2.04646 -5.80381 -8.98266 -9.1201 -9.70862 -10.2423 -7.64394 -6.34939 -5.6056 -4.72619 -4.0643 -4.78581 -4.07954 -2.27846 -1.43821 -1.09802 -1.84973 -1.6482 -3.43723 -4.86672 -6.07685 -7.0258 -8.25515 -8.3904 -10.4866 -9.63576 -9.63576 -10.1504 -11.0081 -10.2077 -9.41405 -8.76681 -8.25015 -7.66235 -5.87663 -7.26689 -9.92762 -8.54343 -6.94891 -5.57896 -1.90843 -5.39039 -5.1058 -5.09995 -5.74949 -7.68861 -7.08653 -5.18789
 -13.1955 -13.1674 -10.9827 -9.72674 -7.61137 -8.28484 -7.90592 -7.59566 -4.22839 -2.83738 -3.54878 -2.46306 -3.63455 -3.9808 -3.65527 -5.63054 -6.8872 -6.67822 -5.92009 -4.95554 -5.0728 -3.88839 -4.99235 -4.96671 -6.085 -6.46939 -7.85544 -7.24796 -6.81934 -9.21616 -9.23747 -7.30369 -6.71706 -3.61593 -6.01295 -3.34539 -1.79097 -1.34769 -1.34759 -0.791336 -2.28363 -2.85832 -4.0121 -4.07446 -1.31253 -1.5156 -3.13946 -3.76343 -3.77623 -4.66306 -4.54494 -6.78496 -5.51169 -5.93111 -4.64903 -7.30859 -7.52256 -5.20612 -6.68802 -5.21408 -2.06505 -5.26807 -3.02817 -1.69573 -1.75922 -3.83549 -2.68598 -2.89838 -3.90181 -6.36737 -8.04775 -6.93119 -8.97172 -9.12931 -8.80516 -6.78433 -6.02625 -6.25575 -4.49925 -4.40514 -3.77499 -3.48482 1.52866 0.366088 0.436063 -0.872646 -2.89291 -4.89495 -6.6408 -8.3147 -7.58731 -8.94634 -9.45405 -9.19234 -8.74239 -9.70726 -12.6218 -11.1609 -9.45216 -8.06157 -9.27598 -8.18623 -4.78305 -6.0435 -8.86933 -7.15488 -6.4884 -5.01352 -5.08509 -3.44959 -5.21754 -5.36568 -5.56805 -6.68591 -5.7041 -4.61048
 -14.056 -12.7425 -12.1531 -10.2384 -9.03124 -9.12092 -7.65604 -6.61429 -5.02197 -3.7514 -3.04518 -2.52861 -6.52545 -6.31627 -6.04829 -6.48962 -8.87016 -8.57914 -8.29892 -6.69805 -5.73721 -7.11545 -6.51471 -6.39003 -9.00162 -6.9948 -7.8467 -6.55908 -8.42884 -9.47039 -8.66354 -8.41387 -5.04907 -3.77879 -4.52831 -4.08667 -2.74149 -1.32937 -0.880633 -0.637952 -1.7823 -3.31434 -3.99348 -4.07446 -2.39662 -2.87747 -3.56895 -4.2061 -4.93555 -5.19271 -6.60607 -3.82807 -3.91686 -4.82251 -5.07554 -5.36086 -4.55989 -4.90265 -5.56261 -3.86406 -4.21934 -5.52301 -4.96415 -4.20806 -1.45705 -5.3748 -3.95356 -4.45515 -3.87607 -6.63174 -7.14688 -7.99936 -9.40666 -8.20052 -9.1143 -7.64962 -7.01895 -7.62476 -6.23203 -6.3774 -6.48201 -5.02218 0.320963 -0.580204 -0.708398 -2.6829 -2.96484 -4.89495 -8.15882 -8.20459 -8.74545 -8.97604 -9.2693 -8.81935 -10.2965 -10.818 -13.6784 -11.4007 -11.9221 -10.2154 -8.50745 -7.18583 -6.90276 -7.46014 -6.04092 -4.70942 -5.90388 -5.57633 -4.95281 -2.71993 -2.94948 -3.42447 -5.15623 -5.17 -3.26539 -2.62803
 -14.2441 -12.794 -10.831 -10.1187 -10.0425 -9.64226 -7.66807 -7.93673 -4.78158 -3.64057 -4.40497 -4.51837 -6.33025 -7.23875 -7.74811 -8.78605 -8.87016 -10.0584 -10.5969 -9.20134 -7.10272 -6.11715 -8.04595 -8.00909 -8.50188 -9.12583 -9.4568 -8.74423 -9.40356 -8.48353 -8.61571 -8.06651 -4.40792 -1.86975 -4.50763 -2.95075 -1.44414 -1.35312 -0.880633 -0.349489 -2.37518 -2.8765 -4.7433 -3.04208 -3.3448 -2.75729 -3.96735 -3.99256 -5.92959 -6.17223 -5.61173 -2.49795 -3.30846 -5.19567 -4.43536 -5.03239 -3.42338 -5.50407 -5.18563 -3.99295 -3.35589 -6.51378 -6.54338 -5.24375 -2.45291 -5.33928 -6.05809 -4.5018 -4.97918 -7.65385 -9.17093 -8.79648 -10.272 -9.65675 -8.52302 -8.6412 -8.13904 -9.04522 -8.05466 -8.64112 -7.00642 -5.73628 -2.86171 -1.74164 -0.325422 -4.3249 -5.81406 -5.4505 -9.33254 -9.79934 -9.37867 -10.1796 -10.7327 -10.2827 -10.7849 -13.1244 -14.33 -13.0205 -12.1182 -11.7904 -8.17028 -7.74234 -6.38183 -7.46014 -5.34345 -4.46883 -3.86197 -5.06436 -3.68956 -3.02355 -4.12422 -5.49107 -4.64072 -3.10744 -1.93811 -0.75746
