# name: MAT
# type: matrix
# rows: 50
# columns: 64
 -12.4865 -13.2327 -12.2143 -9.4298 -7.35311 -7.02795 -9.464 -8.78009 -8.76679 -9.89223 -11.2995 -10.1926 -9.68329 -8.43009 -9.93833 -9.26427 -10.4569 -12.6033 -13.7018 -13.0379 -12.2864 -12.9018 -16.7431 -16.0961 -15.0058 -15.0493 -14.0601 -12.4635 -13.0644 -10.1896 -7.51103 -8.24964 -9.1664 -10.156 -9.65714 -11.892 -14.1743 -14.1282 -12.3094 -12.813 -14.4311 -14.7932 -13.8284 -14.4485 -13.5758 -13.4196 -11.6965 -12.6966 -13.5277 -13.0586 -10.8112 -10.5154 -7.40863 -7.59467 -7.0437 -7.08388 -7.60982 -8.27685 -7.96863 -8.61991 -8.46667 -8.87544 -6.86661 -8.54497
 -13.581 -12.8915 -13.7848 -10.0359 -8.69665 -7.59602 -9.62962 -9.42192 -9.18132 -8.74127 -10.7738 -10.1089 -12.8907 -10.9734 -9.27245 -9.15649 -10.3803 -10.9864 -11.8706 -11.8706 -12.4278 -14.0417 -14.9441 -13.462 -14.62 -14.4938 -14.6565 -13.1352 -12.6384 -10.5372 -8.50915 -8.53166 -8.42994 -8.42172 -9.7315 -10.82 -13.5105 -13.0364 -12.3304 -12.9423 -15.5948 -14.7932 -13.8491 -13.3339 -12.4297 -10.9867 -12.1912 -11.5639 -11.7135 -11.7779 -10.0793 -9.39304 -7.40863 -6.22823 -6.27737 -7.18267 -10.3924 -9.65965 -10.001 -9.29572 -8.01816 -7.79005 -6.88305 -7.4768
 -12.0278 -14.3442 -14.5461 -12.6695 -10.0219 -10.0446 -9.38377 -8.93263 -9.45999 -9.40713 -11.0188 -11.5597 -12.0751 -9.64676 -11.4626 -9.48162 -10.3917 -11.1932 -12.8713 -11.7073 -10.9715 -12.1261 -14.4256 -13.096 -12.5622 -12.4186 -11.4694 -11.8285 -10.4952 -9.43299 -8.13072 -8.62201 -8.06341 -7.76965 -9.22598 -9.52744 -10.4923 -12.0834 -13.3445 -13.9208 -15.2838 -14.2017 -14.7735 -13.3214 -10.7089 -9.99235 -11.0884 -11.5639 -12.2051 -11.7673 -10.525 -8.42152 -8.03157 -7.80333 -6.27737 -6.76751 -11.1284 -10.3313 -11.0793 -8.76857 -9.03413 -7.78143 -6.86583 -6.3044
 -12.6008 -13.8711 -16.6683 -13.7992 -10.9363 -10.9331 -10.0714 -8.56582 -11.1616 -10.4958 -10.4432 -11.4566 -11.693 -10.5492 -11.002 -8.98424 -10.3105 -9.06139 -10.0843 -12.5289 -12.0072 -11.5254 -13.292 -13.491 -11.0229 -9.84241 -9.84241 -12.1544 -9.81825 -10.8525 -9.85452 -8.23154 -8.32872 -8.19628 -7.09603 -8.26172 -10.3686 -10.3122 -12.1606 -14.6266 -14.8355 -14.7227 -13.7772 -13.2053 -11.142 -11.0146 -9.96229 -10.5788 -11.7038 -11.0157 -10.9021 -8.60542 -7.87905 -8.13705 -6.27737 -6.76751 -10.6173 -10.9931 -10.6366 -9.84737 -9.88757 -9.2452 -6.03289 -6.03604
 -14.3793 -15.0674 -16.6683 -15.1723 -11.4903 -11.3191 -12.3077 -8.85229 -9.89895 -11.09 -10.5878 -10.6023 -10.1836 -8.59656 -9.08568 -10.0268 -8.83405 -10.3009 -11.0708 -10.4214 -9.67926 -11.0588 -12.339 -13.111 -11.238 -9.39283 -9.89658 -10.3605 -9.07665 -9.07665 -8.49651 -8.44768 -9.70633 -7.45463 -7.43767 -8.99358 -10.8722 -12.5183 -13.9984 -13.5281 -14.2463 -13.2078 -12.1952 -12.3326 -11.142 -11.0146 -10.4445 -8.92714 -10.5836 -11.0157 -9.70741 -10.1875 -7.87905 -8.03402 -8.69099 -9.00517 -10.6907 -11.3033 -10.1703 -8.54265 -9.22379 -8.18732 -8.61526 -5.30401
 -14.8563 -16.7908 -18.3205 -16.0375 -12.9307 -11.7835 -12.3077 -10.7146 -11.2179 -10.7036 -10.323 -10.3357 -8.55459 -7.57212 -8.08726 -9.42693 -8.59909 -9.78576 -9.78576 -9.62415 -7.1535 -8.9897 -12.0351 -10.2781 -10.4968 -10.4206 -9.46078 -9.83582 -7.02127 -7.20018 -5.79774 -6.49021 -5.73402 -6.2841 -6.88289 -9.8024 -12.907 -14.4106 -14.4098 -12.4421 -13.5792 -11.5723 -11.0774 -10.8309 -11.142 -9.72138 -9.48493 -8.44789 -9.38188 -11.1007 -10.2805 -9.53393 -8.86659 -8.42875 -9.43362 -10.4078 -12.163 -11.672 -7.92853 -7.74472 -10.377 -8.15117 -7.55105 -5.36106
 -16.3401 -17.3779 -19.1572 -17.5416 -12.7251 -10.6227 -11.5652 -11.5082 -10.4639 -9.09982 -10.1669 -9.21572 -9.87265 -8.08726 -8.75103 -8.58376 -6.88004 -7.73255 -5.81246 -4.97581 -5.3883 -9.11567 -9.29289 -11.3718 -9.91289 -12.4013 -9.84981 -5.7195 -7.24061 -5.55553 -6.65832 -5.5582 -5.37985 -7.81653 -6.54702 -9.61611 -12.0723 -13.1303 -13.9541 -11.8543 -12.1145 -10.5578 -8.72002 -8.04411 -9.77954 -8.21347 -8.61964 -10.0586 -10.327 -9.06983 -9.4933 -10.4998 -10.9475 -10.245 -11.3478 -13.5601 -12.717 -11.7375 -10.619 -10.3685 -10.7739 -11.9642 -10.2374 -7.25485
 -16.7897 -16.4609 -17.6849 -16.9132 -12.371 -11.4402 -11.5285 -12.6732 -9.27451 -8.4273 -10.7081 -9.98191 -10.1992 -8.33463 -8.09748 -8.60854 -6.96824 -8.23941 -8.18849 -6.48109 -7.55847 -8.14124 -9.13531 -12.0676 -11.9271 -11.2499 -9.69524 -6.75051 -6.61978 -7.56461 -6.47611 -5.37599 -5.49205 -6.66199 -6.75152 -9.4687 -11.6424 -13.7228 -12.2803 -11.3304 -11.7958 -9.50143 -8.04835 -5.70386 -7.30986 -8.14191 -9.77556 -9.35012 -8.53902 -8.06882 -9.72266 -12.3022 -13.0776 -11.3624 -13.3055 -12.1209 -13.2677 -12.8719 -11.3186 -11.3947 -12.9706 -14.1061 -11.4163 -8.76315
 -16.1642 -17.7339 -17.4791 -18.0102 -13.2714 -13.5184 -11.0414 -10.4713 -9.43517 -9.59351 -8.45034 -9.28495 -9.19785 -8.2623 -8.11821 -7.25157 -8.88309 -8.1854 -8.10446 -8.54825 -8.05979 -7.92363 -7.96317 -11.5797 -11.0628 -10.7029 -8.16458 -7.42179 -7.59417 -6.04012 -5.88602 -6.8805 -6.04399 -4.99351 -4.6467 -7.40427 -10.2987 -11.2246 -12.7535 -11.1883 -9.19133 -6.74882 -6.81431 -6.16389 -7.75506 -8.08259 -9.10389 -9.35012 -9.04035 -9.63647 -10.6367 -9.30666 -10.3279 -9.91203 -11.6039 -10.2008 -11.1397 -11.9332 -12.7199 -11.8325 -12.7442 -12.1278 -9.86245 -9.56245
 -17.3199 -17.7328 -19.1441 -17.1475 -13.4303 -12.865 -12.3198 -10.8588 -8.60332 -9.07302 -10.6452 -11.1107 -10.2053 -8.04835 -8.05027 -7.78343 -9.0617 -9.41795 -10.5546 -8.87755 -6.99379 -6.06683 -5.34081 -9.3422 -10.5112 -9.49911 -8.51928 -7.24359 -6.99216 -4.40497 -4.40497 -5.52903 -5.73297 -4.20462 -4.24726 -5.14109 -7.64615 -8.62031 -8.62031 -9.26051 -8.31109 -7.04821 -7.6363 -6.94789 -6.21806 -8.37424 -9.23751 -9.43181 -8.01668 -8.46663 -10.2038 -8.87873 -9.46791 -10.944 -10.8081 -11.4223 -11.0959 -12.1832 -12.0557 -10.7675 -13.6663 -12.1278 -10.9735 -9.53798
 -13.9367 -16.2309 -16.0585 -13.5673 -12.9148 -14.0438 -11.0268 -11.2428 -9.4096 -8.5592 -8.06547 -7.81147 -8.90789 -8.5505 -7.68706 -6.42345 -8.38008 -7.31385 -7.53311 -7.38164 -5.57569 -5.09396 -5.9574 -7.81972 -9.28206 -6.98356 -5.26034 -4.61936 -4.64604 -3.51589 -3.30383 -3.41831 -2.92844 -3.70302 -5.13408 -5.08077 -7.06209 -8.02391 -10.0582 -8.20752 -7.07015 -6.58712 -7.13318 -8.63472 -9.17797 -9.70185 -8.88007 -8.85342 -8.81633 -8.25802 -10.6081 -9.64843 -10.2685 -11.9752 -11.8273 -10.7933 -9.75676 -11.8234 -12.128 -9.82441 -13.2047 -13.074 -12.0253 -11.3387
 -13.9367 -16.2807 -14.975 -12.6678 -11.9608 -11.3118 -8.75164 -8.96173 -7.50159 -9.09248 -8.35942 -7.87471 -8.44715 -9.53092 -8.17617 -5.37269 -5.81642 -7.69851 -7.78405 -6.99304 -6.10687 -7.13096 -7.2038 -8.45811 -9.28498 -5.95691 -7.04132 -3.56676 -3.10377 -2.45647 -1.88908 -3.6947 -0.722586 -3.6986 -2.41009 -3.03025 -5.44941 -5.44941 -6.77041 -7.0566 -7.57326 -7.08393 -7.07135 -8.05088 -7.72139 -8.38915 -8.69892 -9.43784 -9.88308 -10.6023 -11.1992 -10.5507 -9.75918 -10.446 -9.49897 -9.29817 -10.8161 -11.8234 -10.8399 -9.38657 -12.2517 -12.4993 -11.9657 -11.3432
 -13.9268 -16.7599 -13.8215 -12.4964 -9.59554 -9.63709 -8.31254 -9.42683 -7.91299 -8.69343 -8.91253 -8.97129 -8.03237 -7.60534 -7.10799 -5.62874 -5.73154 -5.4776 -5.60323 -6.53052 -6.97032 -7.13096 -8.27523 -8.9742 -8.51753 -6.90038 -8.45178 -4.0046 -3.97095 -2.82043 -2.38549 -1.26547 -1.34524 -0.7523 -1.77451 -1.41738 -3.74747 -4.92469 -4.50581 -6.15601 -7.40575 -6.66087 -8.03645 -6.86062 -7.72139 -6.88968 -7.32369 -7.60732 -9.78491 -11.1285 -12.4256 -10.7977 -10.3251 -11.1257 -11.1257 -9.29817 -11.3977 -11.3802 -10.3275 -9.83548 -12.7006 -11.5246 -11.5246 -11.9523
