# name: MAT
# type: matrix
# rows: 84
# columns: 102
 -8.4602 -11.4934 -11.2828 -11.2828 -13.0246 -13.4948 -13.5822 -12.055 -10.487 -11.9521 -13.3367 -8.53039 -7.93398 -7.18694 -5.23173 -4.42175 -2.47353 -5.18417 -6.62014 -5.67478 -4.25946 -4.84718 -4.00828 -3.9691 -5.04356 -3.67267 -2.50445 -5.08495 -5.08495 -6.99642 -7.41948 -8.69031 -9.97921 -10.3609 -9.48899 -11.7567 -10.2188 -10.0875 -10.2637 -8.24469 -5.78544 -7.9069 -7.9069 -6.7271 -7.85829 -8.18661 -5.94281 -4.88184 -1.39043 -2.28693 -4.68772 -5.11566 -4.7378 -6.86794 -6.93639 -6.73723 -4.66687 -5.3466 -3.54993 -4.44237 -4.39467 -5.35185 -6.31175 -6.95783 -8.25892 -6.7975 -7.7482 -6.7038 -5.78326 -7.13681 -7.05676 -6.78851 -6.33774 -7.62331 -6.69093 -7.1788 -7.56738 -8.39936 -7.40497 -6.89254 -5.7882 -5.783 -7.8374 -7.83915 -9.42387 -10.4971 -10.8233 -11.8406 -9.25767 -10.8965 -10.8965 -9.40926 -10.7267 -13.3192 -13.3113 -13.7491 -13.7491 -13.7646 -13.7646 -14.6299 -12.8559 -11.7793
 -8.28751 -9.89984 -10.404 -10.404 -12.5953 -13.4502 -12.3458 -10.9715 -9.85325 -12.6149 -12.7604 -11.592 -8.9511 -7.01225 -5.3854 -3.05499 -2.67489 -4.70189 -7.36704 -4.51022 -4.20867 -4.70999 -4.95319 -4.914 -5.92114 -4.61023 -5.37856 -6.00946 -6.00946 -6.26963 -5.91076 -8.04454 -9.93623 -9.42109 -9.04225 -8.5632 -9.59124 -9.65171 -9.65171 -7.84118 -6.94264 -8.01232 -7.93063 -7.18662 -5.82069 -7.21409 -6.43459 -4.99506 -1.39391 -3.70506 -4.19255 -5.93388 -6.78203 -8.50535 -6.66448 -6.46495 -5.35313 -5.3466 -6.63163 -4.62926 -4.85995 -4.68153 -5.05388 -6.00458 -7.78305 -7.16667 -7.06835 -7.34988 -9.25779 -7.62468 -5.72219 -6.26453 -6.78606 -6.8892 -5.86589 -5.35347 -5.35214 -7.08708 -7.00774 -5.52138 -4.79412 -5.618 -7.23606 -6.54948 -7.70525 -10.8429 -10.1464 -9.72203 -9.94578 -9.94578 -9.64555 -8.97438 -8.95622 -9.98331 -11.5408 -11.5408 -13.3002 -13.5617 -14.6299 -14.0298 -12.4436 -12.2648
 -7.79299 -8.28751 -9.39762 -11.9458 -12.9996 -12.9406 -11.509 -12.0959 -10.9125 -11.9224 -11.2445 -9.35423 -7.21625 -6.63807 -5.87599 -3.66738 -4.50508 -6.30399 -7.23381 -4.94231 -3.59415 -3.66748 -4.35079 -5.71472 -6.37569 -5.26821 -6.33651 -8.10913 -7.60542 -7.62517 -6.75524 -7.38027 -9.51316 -8.99802 -8.43324 -8.63559 -6.8937 -7.9087 -7.66264 -8.17632 -6.28402 -6.14407 -4.84412 -5.94373 -5.38489 -5.38489 -6.29829 -6.00858 -3.69537 -2.40304 -3.92457 -4.98911 -5.97155 -6.03034 -5.59309 -6.70193 -4.95902 -5.63455 -6.78777 -6.09268 -5.47146 -7.53271 -6.96402 -7.56238 -6.6893 -6.6893 -7.99818 -6.70351 -9.07546 -7.32055 -6.40878 -5.8848 -7.04279 -6.90113 -5.43603 -5.42732 -7.66812 -9.07628 -7.02253 -4.96604 -4.96604 -7.20113 -7.20113 -7.87245 -9.84748 -8.90237 -10.537 -9.48945 -9.94578 -9.94578 -8.32393 -8.08856 -8.08856 -9.98331 -10.8231 -11.4117 -12.5641 -13.2554 -14.3398 -13.8367 -12.3844 -10.9538
 -8.29381 -9.05384 -9.54836 -10.573 -11.9837 -14.1633 -12.2404 -10.9063 -9.03683 -10.4956 -11.6902 -8.30431 -6.25424 -7.67864 -7.73216 -3.31807 -4.50508 -5.73124 -6.41851 -4.68169 -1.68956 -2.05192 -4.53264 -4.50262 -5.4101 -5.90642 -7.00818 -8.98116 -8.43573 -8.43013 -8.64694 -9.57836 -9.91035 -8.30992 -9.29853 -7.6821 -7.38076 -6.97824 -6.81324 -8.40817 -6.50678 -5.51081 -5.96411 -5.51579 -5.00616 -5.92617 -6.73207 -5.75609 -3.50974 -1.51763 -2.00024 -2.41845 -4.79915 -7.59025 -6.82404 -7.47395 -6.65209 -6.12811 -6.13894 -4.85837 -8.52773 -7.47955 -7.84402 -8.65963 -7.37675 -8.3198 -7.74491 -8.60327 -7.67938 -7.12792 -6.79832 -6.39586 -6.08605 -6.63752 -9.25629 -10.676 -9.65851 -11.1659 -9.71884 -9.1635 -7.38672 -7.38672 -7.90948 -10.0842 -10.0695 -11.1749 -11.217 -9.99772 -9.88225 -9.71994 -9.64555 -10.1724 -9.66883 -11.2573 -10.0889 -10.5168 -12.8214 -12.6592 -13.461 -12.9579 -13.4524 -10.1394
 -8.88298 -10.1292 -10.1292 -11.8913 -11.4671 -14.7424 -14.9344 -13.6971 -10.7019 -11.7118 -11.7808 -10.8859 -6.70315 -7.67069 -7.80362 -5.32069 -3.63773 -4.82744 -4.77418 -3.91781 -3.12034 -2.96554 -4.09525 -3.7816 -5.52821 -6.93667 -8.34896 -7.86809 -7.32266 -8.40381 -8.53915 -8.37359 -8.66682 -11.4355 -8.72089 -6.90287 -7.89551 -6.37065 -6.28852 -5.03723 -5.1195 -4.65665 -4.94177 -5.5152 -6.4358 -5.1623 -6.53649 -5.19121 -2.21607 -1.66104 -2.85622 -3.0044 -5.36961 -8.16987 -9.00675 -8.99486 -7.80901 -7.20262 -7.62633 -10.0597 -8.3877 -9.13302 -7.77346 -9.25814 -9.59945 -9.77846 -8.95701 -8.94743 -7.57787 -7.05389 -5.84433 -6.53137 -6.96148 -8.73536 -10.7031 -11.2519 -11.1805 -11.6819 -10.3801 -10.0921 -8.52373 -9.47443 -8.35839 -9.73882 -11.8271 -10.7549 -8.75569 -9.89406 -10.3156 -9.5168 -10.0113 -9.05794 -7.65153 -9.49572 -11.9068 -11.905 -12.9617 -13.2269 -12.8174 -12.1308 -10.6484 -9.85333
 -9.64685 -10.2929 -10.893 -10.7251 -11.6555 -13.5646 -14.9199 -13.3879 -10.7588 -11.3418 -12.3509 -12.3211 -8.67884 -10.1459 -8.67282 -6.19406 -2.69387 -4.93586 -4.03058 -3.11824 -3.89563 -2.7297 -3.27592 -2.7733 -3.70716 -7.51313 -7.66814 -8.27434 -7.89275 -8.90693 -8.53915 -7.30705 -7.48508 -9.61671 -9.69798 -6.42317 -7.27247 -4.64345 -3.99855 -4.48986 -3.17599 -4.65581 -5.19945 -5.36681 -6.02142 -7.38115 -6.98503 -5.14167 -2.34967 -2.00884 -4.01849 -3.54838 -6.07844 -8.08807 -9.15625 -9.58834 -8.92083 -9.13005 -7.89077 -11.2209 -9.43375 -9.13302 -8.28954 -9.66731 -10.2945 -9.27474 -8.5415 -8.18356 -7.16774 -6.10319 -5.84433 -5.92956 -8.86875 -9.95453 -11.7855 -11.8532 -12.3411 -11.8863 -10.3818 -10.0317 -8.01442 -7.54705 -8.06219 -7.63426 -9.11614 -8.69375 -8.27071 -8.76729 -8.70748 -9.06824 -8.57693 -6.62097 -7.13705 -8.97471 -9.53059 -10.6588 -11.9611 -11.8523 -11.787 -11.1714 -9.80507 -8.48955
 -10.5911 -10.1562 -10.6416 -11.0829 -13.191 -14.9162 -13.7177 -12.4171 -12.3058 -12.1704 -11.8987 -13.7744 -11.9034 -12.1519 -9.99099 -7.45395 -4.84603 -5.34534 -4.23574 -4.37433 -2.84227 -4.1491 -2.18125 -3.50657 -3.1905 -6.36561 -9.23256 -9.23256 -8.39519 -9.35583 -8.72921 -8.25807 -8.13626 -8.68583 -8.25373 -8.32921 -7.11471 -5.93667 -3.99855 -4.68514 -4.47895 -3.79236 -3.1795 -5.15668 -4.68507 -7.46552 -7.51772 -5.0149 -3.85209 -3.5384 -3.15962 -3.13805 -7.6386 -7.50434 -9.65936 -9.58834 -10.0383 -8.76893 -10.9155 -9.46148 -10.051 -9.04654 -10.1093 -9.49035 -9.15963 -7.82429 -8.20637 -6.86893 -7.05424 -5.56155 -6.88178 -6.37194 -8.67075 -10.3982 -11.4236 -11.7281 -10.9041 -10.6414 -9.095 -7.34876 -7.6866 -7.02233 -8.06219 -6.42403 -7.02414 -7.93005 -7.85233 -7.85233 -8.70748 -9.1739 -7.86698 -7.85835 -7.33437 -7.61368 -7.51327 -8.06745 -10.7838 -9.33485 -9.16189 -9.66418 -10.3284 -8.17114
 -11.6192 -11.8109 -11.376 -10.4828 -12.0641 -15.275 -15.7404 -13.3951 -11.8452 -12.3371 -11.5736 -12.8246 -11.7725 -11.2709 -10.9002 -9.85229 -7.79581 -6.04309 -5.0781 -4.37433 -2.61978 -0.422367 -3.13733 -4.45894 -6.11379 -7.74502 -7.48113 -9.73568 -7.97788 -8.91821 -9.63421 -8.32347 -8.02099 -9.20192 -7.13531 -6.54701 -6.07922 -7.18015 -4.94163 -5.17301 -4.48422 -3.1795 -3.67608 -4.02594 -7.02603 -8.12448 -6.41134 -5.90166 -3.78523 -3.84883 -3.94491 -3.28113 -6.34913 -7.9286 -7.56686 -9.47336 -10.4308 -10.8666 -11.9603 -9.55493 -8.67139 -8.93242 -7.07811 -8.27632 -8.3467 -8.10053 -7.62153 -5.91108 -7.09639 -5.05844 -6.08951 -6.72362 -8.73334 -11.3786 -10.9142 -9.53381 -10.1818 -10.638 -10.0209 -8.21548 -8.64341 -7.97915 -7.97915 -6.04051 -6.40234 -7.34677 -7.85233 -7.85233 -8.28018 -7.90729 -7.11646 -6.64778 -5.64761 -6.95893 -6.87494 -7.41792 -8.89611 -9.7699 -9.07096 -9.57978 -8.64457 -8.11985
