# name: MAT
# type: matrix
# rows: 66
# columns: 68
 -10.4026 -11.6969 -10.3206 -10.8754 -11.2 -8.6532 -4.43237 -2.8891 1.6413 1.18947 -0.600269 -2.07428 -2.12743 -2.3945 -3.89156 -1.77712 -1.09353 0.143689 -3.25709 -2.15435 -3.91552 -4.09246 -4.61994 -6.19181 -7.91222 -7.86778 -6.69946 -6.67784 -7.02659 -5.24677 -3.79888 -3.80729 -5.49422 -4.27938 -3.13042 -3.12582 -2.95835 -0.527338 -2.06243 -3.47019 -5.04658 -4.44122 -5.02347 -5.8605 -6.86287 -6.89554 -6.25849 -5.23812 -5.68535 -5.31312 -6.25912 -6.97079 -8.48489 -8.91339 -8.93815 -9.05363 -10.1278 -8.6505 -6.86496 -4.01727 -3.1041 -2.93696 -2.3657 -3.11552 -3.95878 -2.66571 -1.10989 -0.391079
 -10.3366 -10.4129 -11.0774 -10.3039 -9.78579 -8.03225 -5.95873 -1.22831 0.682365 0.954108 -0.548479 -2.93299 -4.55576 -3.39498 -3.64024 -3.4874 -0.624282 -0.510115 -2.34297 -3.40398 -3.3423 -4.74134 -3.59921 -5.5185 -10.3955 -8.71867 -8.63695 -10.099 -8.75163 -7.66462 -7.93904 -6.32508 -6.56013 -4.34503 -2.82727 -3.68125 -2.62955 -3.28858 -3.09204 -1.89592 -3.17467 -3.15786 -3.66871 -5.44564 -6.16445 -6.45212 -4.8765 -4.44856 -5.33921 -4.87968 -5.34404 -7.74672 -7.09471 -8.16085 -8.2855 -9.3997 -10.764 -8.6505 -6.30953 -5.07582 -4.16265 -3.49077 -3.93113 -4.40506 -4.65321 -2.66571 -2.17606 -1.38901
 -9.76491 -8.38085 -11.4872 -11.7473 -10.0825 -9.05538 -5.76631 -3.45719 -0.52595 0.503943 -2.97141 -3.20693 -5.58837 -7.53095 -5.35427 -3.4874 -2.99397 -0.393376 -1.81347 -4.53766 -4.64251 -4.11577 -5.49436 -4.10242 -7.84331 -8.36016 -9.42432 -9.5182 -9.90881 -8.30089 -7.34254 -3.94787 -3.03836 -3.21174 -3.13723 -1.91214 -1.89387 -2.85104 -2.46874 -0.308415 -1.35558 -2.56675 -4.94251 -4.37815 -6.20575 -5.57291 -4.44856 -3.78478 -5.36015 -6.43 -7.64097 -7.24448 -8.75713 -10.7105 -9.8924 -12.2469 -11.7023 -8.93751 -6.44706 -4.11373 -3.61715 -5.14847 -3.81494 -3.06486 -4.13712 -2.72107 -2.1278 -1.19988
 -9.27896 -7.51556 -10.9121 -11.7925 -11.5671 -9.72431 -7.57223 -3.4574 -4.07569 -2.12682 -5.12378 -4.50232 -6.48359 -7.85856 -6.14257 -3.93262 -2.17773 -3.65046 -3.80001 -4.53766 -3.43414 -6.15591 -6.67105 -5.74714 -7.48339 -8.28593 -8.83681 -8.32298 -7.41431 -7.54442 -3.09524 -0.823276 -2.12225 -2.14041 -2.2908 -1.58714 -3.73093 -2.61916 -2.5036 0.42307 -1.30843 -0.89535 -1.97335 -2.5547 -6.09267 -5.62212 -4.8765 -3.78478 -3.94386 -6.53331 -7.46074 -7.32753 -9.30282 -9.4535 -10.0026 -12.0096 -10.443 -7.93613 -7.14522 -5.44014 -5.94977 -4.14345 -4.47596 -2.99009 -4.15781 -4.64816 -1.22057 -1.21585
 -8.92831 -8.73664 -8.38476 -8.16077 -7.81284 -8.12808 -7.03049 -4.10194 -1.8032 -1.97361 -3.95609 -6.50728 -7.99627 -7.53856 -6.49146 -6.04941 -5.7413 -4.74699 -4.97802 -6.7474 -4.53128 -6.034 -7.43503 -6.44014 -9.22303 -7.63876 -6.96319 -6.81526 -5.45704 -4.53969 -1.90687 0.110604 -0.925309 -1.95328 0.0887534 -0.0640752 -2.36923 -2.93984 -0.847283 -0.348241 -0.416102 -0.416102 -1.46373 -1.72017 -5.17999 -4.75073 -5.11444 -3.59673 -5.41889 -6.52615 -7.46074 -8.44326 -8.92483 -8.33589 -8.45702 -7.42298 -8.58486 -8.58486 -5.63039 -5.06436 -5.02542 -4.71264 -4.59557 -3.59373 -4.13127 -4.1733 -4.91177 -3.56531
 -8.08656 -8.78576 -8.78576 -7.57526 -6.18435 -5.42878 -5.41858 -3.87136 -4.99256 -6.4651 -4.47702 -6.43271 -5.6575 -6.03198 -6.37406 -5.71576 -3.33831 -3.03297 -5.01177 -6.71293 -9.0041 -9.62408 -10.0744 -7.55421 -9.22303 -8.82651 -6.96319 -5.64577 -5.57753 -2.86015 -0.932722 0.743829 -0.586637 -1.73529 0.654 -1.69797 -1.47383 -2.99374 -2.23629 -2.84666 -1.96788 -1.337 -1.41407 -4.88037 -4.80222 -4.75073 -6.16168 -4.22343 -4.7146 -6.0469 -6.80078 -7.90463 -7.87045 -8.78295 -8.46115 -5.57212 -7.76304 -7.74111 -5.24935 -4.64294 -4.0071 -5.47162 -2.38016 -5.24251 -4.37114 -4.04541 -3.58601 -2.6222
 -9.37522 -9.69495 -8.57373 -7.46292 -7.66376 -7.49642 -9.54788 -7.31354 -7.58132 -7.44738 -6.02565 -6.45393 -5.44465 -5.90528 -4.36701 -3.57871 -4.11783 -3.52433 -3.86073 -6.01236 -9.26955 -9.40373 -9.53377 -8.63141 -10.3241 -9.81941 -6.92858 -5.22109 -4.90565 -2.17848 0.0706255 0.156319 -1.13308 -1.76077 -0.992678 -1.38026 -1.74184 -1.7133 -3.32208 -3.29499 -3.3043 -3.28465 -3.55816 -5.35057 -5.07467 -5.42141 -4.24833 -5.37989 -4.30266 -4.65864 -7.71787 -9.06993 -8.6302 -8.27777 -6.02383 -5.66207 -7.70616 -6.34924 -5.40893 -4.86556 -5.21512 -5.48805 -3.55024 -3.11297 -5.18019 -4.12538 -3.9546 -3.60888
 -8.90014 -11.0165 -9.99114 -9.60428 -9.4051 -6.96901 -9.11179 -10.2713 -10.8547 -8.11164 -8.40296 -7.2178 -6.06795 -5.82924 -4.13569 -6.41913 -5.31857 -4.00411 -5.08542 -5.95172 -7.13191 -8.75633 -9.21823 -11.157 -11.4078 -10.9138 -6.14362 -4.68398 -2.28462 -1.3275 0.868761 0.658484 -1.23997 -1.38657 -1.54496 -1.4439 -1.45612 -2.47189 -3.51829 -4.74079 -3.45597 -2.95738 -3.50932 -5.19593 -5.37973 -7.14732 -4.73329 -6.64579 -5.56857 -5.05248 -7.95066 -9.03864 -7.62869 -8.16542 -5.90252 -4.38777 -5.74847 -4.21411 -4.65187 -3.84048 -3.71572 -3.8667 -1.90624 0.0272232 -3.44715 -5.10018 -5.10018 -3.95074
 -11.5794 -12.7418 -11.4077 -9.92998 -9.56509 -9.1883 -11.2255 -10.3575 -10.5613 -11.3846 -10.1661 -9.21826 -9.6561 -6.93421 -6.36093 -8.58841 -7.47325 -7.31846 -5.79463 -5.79463 -4.82703 -5.78387 -7.49762 -10.0663 -11.3403 -8.22989 -5.61513 -4.34896 -3.84685 -2.0199 -1.77883 0.292126 -1.05631 -0.342499 -0.87914 -1.41405 -0.952597 -3.33349 -3.46377 -4.51239 -6.97785 -4.9451 -3.44319 -3.49438 -6.38369 -6.3102 -3.52119 -3.20283 -4.52215 -6.03382 -8.02824 -11.0704 -11.2489 -9.38936 -6.58643 -4.20703 -3.34054 -2.9927 -3.30439 -4.59624 -4.00142 -2.44632 -2.91211 -1.91624 -3.01286 -6.5847 -7.55293 -6.21417
 -10.1164 -10.4107 -10.2643 -10.8158 -10.247 -11.8972 -10.5955 -11.36 -10.7818 -11.3393 -10.7004 -9.90685 -11.0815 -8.06493 -7.54884 -6.32264 -5.88301 -5.30821 -5.10612 -6.58359 -4.20739 -4.49526 -6.21796 -7.94408 -10.7579 -9.14329 -7.53273 -4.82821 -4.43436 -2.55513 -1.33152 -1.14662 -0.216539 -0.996694 -0.950625 -0.419221 -1.91865 -4.71188 -3.27107 -7.91004 -7.92855 -6.26734 -4.53015 -5.01111 -4.86824 -5.51225 -3.51587 -2.54898 -4.0335 -6.91233 -9.11484 -9.41819 -8.51046 -9.73503 -9.77039 -7.49988 -3.99898 -3.15362 -5.17761 -5.75718 -5.02028 -1.99801 -3.0007 -5.38304 -4.01669 -4.55475 -5.00552 -7.32682
 -10.566 -12.298 -11.2969 -9.6642 -12.1804 -12.484 -10.428 -11.36 -12.0366 -11.7877 -12.6909 -11.6333 -10.9123 -8.87213 -6.7708 -5.75075 -4.77539 -2.74775 -2.98218 -2.49679 -3.25669 -5.36038 -4.92207 -8.42616 -9.01493 -8.80385 -6.87936 -5.03738 -3.9392 -2.929 -0.367245 -1.13215 0.208725 0.397615 -0.275121 2.36648 -0.042194 -2.42594 -4.28777 -7.3185 -6.85175 -7.03121 -5.11766 -5.12734 -4.79018 -4.46535 -5.812 -4.34324 -4.9803 -7.88871 -8.39439 -10.3135 -9.01407 -10.2097 -10.0715 -8.12824 -3.89263 -2.89398 -6.69618 -4.73628 -5.14146 -4.42884 -4.98634 -6.45354 -6.86983 -7.34755 -6.16279 -5.63115
 -11.6108 -13.2816 -10.9309 -12.3562 -12.1804 -10.4618 -11.1918 -12.1487 -13.0565 -14.5049 -14.6562 -12.1984 -9.60966 -8.80334 -5.54359 -5.64202 -2.65486 -4.42217 -5.113 -5.66389 -5.7928 -5.22179 -3.83305 -3.46945 -8.33747 -9.12803 -6.58492 -6.06232 -5.74035 -3.48897 -0.801925 1.72417 3.82784 1.25025 -0.0615984 -1.5067 -1.49902 -1.17905 -2.99784 -7.81982 -7.89116 -6.92248 -6.3589 -5.98307 -7.00812 -4.07619 -5.94901 -7.73376 -7.26447 -7.1677 -8.9449 -8.35405 -7.94678 -7.94022 -8.95116 -7.92423 -6.497 -6.62654 -6.58401 -5.63958 -5.14354 -5.99425 -6.90869 -7.37139 -7.04496 -6.58359 -5.63816 -5.63115
 -12.1218 -11.9141 -13.4701 -13.0761 -9.84036 -12.3465 -12.3439 -13.4868 -13.2721 -15.043 -14.1131 -12.9932 -11.2979 -7.25052 -5.70103 -4.06704 -2.58356 -3.99038 -4.8112 -7.69593 -6.36818 -4.90112 -4.72206 -3.68509 -6.43333 -9.93055 -7.10208 -5.09091 -4.11542 -1.32586 0.993809 2.49242 1.97158 0.110365 -0.801842 -1.7396 -1.77286 -2.71082 -4.43992 -6.21803 -7.24323 -7.34612 -7.85725 -5.5878 -4.45207 -5.16303 -6.30754 -7.14085 -6.18914 -7.1677 -8.91206 -9.59678 -9.22636 -8.61306 -9.46387 -8.57227 -6.06448 -6.50157 -7.66541 -4.62541 -5.54365 -8.50136 -6.70662 -5.60275 -7.24693 -4.87191 -4.42511 -10.014
