# name: MAT
# type: matrix
# rows: 59
# columns: 84
 -10.2162 -9.71597 -10.0554 -12.7171 -10.3596 -9.05929 -7.65898 -5.64546 -3.68765 -2.52217 -4.38911 -4.1256 -5.74318 -5.22458 -6.26248 -6.97022 -6.96321 -7.53665 -5.8953 -7.17204 -7.56668 -7.2327 -7.41351 -6.58273 -6.09983 -5.95146 -6.97413 -8.13983 -9.21695 -9.78583 -8.7672 -8.86136 -7.64761 -6.49215 -6.63382 -7.16983 -8.87048 -8.41254 -8.06905 -8.02505 -8.49979 -8.52834 -7.52331 -9.15194 -7.94974 -6.81402 -7.83201 -8.86051 -10.0444 -6.86589 -6.84193 -9.0031 -10.2671 -9.67651 -9.5122 -8.53273 -7.84393 -8.21148 -8.23096 -6.43725 -7.67171 -6.37932 -7.78325 -9.25482 -8.7572 -8.30761 -4.66837 -5.78868 -5.72959 -5.91774 -5.99183 -7.14857 -7.40628 -6.81877 -6.18386 -5.56162 -6.03899 -6.19569 -9.24763 -8.82315 -8.37461 -10.2518 -11.6387 -11.821
 -10.3637 -10.5095 -11.3327 -11.1806 -11.1806 -10.0409 -6.11419 -5.65889 -5.55082 -5.92154 -5.42346 -3.58117 -4.23187 -4.59253 -5.02179 -5.76934 -6.83355 -7.46862 -5.4133 -5.40597 -6.46291 -5.65249 -5.61272 -6.28596 -5.65293 -5.13637 -7.38784 -7.68995 -7.83195 -8.92693 -9.50799 -10.4421 -7.13508 -6.05576 -6.46243 -7.01228 -6.71243 -8.4204 -10.2178 -9.01605 -7.43045 -7.41652 -6.477 -6.86252 -6.35633 -5.798 -6.29932 -8.70793 -7.73648 -6.39759 -6.39759 -8.58257 -10.2671 -9.60269 -9.6232 -7.85673 -8.45825 -8.12966 -7.89081 -7.20523 -8.19501 -6.90262 -7.78325 -9.73219 -9.07148 -7.8185 -5.22556 -4.62368 -4.91471 -6.04087 -6.56492 -6.21768 -7.40628 -6.35441 -6.18386 -5.2683 -6.26234 -5.68364 -7.09937 -8.50543 -8.88424 -10.7994 -10.5145 -11.0122
 -10.391 -11.0009 -10.7773 -12.1966 -11.1806 -7.53138 -6.37891 -7.94182 -7.36838 -8.57811 -5.84223 -3.74271 -4.75388 -5.57698 -4.36745 -5.78667 -6.42294 -7.42432 -6.56589 -5.06404 -4.99708 -4.80377 -5.44811 -6.61028 -6.13492 -7.99612 -7.69873 -9.34 -9.07051 -8.6398 -8.92773 -9.88163 -9.35859 -8.00234 -8.62626 -7.08704 -7.20753 -9.50124 -10.0942 -9.33033 -7.75475 -7.41652 -6.477 -7.30104 -5.49741 -7.83127 -7.23153 -7.81785 -7.80549 -7.54523 -6.85712 -10.6882 -9.58086 -9.60269 -8.37932 -8.06272 -9.13481 -8.3171 -6.94217 -6.88448 -6.45369 -6.86204 -6.87075 -7.34813 -7.2789 -6.87347 -5.22556 -3.41157 -5.02834 -6.10323 -7.04229 -7.21892 -6.99412 -5.42924 -5.26741 -5.80633 -5.83375 -4.71866 -7.44505 -7.75884 -7.75884 -11.4565 -10.204 -10.5752
 -9.83201 -9.74728 -10.2128 -11.1356 -9.71673 -7.41762 -6.22555 -5.67594 -5.77196 -7.55278 -5.87161 -4.32476 -4.76377 -3.76138 -3.52241 -3.65507 -5.64773 -5.61753 -6.78872 -4.33721 -4.99221 -4.26428 -4.30383 -4.58267 -6.33302 -6.33302 -8.36324 -8.38342 -8.9095 -10.1203 -8.85982 -9.93319 -8.93359 -7.67314 -8.85441 -8.85441 -9.60269 -9.54138 -10.4691 -11.0551 -7.73891 -7.72841 -5.95228 -7.36742 -6.65501 -7.85672 -5.74407 -8.27738 -8.77861 -9.16285 -10.4145 -11.345 -10.1227 -8.21885 -7.92833 -7.04949 -9.13481 -8.44986 -7.97397 -6.72667 -7.35055 -6.63493 -5.93818 -5.93818 -4.93469 -5.45134 -3.41512 -3.795 -3.73054 -6.49296 -6.31064 -6.44065 -5.92938 -7.21904 -6.63153 -6.24474 -5.83924 -6.11827 -6.72844 -7.75884 -8.80472 -10.4462 -10.0062 -8.44824
 -12.5775 -11.4775 -11.5206 -11.0165 -7.29856 -7.08772 -6.03459 -5.0102 -3.32929 -3.2533 -4.84289 -5.27108 -4.90347 -3.87068 -4.32818 -3.82458 -4.36782 -5.29792 -5.07795 -4.51871 -4.99514 -4.69875 -4.26498 -4.53945 -4.62083 -5.31467 -7.12552 -7.83381 -8.53579 -8.39527 -8.80488 -9.93578 -9.93578 -7.87118 -7.89741 -9.5495 -9.5495 -10.1048 -10.6123 -11.59 -11.6738 -8.82555 -7.92549 -7.95493 -7.40299 -7.21715 -7.32192 -9.97196 -10.9695 -11.4766 -11.4403 -12.4421 -10.8928 -9.98169 -11.8994 -11.2993 -10.8383 -9.18644 -6.105 -5.38363 -5.14406 -5.06766 -5.54504 -3.92736 -4.13503 -2.49278 -1.90128 -1.81353 -2.58614 -4.80777 -5.41308 -6.0409 -4.84122 -5.44987 -6.0507 -5.64928 -6.6717 -6.7028 -6.77082 -8.6577 -10.6786 -9.05829 -9.77666 -7.18731
 -13.1828 -13.2992 -10.8745 -10.129 -7.29856 -7.29856 -6.96971 -3.37505 -3.7766 -3.7766 -4.53107 -4.12608 -3.42518 -2.05283 -3.53078 -4.55343 -3.74526 -5.81445 -5.73652 -5.47984 -6.9602 -4.5688 -6.10232 -5.25679 -4.27362 -4.9197 -7.0299 -7.72355 -7.38043 -7.99316 -8.02842 -8.96398 -10.4567 -8.10171 -8.91702 -9.47715 -10.6401 -10.6401 -11.1852 -10.7779 -11.6738 -11.0669 -8.21199 -7.66462 -6.84901 -9.7528 -9.45197 -10.032 -10.5199 -11.027 -9.44096 -9.42656 -9.91964 -11.0979 -11.7862 -13.1122 -12.8166 -10.3017 -8.38515 -7.81233 -6.57473 -6.56424 -6.14117 -5.88986 -6.45995 -3.55604 -2.50494 -3.37178 -2.35283 -3.80499 -5.61147 -6.55053 -6.09263 -7.08482 -6.29009 -6.15327 -6.66916 -7.21386 -8.02653 -8.61355 -9.64177 -7.09158 -7.72456 -6.44403
 -13.5424 -12.8128 -11.0361 -8.36322 -8.91089 -8.40956 -8.03634 -6.4138 -3.92685 -4.40439 -4.56612 -3.03312 -3.03312 -2.3203 -2.98341 -3.33955 -4.7431 -5.18094 -5.33206 -4.84075 -4.57151 -3.57801 -5.08973 -4.78041 -4.86967 -5.50672 -5.15328 -6.67773 -7.91791 -8.58602 -7.64291 -8.21558 -7.50886 -8.48709 -9.44369 -8.97403 -9.96845 -10.1273 -10.6821 -10.166 -10.6041 -9.56294 -8.31928 -7.66462 -8.5105 -7.88126 -9.17931 -11.2928 -10.2283 -8.26083 -9.89091 -9.8565 -10.5071 -11.8375 -12.0762 -13.4651 -13.8541 -11.1023 -10.0945 -7.81233 -8.26087 -7.1392 -6.13985 -6.21078 -5.88986 -4.61888 -4.43728 -4.86821 -4.23268 -4.93264 -6.87507 -7.82059 -6.83225 -7.90043 -6.6909 -8.20735 -7.17227 -6.71934 -7.31008 -7.28464 -7.32143 -5.70589 -5.40078 -5.9257
 -12.9323 -12.8737 -9.80048 -9.48261 -10.6791 -7.67207 -8.58828 -7.48972 -5.84828 -6.09731 -4.10829 -1.99225 -1.99225 0.83297 -2.29028 -4.72434 -5.63692 -5.67275 -4.34856 -4.89069 -4.92381 -3.40552 -4.07856 -4.78041 -4.05406 -6.11441 -6.66899 -7.29985 -7.42872 -7.24724 -8.65067 -8.82581 -9.30794 -8.3314 -8.98127 -9.61964 -10.912 -11.9171 -13.7388 -11.9557 -7.68841 -8.54006 -7.26535 -8.64257 -9.66854 -10.9546 -10.1871 -12.8043 -11.6104 -11.018 -10.2515 -10.7782 -12.1792 -12.0194 -13.0143 -13.7053 -14.2458 -12.1195 -11.5497 -8.28053 -7.16402 -7.02436 -7.02736 -6.5252 -4.86815 -6.48787 -6.56436 -5.78303 -5.79386 -6.76999 -7.39368 -9.44785 -8.03279 -7.40591 -7.50651 -7.02078 -7.6318 -6.62352 -4.94057 -8.08456 -6.53547 -4.91993 -4.56816 -3.72248
 -13.6566 -12.9756 -10.0285 -9.14997 -11.6615 -10.5041 -11.4601 -9.31098 -7.6069 -5.97941 -4.61683 -3.74222 -1.67036 -0.163534 -2.35814 -3.80355 -6.41161 -6.52968 -5.40651 -5.04455 -4.95215 -4.93207 -3.15543 -3.30547 -3.96588 -4.74346 -6.36444 -6.55775 -6.61311 -7.68185 -9.42841 -8.36055 -9.78531 -10.2084 -11.1099 -9.99546 -9.58415 -11.0489 -12.8707 -10.8947 -7.64236 -8.39531 -9.62765 -7.91237 -9.88489 -9.84839 -9.84839 -10.8208 -10.8219 -11.3827 -13.1284 -12.4474 -13.7627 -13.1787 -13.7192 -13.6751 -13.26 -13.1194 -11.6251 -9.82693 -8.1215 -7.10614 -6.99602 -6.57055 -5.68379 -6.665 -7.8646 -7.57224 -6.17082 -6.44069 -7.58045 -9.94975 -11.0697 -8.58379 -7.8606 -7.09677 -7.03431 -6.18988 -6.65981 -5.84846 -5.22423 -5.49309 -4.4199 -5.31056
 -13.1357 -12.21 -12.0131 -11.6111 -10.3938 -11.5044 -11.7495 -10.3364 -8.39816 -6.75159 -6.88493 -4.48984 -2.30742 -3.52099 -5.08742 -5.45125 -7.05621 -7.1215 -5.66901 -5.04455 -4.43125 -3.83805 -2.40788 -2.15038 -3.7864 -5.13902 -5.8091 -7.10969 -7.53567 -8.21223 -9.37374 -8.80107 -9.86071 -10.8085 -10.3057 -11.7294 -10.6709 -12.0375 -14.1023 -13.5814 -10.1114 -9.87443 -10.3228 -8.72761 -9.55273 -9.51254 -9.68093 -12.4469 -10.8666 -10.8442 -10.8418 -11.5821 -14.4601 -15.8641 -14.8246 -13.513 -15.2426 -11.5792 -10.4965 -8.75159 -9.18369 -7.41383 -8.05541 -3.90897 -4.85297 -7.18014 -8.31336 -6.51814 -6.99504 -6.66516 -8.47402 -7.13799 -8.80984 -6.84063 -7.90691 -7.68988 -8.18803 -5.24346 -4.78682 -4.84393 -4.2777 -5.94142 -4.91771 -4.48193
