# name: MAT
# type: matrix
# rows: 98
# columns: 93
 -9.74002 -7.19531 -8.10707 -10.3928 -9.83961 -10.0329 -10.7649 -9.08347 -9.01702 -9.15069 -8.85083 -10.3705 -10.835 -11.7331 -11.9749 -11.8648 -10.5614 -9.23337 -12.6347 -11.7861 -9.24159 -8.0402 -7.86413 -8.17596 -11.166 -10.8361 -11.7058 -12.3712 -13.286 -13.6611 -13.4517 -12.9224 -10.1796 -7.89285 -8.50934 -9.49566 -10.1488 -11.4725 -12.2842 -11.0415 -11.4955 -11.4984 -12.3279 -14.4489 -13.1399 -15.6852 -15.2024 -11.3273 -10.1475 -9.01809 -7.54274 -5.30106 -4.08457 -3.87767 -5.11724 -4.73651 -7.53799 -7.59479 -5.85382 -7.97163 -8.77757 -7.05979 -6.77587 -7.14968 -5.71949 -5.73804 -5.61074 -5.62956 -3.08128 -3.30892 -3.87117 -4.39539 -5.24047 -3.43185 -3.61341 -4.02245 -5.73421 -5.59872 -5.16792 -9.38572 -9.99155 -13.2469 -13.3938 -14.0834 -13.9991 -14.6872 -13.614 -12.1537 -14.9183 -15.4291 -14.5983 -14.5454 -16.2763
 -5.77253 -5.98321 -7.18875 -10.3482 -10.1306 -11.4805 -8.92081 -7.35491 -7.60924 -7.55693 -6.99574 -7.02478 -9.31122 -11.0571 -11.0425 -10.491 -11.3145 -10.5921 -10.2905 -8.76458 -8.14827 -7.32219 -7.86413 -7.81088 -10.4957 -10.8996 -9.88122 -12.5976 -11.6223 -12.842 -11.5772 -11.0592 -8.90322 -8.95959 -9.129 -8.91986 -7.35194 -7.92713 -11.1868 -10.2933 -11.0301 -9.95139 -12.3572 -14.2103 -13.1063 -14.9853 -12.3095 -10.5921 -10.1475 -8.00639 -5.75268 -3.00187 -2.4454 -4.46518 -3.99281 -3.41699 -7.47147 -6.30611 -8.80052 -9.90746 -9.74429 -7.74793 -8.12649 -7.10472 -4.63446 -2.77622 -3.1403 -6.438 -4.87833 -3.54694 -3.37881 -3.8758 -5.19677 -3.5127 -2.4006 -3.6832 -4.77289 -4.66162 -4.49669 -6.70228 -10.5856 -11.8069 -12.0286 -12.9617 -13.9991 -13.5395 -13.9119 -12.6414 -14.832 -15.9532 -14.3394 -12.8372 -15.3163
 -4.80827 -7.14625 -6.71163 -8.18541 -8.25829 -11.5566 -9.44364 -5.66177 -8.7603 -7.52999 -8.56294 -7.4379 -9.25666 -11.219 -11.6666 -11.5975 -9.58292 -10.4872 -9.16531 -8.78518 -7.36029 -6.74611 -5.83482 -6.46286 -8.65536 -10.0285 -9.62027 -10.4152 -10.5198 -12.199 -13.9769 -11.3101 -9.23291 -8.38487 -6.00468 -7.62681 -7.02348 -7.50017 -8.9369 -9.1549 -9.13639 -9.83602 -12.3481 -13.8725 -12.3503 -12.4238 -12.996 -7.57037 -8.06373 -8.04816 -7.42146 -5.78222 -2.45512 -3.99081 -3.38154 -3.14404 -4.11362 -6.90498 -7.62711 -7.82054 -8.95862 -10.2125 -9.47893 -7.52241 -5.08146 -4.3161 -3.89303 -6.03605 -4.53509 -5.03903 -5.50923 -4.95024 -4.29709 -5.21905 -3.65104 -3.65104 -2.59353 -2.75906 -5.63474 -5.49018 -9.8384 -12.7252 -12.5766 -12.9639 -13.0095 -12.0344 -12.1796 -12.644 -15.057 -14.5511 -14.6078 -15.9228 -14.2558
 -5.41121 -6.74522 -6.47295 -7.17259 -7.9201 -9.36242 -7.32823 -5.36805 -7.3612 -6.23561 -6.49828 -8.54155 -10.0215 -10.7079 -11.148 -11.1857 -8.95284 -8.9701 -8.34729 -7.15097 -6.59862 -9.597 -7.61345 -6.88096 -6.17062 -7.60926 -7.69801 -11.7324 -11.7063 -10.178 -10.7043 -9.92327 -10.2867 -7.82321 -6.09028 -5.29182 -5.25859 -4.71327 -6.15001 -7.70012 -9.12182 -10.1002 -10.0333 -10.7442 -11.6116 -11.4272 -10.3406 -8.32313 -7.71394 -6.12528 -6.99978 -5.26937 -2.10804 -1.31655 -1.30174 -2.86368 -3.37561 -4.05543 -7.10319 -7.18106 -9.99395 -8.29589 -7.28944 -5.64131 -5.82792 -6.56177 -4.32797 -6.29752 -6.55527 -5.11821 -5.11821 -4.92836 -5.07389 -7.78707 -4.34951 -4.1517 -3.64954 -1.06323 -2.65265 -5.52475 -8.08675 -11.8892 -12.2465 -11.6446 -12.5064 -11.3901 -12.4019 -14.3913 -14.557 -14.4467 -12.9747 -12.9747 -14.7456
 -5.05422 -5.57919 -5.85968 -6.69004 -7.8592 -8.35116 -4.90589 -3.51294 -4.35904 -5.57099 -7.10262 -9.17173 -10.6488 -10.8409 -10.748 -10.7528 -9.04302 -9.93239 -8.60307 -7.56692 -8.46629 -8.67976 -6.17149 -7.07389 -7.36418 -8.90737 -8.87217 -11.2835 -10.5205 -12.2594 -10.6026 -10.3062 -9.71665 -7.81319 -8.07798 -7.62883 -6.83846 -7.51834 -6.54091 -6.48802 -8.38504 -10.1002 -8.91643 -10.0679 -10.1578 -11.6008 -8.35393 -6.42387 -5.93522 -4.86779 -5.49911 -3.63357 -2.78769 -1.95933 0.415867 -3.86594 -3.47619 -4.30093 -4.4086 -6.90694 -6.59096 -6.8782 -6.8409 -6.07625 -5.37901 -5.33694 -6.13746 -7.79473 -5.86716 -6.96821 -6.58548 -5.70227 -7.53892 -7.14794 -6.91503 -4.29694 -4.29694 -3.64765 -3.73307 -4.75761 -6.25436 -6.0064 -11.8135 -12.3008 -13.2082 -13.447 -14.7483 -14.2835 -14.1787 -14.3797 -15.0531 -14.3754 -13.6224
 -5.10041 -4.53472 -5.4621 -7.40642 -8.8099 -8.88486 -7.25311 -4.11807 -4.59256 -4.68547 -6.5963 -11.9231 -11.9954 -13.2469 -13.7287 -11.4212 -10.9919 -9.87624 -7.53173 -6.73341 -7.16835 -8.08559 -3.96467 -5.10227 -7.85096 -7.02087 -7.81338 -8.95029 -11.2699 -11.4199 -11.3424 -11.8711 -10.6008 -7.73743 -7.11542 -7.62505 -8.59515 -7.30641 -8.22189 -7.74264 -8.63984 -6.45256 -8.85614 -10.0679 -10.2295 -9.30622 -7.87264 -6.94103 -4.39803 -3.97629 -4.4794 -2.61387 -1.84248 -1.81751 -1.89191 -3.55316 -4.82175 -4.83219 -6.81602 -5.55273 -4.19815 -3.73862 -5.37009 -5.17813 -5.63841 -4.88803 -6.64057 -9.73272 -7.00447 -7.26048 -8.17987 -7.2238 -6.07515 -5.34483 -5.87579 -6.23708 -6.5986 -5.09392 -5.18268 -4.46472 -6.0502 -5.43382 -9.15579 -10.5519 -11.2201 -11.4691 -12.3514 -12.559 -11.1076 -11.5843 -12.7358 -12.6399 -13.1597
 -6.49025 -7.24296 -7.27097 -7.95379 -8.8309 -8.80052 -6.61604 -5.75393 -5.70405 -6.52391 -8.43821 -11.395 -13.324 -13.5348 -14.0293 -11.7359 -11.2925 -11.3313 -8.49623 -6.56599 -7.61589 -9.09492 -9.09492 -9.0452 -9.60685 -9.8951 -8.5348 -9.89486 -10.5674 -11.8454 -13.1099 -12.5074 -11.8773 -7.87665 -8.02799 -7.63956 -8.03031 -7.13218 -7.37984 -7.67452 -6.82092 -6.65264 -6.06034 -8.04838 -9.26498 -9.30622 -7.06804 -7.42737 -5.39578 -1.48167 -2.92478 -1.71425 -1.77794 -3.58202 -2.77438 -3.51378 -5.81101 -5.15088 -5.72442 -6.36168 -5.38785 -4.70778 -5.76323 -5.5792 -5.18987 -5.25468 -7.29316 -11.0467 -8.96187 -7.30797 -8.51264 -8.07338 -9.21216 -7.38907 -6.86143 -6.60088 -6.09776 -5.59753 -6.26062 -5.53965 -6.55203 -5.07116 -6.97358 -9.60873 -10.4273 -9.99296 -12.3419 -9.47982 -8.50048 -11.1078 -12.5375 -10.9573 -12.055
 -9.15304 -9.07563 -9.37863 -8.50246 -7.61256 -7.63178 -7.15801 -6.70079 -8.79641 -8.66928 -9.69073 -10.4045 -11.8575 -13.0469 -13.6056 -12.3323 -10.7903 -9.70975 -7.57184 -8.44449 -9.3531 -8.85854 -10.8874 -9.71122 -10.4372 -10.1003 -9.47337 -9.88393 -9.96507 -11.7385 -12.5393 -10.7964 -9.97304 -9.07583 -7.70103 -6.8023 -7.43857 -9.63155 -8.30993 -6.88894 -6.82258 -5.85785 -4.82699 -9.30836 -9.99647 -8.19434 -7.99515 -6.33135 -5.12322 -3.80439 -3.69587 -2.63843 -7.48643 -6.76404 -5.80835 -4.39203 -4.99533 -6.43345 -7.07236 -5.57747 -5.78559 -7.01724 -5.76323 -5.93159 -5.49375 -6.29544 -7.4977 -10.9619 -9.9441 -7.22285 -8.89773 -9.41116 -6.93427 -6.89475 -7.32269 -4.03455 -4.05381 -4.54168 -4.68752 -4.86896 -5.12098 -4.50413 -6.73816 -11.7961 -9.96336 -8.89673 -9.6069 -8.55383 -10.4474 -11.1355 -11.8669 -12.4585 -9.74321
 -8.7325 -7.78793 -8.31319 -9.03035 -8.47768 -6.31217 -6.24829 -7.7996 -7.74449 -9.23947 -8.92383 -9.76888 -10.3756 -11.468 -13.6056 -12.3323 -10.063 -9.3887 -8.29758 -9.02547 -10.5797 -10.8386 -11.9504 -11.364 -11.4595 -10.1576 -8.1458 -9.39634 -10.4 -11.0214 -10.2192 -10.2964 -7.17459 -8.90787 -8.20475 -6.77042 -7.52275 -6.90637 -6.36772 -7.37548 -7.30309 -6.85132 -6.53417 -8.5416 -9.36956 -9.57859 -7.73948 -6.79204 -5.7418 -4.73181 -5.04524 -5.03216 -5.08325 -6.87187 -7.19222 -6.15361 -6.25306 -6.71487 -7.40624 -6.44259 -6.65568 -9.64891 -7.44466 -5.75571 -5.87052 -6.76092 -7.32182 -9.79763 -10.3087 -9.53892 -8.29222 -7.24985 -6.72994 -5.96607 -6.4261 -6.14895 -5.46374 -4.97662 -4.97662 -5.57666 -5.89038 -6.0835 -6.54898 -10.4442 -10.1403 -7.89233 -6.10676 -8.67093 -10.0496 -10.1656 -10.1455 -10.5679 -9.97001
