# name: MAT
# type: matrix
# rows: 101
# columns: 81
 -12.9147 -11.5097 -10.4358 -7.06781 -7.46023 -7.03717 -5.73588 -4.90437 -4.90437 -3.16395 -3.21519 -4.82673 -3.10848 -2.72892 -2.13171 -2.50873 -0.964875 -1.57018 -2.69038 -1.97638 -2.03859 -4.17791 -6.51741 -5.94398 -4.20062 -5.7712 -7.57519 -8.63558 -9.07342 -10.988 -12.661 -14.007 -14.5965 -13.9038 -14.4199 -15.3132 -16.1022 -16.8686 -17.719 -17.1061 -17.1061 -16.506 -15.8109 -15.6784 -16.3048 -14.7926 -14.4388 -15.8022 -15.1256 -15.9909 -14.8972 -12.6192 -11.7603 -11.8195 -11.2333 -9.49206 -9.24954 -7.03564 -7.17283 -5.7701 -3.8269 -0.580074 1.79103 -0.614523 -3.39122 -2.33216 -5.52439 -8.32601 -7.82943 -6.92704 -10.5745 -10.0648 -10.9819 -10.4103 -10.9978 -11.9838 -11.0135 -9.15447 -7.25842 -6.27514 -4.28268
 -10.6322 -9.12465 -9.32383 -9.29558 -7.7779 -7.43621 -5.73588 -4.55122 -4.55122 -4.77832 -3.22069 -2.99405 -3.93852 -2.13974 -2.5628 -1.29663 -0.0309446 -2.17983 -2.51035 -2.68192 -2.98817 -4.71128 -6.50119 -8.04588 -6.6981 -7.20171 -9.17397 -11.303 -11.3871 -13.2893 -14.361 -14.1056 -15.1725 -14.8901 -15.3132 -15.3132 -16.6043 -16.1607 -17.5761 -18.0206 -17.0033 -16.3082 -15.2379 -15.245 -15.6729 -15.2499 -15.6642 -13.5707 -13.4227 -13.4227 -13.1943 -10.6849 -11.3282 -11.3402 -11.8455 -11.45 -8.57719 -9.09403 -7.17283 -5.7168 -3.25347 -2.36109 -1.84016 -1.0169 -3.39122 -2.33216 -6.54844 -7.24633 -7.82943 -8.53937 -9.59949 -10.4928 -10.5026 -9.93105 -12.0138 -12.5403 -10.554 -9.31996 -6.38879 -5.61061 -3.71881
 -10.6322 -9.07007 -9.77237 -9.55329 -8.65834 -8.65834 -7.85151 -5.64725 -6.11251 -5.4244 -4.8787 -4.67 -4.404 -4.404 -2.17955 -3.00829 -3.08993 -0.487611 -1.45188 -2.08894 -2.60908 -6.27135 -4.90396 -7.05757 -7.86858 -7.56509 -9.32591 -11.6148 -12.1241 -13.8758 -13.4341 -13.5446 -15.4355 -16.3032 -16.3032 -15.8153 -16.6805 -17.9734 -17.5761 -17.8283 -15.8348 -16.0092 -15.5161 -14.916 -14.8737 -15.1046 -15.5466 -14.114 -13.9388 -14.8041 -14.1877 -11.2329 -10.0574 -11.3402 -13.1671 -11.8715 -10.3693 -9.18293 -8.05677 -3.78414 -4.39726 -3.23913 -2.33673 -2.20857 -2.91696 -4.74526 -5.99309 -7.30916 -7.8826 -8.0515 -10.0274 -10.1374 -12.1078 -10.947 -11.5345 -9.5834 -8.61302 -7.38152 -5.72697 -4.1901 -3.43008
 -11.0486 -10.2309 -8.74357 -8.72368 -7.79929 -8.15522 -8.01185 -4.32563 -4.79089 -4.14914 -3.72205 -4.52377 -4.46984 -3.55847 -1.75046 -4.44106 -3.76389 0.17628 -1.26191 -2.18982 -3.93532 -6.02991 -7.42281 -7.93777 -9.43893 -8.0527 -8.80982 -9.84907 -12.0085 -13.1173 -13.6499 -14.5249 -14.9951 -15.6081 -15.6081 -15.1202 -17.5344 -17.4034 -16.209 -15.3693 -15.8348 -15.3382 -16.0147 -16.0182 -15.846 -15.423 -15.8293 -14.7031 -13.9388 -14.8041 -14.1877 -11.7422 -9.5905 -11.8979 -13.1671 -11.3162 -11.8715 -11.0634 -8.55335 -5.87554 -4.5126 -2.69692 -3.78774 -2.88535 -3.26401 -5.75943 -5.25012 -6.7742 -7.98391 -10.1532 -10.0932 -11.6424 -11.6579 -12.1544 -10.1099 -6.75275 -8.27622 -8.15352 -6.2719 -4.10999 -3.91919
 -8.73487 -9.90976 -9.26237 -7.15165 -6.82036 -6.65176 -5.6834 -5.18908 -5.62692 -4.87722 -4.10277 -5.11515 -5.03155 -6.52825 -3.83805 -4.42234 -4.83632 -3.09064 -4.39418 -4.49039 -6.64856 -7.38145 -7.20109 -8.91102 -9.96222 -9.94999 -10.6032 -11.3653 -11.3653 -11.4487 -13.174 -14.5249 -14.9951 -14.7447 -15.6081 -16.4732 -16.3391 -16.1932 -16.1932 -13.9585 -14.9032 -15.3382 -15.3382 -16.0182 -16.0182 -15.423 -13.9352 -15.1716 -15.2537 -14.1877 -14.697 -10.7335 -11.242 -12.3772 -11.7007 -10.8125 -12.3681 -11.68 -9.18505 -7.54331 -4.76461 -3.84569 -3.28345 -5.62192 -4.94638 -7.51223 -6.5546 -8.37509 -9.59624 -10.1378 -10.1398 -11.6891 -11.6579 -10.8422 -8.88327 -8.60011 -7.64768 -6.79349 -5.24675 -5.52807 -3.27311
 -9.12092 -8.73849 -9.26237 -7.31961 -7.83336 -7.86342 -6.20812 -4.77865 -5.75312 -4.58158 -4.60409 -5.55095 -4.1681 -4.6767 -5.88365 -5.84942 -6.27007 -4.75724 -6.41828 -5.36296 -7.46024 -7.46015 -7.02521 -7.13283 -9.02335 -9.24363 -11.0116 -12.7458 -11.8656 -11.799 -12.1434 -14.3138 -13.9954 -13.2456 -14.6084 -15.4888 -15.1964 -15.6966 -15.7358 -15.0593 -15.5047 -14.9032 -15.3382 -15.8419 -15.8419 -15.7696 -14.8005 -16.0369 -14.9842 -14.4548 -14.2535 -11.6582 -10.807 -13.3394 -11.5718 -10.416 -11.3288 -10.8951 -10.8178 -8.45634 -7.58145 -4.21869 -6.92331 -5.09794 -4.4224 -4.13041 -6.5546 -7.92513 -7.58196 -9.65851 -11.0789 -12.2984 -11.3388 -10.3271 -8.92825 -8.55956 -8.28005 -7.16573 -5.6817 -4.6423 -4.77426
 -8.9066 -10.0127 -10.0328 -10.4548 -8.96147 -8.96946 -7.32156 -5.97505 -4.61982 -5.37428 -6.26997 -5.30997 -6.31618 -6.85219 -5.91591 -7.29864 -6.10589 -2.94971 -5.42758 -7.44683 -6.93931 -7.46015 -7.46015 -8.08228 -8.21432 -9.71157 -12.6239 -12.7458 -10.7415 -10.8724 -12.8385 -13.8787 -13.3188 -14.3423 -14.6084 -15.8425 -15.1964 -15.6966 -15.0593 -15.0593 -15.5247 -14.8915 -14.9032 -16.4433 -15.8419 -15.8419 -15.0966 -15.0784 -15.0784 -15.0425 -13.0405 -12.5368 -12.6318 -12.6543 -10.8342 -9.76836 -11.0261 -11.4112 -10.4563 -7.59463 -8.57932 -5.51409 -6.414 -3.90077 -2.81869 -4.13041 -4.76417 -6.39002 -5.38615 -5.64215 -5.17995 -7.21062 -8.87906 -7.13171 -7.7888 -9.34176 -7.41492 -6.61379 -3.98003 -2.64409 -4.52693
 -9.23813 -10.0125 -11.3294 -11.3167 -10.2719 -10.2799 -7.79509 -6.28342 -6.12334 -5.85831 -6.0941 -4.39061 -4.7244 -4.78785 -4.72815 -6.62697 -5.09118 -3.39862 -6.72973 -7.94994 -7.44862 -7.41856 -7.9394 -7.87115 -7.49932 -10.267 -12.6086 -13.7252 -12.9952 -10.98 -12.5945 -13.4067 -12.9101 -13.1778 -13.3335 -15.3394 -15.1964 -15.7067 -15.0593 -14.9233 -14.4123 -14.4123 -15.3411 -16.0084 -16.4433 -16.3215 -15.8671 -14.7886 -15.2166 -13.9693 -13.0405 -13.5073 -11.7944 -14.5843 -11.3298 -9.36901 -11.0261 -11.4094 -10.2729 -7.14432 -6.11892 -5.09777 -6.1258 -2.42747 -2.38289 -3.14782 -1.77523 -3.17322 -5.36132 -2.59396 -4.28818 -5.47397 -6.14536 -5.96227 -5.8999 -8.70202 -8.57912 -8.23293 -7.19042 -4.44832 -5.97865
 -9.25 -9.18744 -8.29296 -7.75025 -6.2569 -5.26106 -5.06945 -4.98404 -4.84456 -2.96915 -1.30247 -3.87405 -4.02106 -3.54265 -3.92264 -5.38509 -5.08467 -3.90173 -6.08788 -7.48446 -7.49003 -6.98072 -6.58536 -7.50689 -8.66872 -11.2027 -13.1817 -13.433 -12.9676 -12.4862 -12.2715 -12.6752 -13.8671 -13.1879 -14.2931 -16.0992 -15.8525 -15.7067 -15.1956 -15.6012 -14.3635 -14.3635 -15.5082 -16.6264 -16.5526 -16.5645 -16.5927 -16.4817 -14.0077 -12.7843 -12.7843 -12.4995 -12.4627 -12.0979 -13.0775 -10.445 -10.7879 -8.85369 -6.83234 -6.19528 -7.08354 -3.53205 -2.20025 -0.890192 -0.903404 -0.353091 -0.0647815 -1.92428 -4.91137 -3.23022 -3.71809 -4.52327 -3.44875 -5.86539 -4.842 -8.21445 -10.2909 -9.64341 -9.95597 -5.24082 -5.60373
 -7.77821 -7.65635 -8.06364 -7.27288 -5.20526 -3.1937 -2.91874 -4.83929 -4.75153 -2.45952 -1.19945 -2.71304 -3.11757 -1.44979 -3.34477 -5.08829 -4.81427 -5.20716 -6.24346 -6.63421 -8.1617 -6.03002 -6.58536 -6.57453 -8.48145 -10.843 -12.8995 -13.0457 -12.5861 -12.071 -11.8019 -12.5561 -13.7853 -13.2717 -13.8324 -15.8625 -16.5391 -16.4292 -16.2486 -14.9649 -14.9649 -15.538 -16.2331 -17.0493 -17.2477 -16.8246 -15.5951 -16.0007 -14.5746 -12.328 -12.8373 -11.6896 -11.1491 -10.7843 -10.3008 -11.0026 -9.67444 -6.84032 -7.18079 -5.67862 -3.41738 -2.68178 1.79627 1.01716 1.79262 1.78555 1.54755 -0.264564 -5.50148 -4.11885 -5.00628 -4.95517 -6.93053 -6.78282 -8.55032 -10.764 -10.6457 -11.5612 -9.38906 -8.271 -6.67836
 -7.77821 -7.59763 -6.17841 -5.23624 -4.79036 -3.42182 -2.91076 -4.32966 -3.11989 -3.12517 -1.88712 -2.54282 -2.56547 -3.55798 -3.98105 -6.13404 -6.30213 -5.30184 -5.74688 -5.9461 -7.06488 -6.20884 -5.86179 -6.34547 -7.91975 -8.89826 -10.499 -12.5398 -12.5412 -12.9313 -11.8728 -12.4449 -12.8107 -11.7896 -12.8342 -13.4884 -15.1783 -16.2024 -17.3281 -16.1854 -15.538 -14.8661 -15.8981 -17.0493 -16.3215 -15.8571 -16.991 -15.1688 -13.7736 -11.8335 -12.3428 -11.6964 -10.0596 -10.3008 -10.3008 -9.90161 -7.39499 -5.95568 -2.40974 -2.40974 -2.40974 0.507226 3.20938 2.72247 1.53628 2.86924 0.768928 -0.749652 -3.24546 -4.00086 -4.0474 -4.49082 -6.04055 -5.65805 -8.14461 -10.3373 -10.8021 -10.2866 -9.58904 -9.54204 -8.24163
