# name: MAT
# type: matrix
# rows: 68
# columns: 141
 -2.79599 -3.12893 -4.18321 -1.68569 -1.54402 -1.23411 0.800787 1.73049 1.85967 0.286659 0.276686 1.23668 1.78629 0.626544 -2.37256 -1.53312 -1.97495 -0.795873 -1.39234 -4.13655 -3.29068 -4.37837 -3.66937 -3.97699 -4.43557 -5.55757 -5.79174 -5.80478 -4.70725 -3.56754 -4.76122 -4.67316 -3.83879 -3.86981 -4.05924 -5.35187 -4.96219 -6.16711 -4.12327 -7.24279 -10.4574 -11.6625 -10.3926 -11.5368 -11.9867 -10.4196 -9.65519 -9.6058 -9.45867 -8.32376 -8.97116 -7.86194 -9.17303 -12.7038 -10.4793 -10.5564 -8.10156 -8.99688 -10.4276 -10.4276 -11.7925 -11.9499 -13.1489 -15.0496 -14.4864 -14.9601 -13.0459 -12.9959 -12.3352 -15.2899 -14.6717 -13.5599 -11.3541 -10.5988 -11.046 -8.2966 -9.55407 -9.1291 -7.13592 -6.84063 -8.82787 -8.05106 -6.57202 -5.37342 -5.22228 -6.73805 -6.14363 -5.62034 -7.52686 -6.56819 -5.47345 -7.19322 -8.30326 -7.90913 -7.74351 -5.6869 -5.51709 -3.05213 -3.93806 -6.26142 -5.88162 -2.85323 -3.05349 -3.73851 -3.90007 -3.5679 -3.4137 -6.37564 -5.81245 -5.36286 -6.76937 -6.74755 -7.3203 -7.56467 -7.16004 -7.8243 -8.75107 -8.08803 -8.15627 -8.66733 -7.5853 -4.62344 -4.53049 -5.55476 -4.85308 -5.23266 -7.46817 -7.79449 -7.96432 -8.95079 -8.85091 -8.22031 -10.1723 -11.7158 -9.87346 -11.0741 -9.09574 -7.85052 -8.55094 -6.47283 -6.03702
 -2.94124 -1.39441 -0.877191 -0.541774 0.598433 0.31971 0.798706 0.358748 0.330882 1.9449 1.85732 0.788357 2.20936 0.601072 -0.0349172 1.36572 1.22892 1.05946 0.571959 -2.17147 -2.18018 -3.98784 -3.82147 -4.62316 -5.2004 -5.9236 -5.53686 -6.21659 -5.96504 -6.43941 -4.11996 -4.54178 -3.93161 -2.7696 -0.941843 -2.48545 -4.95984 -4.88105 -3.8352 -5.89182 -6.4766 -7.40229 -6.16324 -9.67002 -10.0504 -10.2143 -8.50645 -9.07654 -9.45867 -8.49378 -9.47487 -8.36566 -9.45481 -10.7969 -8.27731 -8.45467 -9.25987 -8.18562 -9.97873 -10.4827 -10.5247 -12.9162 -13.6565 -15.6275 -15.0417 -13.7212 -13.7615 -10.315 -12.2408 -13.4752 -13.7199 -13.4696 -11.1305 -11.2994 -11.2503 -9.92078 -8.53513 -8.06965 -7.24662 -4.70157 -5.81526 -4.97757 -3.06323 -4.00765 -4.3869 -4.26856 -5.13115 -4.70967 -6.59887 -6.10721 -4.23413 -5.55575 -6.36909 -7.37056 -6.99369 -5.01577 -4.59016 -2.13926 -3.83618 -4.77237 -4.22553 -2.317 -2.00619 -2.94032 -2.90688 -1.53448 -4.0168 -5.10402 -6.31232 -5.86598 -5.13166 -4.60662 -6.52531 -7.23817 -7.8243 -9.33499 -8.7619 -6.70615 -6.21106 -6.77849 -6.14641 -4.28896 -3.16497 -3.18892 -4.1247 -5.77123 -7.36606 -8.93447 -8.52028 -8.15309 -7.12888 -6.43032 -7.89442 -8.94344 -9.95426 -8.80006 -7.67285 -6.98474 -6.35516 -6.57636 -5.70562
 -1.83872 -1.76116 -1.73385 -1.12928 -0.707885 -1.02226 -0.476077 0.819408 0.820033 2.31064 3.04039 0.392415 0.916552 1.36488 -1.07238 1.14509 1.18069 2.85799 -0.31789 -2.54872 -3.0453 -4.07297 -3.29749 -3.87997 -5.56105 -6.10669 -6.41863 -7.22965 -5.90401 -6.15643 -3.34722 -4.30829 -4.6255 -2.08302 -0.941843 -5.07681 -4.76747 -3.65304 -3.15842 -2.67092 -3.85321 -6.4317 -6.1713 -6.95477 -8.03153 -9.77318 -7.77496 -6.66314 -6.95478 -8.60184 -9.10495 -7.78082 -9.33322 -9.1848 -7.72248 -9.98702 -9.41446 -9.69256 -8.74186 -8.96558 -11.7127 -12.7215 -15.0056 -14.9676 -15.9643 -14.2398 -12.0061 -12.9648 -14.2547 -15.954 -15.4204 -12.4557 -12.4557 -12.0309 -10.7326 -10.7663 -8.09171 -8.06965 -5.1983 -5.05407 -3.42204 -4.20208 -2.04345 -3.57971 -4.16572 -2.93442 -1.81033 -3.66248 -4.96011 -5.05552 -5.55575 -6.00466 -6.13038 -3.93498 -4.74274 -3.87204 -4.51345 -2.66324 -2.88965 -3.60973 -3.24621 -0.409011 -1.43167 -2.85884 -2.68179 -2.60209 -3.55279 -5.65682 -6.42727 -7.53678 -5.5216 -4.67656 -6.84387 -7.64827 -8.90005 -8.90005 -7.80531 -7.35536 -7.35536 -6.77849 -5.20735 -3.73702 -2.13566 -2.67226 -3.04643 -4.83224 -6.88681 -8.65632 -7.95732 -5.8671 -4.96455 -5.6852 -6.98224 -8.76949 -9.38417 -9.15113 -7.67285 -6.00619 -4.24139 -6.80831 -4.49933
 -1.86524 -3.07638 -2.33188 -1.9949 -1.4248 -0.444327 -1.81564 1.48318 -0.201509 0.768164 1.17406 0.411009 1.6094 -1.53755 -0.345361 0.00796857 0.691853 0.578201 -0.0952166 -2.25423 -3.0453 -4.12081 -5.07287 -4.25555 -2.92802 -2.80166 -4.6141 -4.6141 -5.86533 -6.76382 -3.91725 -3.20146 -1.86982 -2.38501 -2.58573 -5.25039 -6.27371 -4.65617 -3.3717 -0.104062 -2.82104 -3.14569 -2.96156 -4.93481 -5.7664 -6.51179 -7.18119 -5.14876 -3.7745 -5.29419 -7.50063 -7.16835 -8.20535 -9.20313 -10.4805 -11.2009 -8.93041 -10.1425 -9.20602 -8.827 -9.70785 -11.9093 -13.5885 -13.1007 -13.6139 -13.2524 -14.4888 -13.1806 -13.6605 -13.9654 -14.58 -12.968 -12.4016 -12.668 -11.4641 -11.9751 -9.6166 -7.57505 -5.1983 -3.57373 -1.905 -3.29431 -2.1666 -2.15037 -3.22112 -3.14722 -2.48158 -2.62363 -2.96952 -4.3284 -3.87881 -4.89011 -6.68742 -4.45313 -4.0441 -4.20749 -3.36958 -3.40225 -4.1775 -3.54073 -2.31864 -0.929943 -2.40347 -1.74571 -2.40192 -3.3019 -5.94133 -7.3144 -6.25214 -6.31287 -6.29982 -6.13796 -4.9532 -7.62663 -7.88102 -7.20935 -6.78628 -6.33633 -6.33633 -7.07238 -5.98681 -4.57391 -2.8522 -2.51646 -4.5215 -5.49651 -6.92801 -6.45109 -7.02916 -6.52784 -4.02577 -4.87082 -5.3066 -7.42933 -9.66552 -8.08295 -7.8597 -5.30668 -4.85777 -4.94442 -4.45516
 -3.44015 -4.36249 -2.17878 -1.14496 -0.8618 -2.37284 -2.42021 0.8314 -0.724316 0.922677 0.2589 0.284083 -0.148459 -0.115244 -0.0721037 -1.18159 -1.07378 0.5488 -2.96523 -3.81285 -3.2823 -4.15047 -4.28692 -2.64205 -2.26228 -3.71875 -3.71875 -3.2395 -4.25097 -4.15064 -3.52262 -1.89085 -3.27376 -3.00601 -3.02773 -5.70767 -5.49068 -2.44595 -0.651483 0.332795 -1.77722 -1.34228 -2.36215 -4.07748 -4.71814 -6.96535 -5.60226 -4.68705 -4.72089 -6.32401 -8.53194 -8.70535 -7.07768 -8.50966 -10.5134 -9.36966 -9.0621 -10.2742 -8.47454 -10.1578 -10.6352 -11.379 -11.9333 -11.4955 -12.0847 -12.0847 -12.7683 -13.1388 -13.1849 -13.9384 -12.9857 -10.4851 -13.1628 -12.7335 -11.8606 -11.4171 -10.0303 -8.41273 -5.06654 -1.67479 -2.64442 -2.33131 -1.43511 -1.46378 -0.751534 -1.53698 -2.05364 -2.42936 -3.35311 -4.19989 -3.87881 -4.16896 -5.93904 -4.10163 -3.35954 -6.33666 -2.67042 -3.89356 -4.62745 -4.63929 -3.0843 -3.12262 -4.09761 -3.46081 -2.93988 -3.94225 -6.09207 -5.48922 -5.4309 -5.20736 -7.0399 -5.16855 -6.00544 -7.44666 -7.89407 -6.77151 -8.20575 -8.14377 -7.10272 -7.10272 -6.60608 -5.66138 -5.07599 -3.20457 -4.5215 -5.70124 -5.53984 -6.45109 -7.0007 -7.45397 -5.02972 -3.86947 -3.86947 -5.25483 -7.55435 -7.75897 -6.74675 -5.30668 -4.0939 -3.96943 -4.39737
 -3.73717 -4.44799 -1.85648 -2.88098 -1.34144 -2.94593 -2.09976 -2.50478 -1.29868 0.367331 0.189899 -0.393325 -0.505707 -0.228974 -2.10433 -2.28883 -2.25613 -0.646888 -2.50705 -3.61656 -4.22909 -4.92856 -3.29403 -2.46769 -2.34737 -2.89884 -3.85387 -3.93826 -3.26597 -4.05417 -2.79467 -3.01618 -1.56421 -2.30664 -3.17193 -3.74502 -3.5535 -3.39472 0.0942664 0.518017 -0.379892 -1.01062 -1.66761 0.0531216 -4.35619 -5.44716 -4.84465 -4.43315 -4.11992 -4.56889 -7.29736 -7.37572 -6.17254 -8.17188 -10.3932 -8.86654 -8.415 -10.1302 -10.1302 -10.3104 -10.8945 -11.5744 -11.0866 -11.7422 -11.4273 -10.3246 -10.3015 -9.34908 -9.47547 -8.92013 -10.4388 -10.3926 -10.5189 -12.1406 -12.7364 -10.146 -8.49745 -7.35542 -4.94581 -3.25254 -2.56757 -3.0328 -0.318402 0.162595 -0.38062 0.1139 -1.72655 -2.91609 -3.05956 -3.03131 -1.48703 -2.34058 -3.4346 -3.66042 -4.4786 -3.11894 -3.51608 -2.5268 -3.66218 -5.40615 -4.16132 -3.49754 -3.12262 -3.17393 -2.48582 -2.97713 -4.83578 -4.47683 -4.41852 -5.08278 -4.04544 -4.65749 -4.64934 -6.85679 -7.98098 -9.02786 -8.60479 -7.66678 -7.55267 -7.05815 -5.6072 -6.12223 -4.81372 -3.96867 -4.74879 -5.62529 -5.6525 -6.88408 -7.30908 -7.39917 -5.02972 -4.50574 -4.93134 -4.33494 -5.4383 -6.41203 -3.33629 -4.26724 -3.9842 -3.84202 -2.87147
