# name: MAT
# type: matrix
# rows: 81
# columns: 111
 -8.65357 -8.4261 -7.41012 -7.41012 -5.88177 -6.45485 -7.87299 -9.27404 -8.8436 -5.95757 -5.85633 -7.49065 -8.78982 -9.73137 -6.96967 -9.10507 -11.2229 -11.6018 -11.1584 -9.54733 -8.07185 -7.1202 -7.79207 -7.96183 -6.81519 -6.81519 -6.85635 -6.0113 -5.11781 -7.06522 -5.85759 -5.90079 -8.77548 -8.0093 -10.086 -8.24001 -7.53125 -6.89424 -7.0265 -7.9289 -6.69731 -11.8178 -14.1641 -15.7685 -16.3699 -17.0743 -17.3473 -16.7456 -16.7456 -15.493 -15.493 -15.7581 -15.6741 -14.1368 -15.3895 -15.133 -13.242 -13.0328 -13.6612 -13.6736 -11.6887 -11.6379 -11.6379 -10.2711 -9.66364 -11.5971 -11.7811 -11.0784 -11.9556 -9.17925 -9.52969 -9.67125 -9.58903 -10.5232 -9.95007 -13.4228 -12.3192 -12.3192 -13.2218 -12.0237 -10.4137 -10.4137 -9.73101 -7.53254 -7.1175 -7.64148 -6.87937 -6.66722 -7.52884 -4.98373 -7.78966 -7.78966 -8.4101 -10.0293 -11.4308 -13.0686 -12.1255 -14.0049 -14.1618 -14.0152 -12.1982 -11.5216 -10.2694 -9.27406 -8.15304 -8.95816 -6.863 -5.82576 -5.36844 -4.72788 -5.17642
 -9.31608 -7.56333 -7.56333 -7.56333 -6.39691 -7.0071 -8.25674 -7.99033 -7.56239 -6.84359 -7.53826 -7.00174 -8.7056 -9.65786 -9.94863 -11.6506 -11.8649 -11.6708 -12.2408 -10.156 -10.6353 -8.07222 -7.28995 -7.96183 -6.81519 -5.95007 -7.40781 -6.0113 -5.48897 -6.45133 -7.95935 -6.91001 -10.6538 -10.0002 -10.086 -8.87012 -7.3235 -8.54334 -8.06715 -7.58977 -7.85842 -10.3433 -11.4681 -15.2864 -15.9243 -17.1175 -18.2543 -18.276 -17.0844 -15.9223 -16.8992 -16.6587 -17.1253 -16.0218 -16.045 -16.5398 -14.7208 -13.0249 -14.1557 -12.6593 -11.6973 -13.6768 -12.5671 -11.7221 -10.955 -12.025 -12.7721 -12.6649 -12.511 -10.4327 -9.65936 -9.68175 -10.1001 -10.5232 -11.0786 -11.8966 -10.7292 -10.8166 -11.2759 -8.32685 -9.47403 -9.6392 -9.08723 -8.08298 -7.0174 -7.06839 -7.97079 -8.72498 -5.66857 -4.50593 -7.78966 -7.75856 -8.02832 -9.59722 -10.5656 -12.2033 -11.4518 -12.2105 -12.1971 -11.6236 -12.0247 -12.0247 -9.79015 -9.74427 -8.62324 -9.92288 -9.33992 -7.8037 -7.07499 -6.33473 -6.15573
 -8.45079 -7.43482 -7.43482 -7.43482 -8.6801 -8.08581 -9.82059 -9.14872 -7.74317 -8.40744 -7.58818 -7.58818 -9.54249 -12.6197 -11.0775 -11.9799 -12.3078 -11.6708 -12.2408 -10.7452 -10.156 -9.28432 -7.1051 -7.77661 -6.81519 -5.95007 -6.85247 -7.36006 -5.89675 -6.89965 -7.48883 -7.43143 -9.27154 -8.80398 -10.6965 -10.7211 -9.54207 -8.35891 -7.8957 -7.61756 -9.01299 -11.4277 -12.5184 -14.8096 -16.7139 -18.2064 -18.9252 -18.7039 -17.4526 -17.3864 -17.5733 -19.1382 -18.4501 -18.2865 -16.2489 -13.4614 -14.9379 -14.3262 -12.7745 -11.5768 -11.6973 -12.789 -12.789 -11.7221 -11.4516 -12.5282 -13.7875 -11.9357 -12.3528 -9.97719 -11.6001 -10.7482 -10.1782 -9.96495 -10.4423 -10.8986 -12.164 -11.2728 -11.1406 -9.69945 -8.61942 -8.78459 -9.44671 -8.9576 -8.08298 -8.34327 -8.45671 -6.85958 -5.2345 -4.50593 -6.9633 -8.20689 -10.4906 -10.1003 -11.31 -11.7436 -11.7561 -12.8705 -11.8482 -11.1747 -11.6423 -12.046 -9.74427 -10.2388 -9.34944 -9.34944 -8.94999 -8.71637 -7.85686 -7.79577 -5.33748
 -9.18226 -7.75893 -7.83028 -8.6801 -8.6801 -8.75007 -9.12672 -8.03452 -8.03452 -8.63639 -6.90192 -7.40408 -9.99055 -11.4516 -10.7245 -10.4265 -11.4425 -10.8055 -9.44611 -9.59607 -9.05209 -8.34107 -8.34107 -7.77661 -6.18143 -6.52316 -7.92927 -7.49717 -6.91816 -7.47274 -8.04535 -6.99601 -8.95223 -8.42991 -8.35564 -8.78378 -8.78504 -7.42501 -8.16382 -9.15899 -9.95299 -11.4277 -14.7535 -16.2914 -17.3014 -17.7807 -18.6553 -18.7945 -18.6473 -17.4233 -17.9112 -18.7872 -18.2927 -17.5031 -17.0129 -13.3925 -13.5251 -13.4306 -12.3921 -11.709 -12.2636 -11.814 -11.814 -13.2856 -12.9981 -13.2 -13.2765 -12.7807 -11.7548 -10.954 -10.963 -10.9268 -10.9938 -9.96495 -8.8822 -7.86079 -11.1319 -12.3251 -11.9923 -9.09657 -8.28238 -9.10386 -9.08002 -9.4278 -8.64706 -9.53394 -9.49376 -6.4998 -6.36216 -6.39676 -8.18247 -9.10456 -9.33341 -9.10452 -10.615 -10.8065 -10.2746 -11.6824 -12.2967 -12.8968 -12.8622 -11.9496 -9.29394 -10.0201 -8.90053 -8.90053 -10.3116 -7.36214 -8.81645 -5.92498 -6.44106
 -8.6311 -9.42384 -8.30474 -6.44185 -6.44185 -7.46452 -7.84117 -8.00369 -8.00369 -8.44153 -8.13775 -8.6399 -8.87842 -9.80478 -9.29546 -8.94336 -9.95934 -9.32229 -8.65802 -8.33045 -7.6776 -7.68309 -7.82593 -8.49744 -5.66441 -5.39872 -7.41413 -8.58563 -6.68399 -6.95236 -6.53316 -7.05704 -8.26914 -7.05111 -8.26762 -7.16379 -9.09531 -6.94306 -7.84546 -9.20392 -9.49422 -10.8067 -14.3386 -14.585 -15.9678 -17.7807 -18.6553 -19.1049 -18.6473 -17.9575 -17.1524 -18.2318 -17.7373 -19.172 -18.5049 -16.0408 -14.3135 -14.0257 -13.0097 -11.3029 -12.2636 -12.7602 -12.8272 -13.2147 -13.9474 -12.2235 -12.811 -11.7722 -11.2893 -10.2794 -10.2794 -11.3547 -10.7188 -9.93551 -7.26532 -7.66132 -11.8084 -11.8084 -10.5482 -7.74836 -6.34099 -7.80866 -9.45466 -10.7322 -10.5552 -9.72229 -10.1081 -8.52801 -7.48909 -6.39676 -8.80588 -9.72722 -9.09095 -9.08111 -10.1338 -9.42651 -10.291 -12.1769 -11.3307 -11.8009 -12.4854 -11.7476 -9.04782 -9.74291 -8.62189 -10.146 -9.89499 -8.33161 -7.64076 -5.92498 -6.87687
 -6.67609 -7.82345 -7.65395 -7.65395 -6.44185 -7.01494 -7.39158 -9.05327 -10.1568 -10.1568 -7.68816 -8.19032 -9.64229 -8.6092 -9.29546 -8.49378 -9.95934 -9.32229 -8.65802 -7.18737 -6.5982 -7.16246 -6.51173 -7.63215 -7.38882 -5.38157 -6.88837 -7.39216 -5.6896 -6.53316 -6.53316 -6.53316 -7.20955 -6.45659 -6.36034 -6.7142 -8.5725 -6.84892 -7.19938 -9.20392 -8.54015 -11.7689 -14.7323 -15.4432 -16.4364 -17.3017 -18.6466 -18.5803 -17.3335 -17.4021 -17.6618 -17.1739 -17.9135 -15.9984 -16.4739 -12.8661 -13.0992 -12.0033 -12.4842 -11.5276 -12.302 -11.0846 -11.2051 -12.2177 -13.6462 -13.1296 -12.5648 -11.8399 -10.8979 -10.2446 -9.19173 -9.36049 -9.99755 -8.90296 -8.32953 -8.29759 -10.32 -11.637 -10.275 -8.38826 -5.85188 -7.84438 -8.50086 -9.33916 -8.33473 -8.45407 -9.5872 -7.50951 -7.58374 -7.76041 -6.53917 -8.44355 -8.44355 -9.13229 -10.2589 -9.64927 -10.9829 -11.7026 -11.8009 -12.4728 -11.8852 -10.8363 -8.5533 -9.04782 -8.62189 -9.17373 -9.44667 -7.63652 -6.95697 -6.42156 -5.86626
 -8.24353 -6.04098 -7.12793 -7.12793 -7.6053 -7.05383 -8.00357 -8.44141 -9.10705 -9.10705 -8.29546 -7.79523 -9.13298 -8.6092 -8.27949 -9.18188 -9.50976 -9.32229 -8.80715 -6.67223 -6.09783 -5.63347 -6.48747 -7.18256 -6.64703 -4.08419 -4.91103 -5.19259 -5.10236 -6.00087 -6.53316 -7.01053 -5.43384 -5.93271 -5.39698 -6.07793 -8.5725 -8.74019 -7.35258 -8.04727 -9.02226 -12.8927 -15.3715 -15.931 -16.0955 -17.7027 -18.0968 -17.8463 -16.9098 -16.9111 -17.1652 -17.69 -17.3043 -18.7148 -16.2959 -15.0086 -16.156 -12.2004 -11.7646 -11.7206 -12.986 -11.5383 -11.5383 -10.8586 -12.1237 -11.6588 -12.0714 -12.1286 -9.21347 -7.95222 -7.95222 -7.00078 -8.17578 -8.98519 -7.90579 -7.60948 -9.52838 -9.68701 -10.5195 -7.6155 -8.39981 -8.27364 -8.41498 -8.764 -7.81271 -9.18059 -8.41199 -7.95783 -7.99243 -6.57081 -6.283 -8.17166 -9.7051 -9.8204 -10.7291 -9.63416 -12.0874 -12.3743 -13.0462 -12.4728 -11.4622 -10.8045 -9.47219 -9.48746 -10.593 -9.16674 -7.66536 -7.61677 -6.93928 -5.92704 -5.91973
 -8.24353 -6.04098 -7.12793 -7.12793 -7.12793 -7.6053 -8.41979 -8.99288 -8.59774 -8.59774 -7.69534 -8.98356 -9.3213 -8.81809 -8.27949 -8.07007 -7.90287 -8.2818 -7.59369 -7.52389 -6.09783 -5.79355 -5.11962 -7.06079 -6.66326 -4.37795 -3.43854 -3.69354 -4.07861 -3.99183 -5.40076 -5.87654 -2.99154 -3.71645 -4.88973 -8.37931 -8.93466 -7.38093 -5.65097 -7.83391 -9.7596 -10.7994 -13.9537 -15.9963 -17.9171 -17.3948 -16.4924 -16.6172 -16.6389 -16.9821 -14.5523 -16.0609 -17.8194 -18.1908 -17.103 -14.7051 -14.1087 -12.5245 -10.6332 -10.7519 -10.6699 -12.2635 -11.798 -12.4161 -12.5865 -12.3503 -11.3902 -10.6467 -9.3037 -8.30079 -8.80451 -8.3168 -8.3162 -8.43451 -7.29945 -5.89986 -8.03522 -8.07263 -8.18872 -7.92977 -7.83678 -8.39213 -9.78094 -9.41972 -10.3102 -8.23982 -6.80963 -6.97161 -6.96068 -6.33932 -6.4285 -8.31716 -7.56734 -8.91924 -10.0459 -9.35778 -11.6595 -12.5253 -13.0462 -12.4587 -11.5246 -11.3779 -11.0514 -10.0864 -9.11671 -7.50438 -6.63926 -6.61262 -6.4427 -6.4427 -5.92177
