# name: MAT
# type: matrix
# rows: 60
# columns: 106
 -4.1861 -4.14045 -2.36972 -5.59241 -7.10598 -8.12378 -6.24461 -8.50987 -7.83948 -8.36791 -9.43608 -8.07056 -7.88434 -7.23136 -4.86254 -6.34911 -7.8664 -8.79836 -9.39966 -10.3554 -11.4218 -9.26797 -6.09144 -5.0243 -7.39129 -4.55125 -2.93777 -4.25384 -5.48116 -3.38482 -2.7033 -4.01854 -4.75761 -5.08402 -2.02392 -0.501146 -3.28736 0.0903925 -1.19723 0.181352 -1.37679 -0.200366 -1.22404 -3.08803 -1.38338 -0.797401 -2.12372 -4.49402 -6.16635 -4.73678 -6.16764 -5.57521 -5.94016 -5.46163 -4.64197 -5.51869 -6.11698 -7.34185 -7.34185 -7.99536 -7.80785 -5.07795 -6.11422 -6.60641 -4.72678 -5.91313 -7.52573 -8.62173 -9.73135 -9.02736 -7.519 -8.10336 -10.3352 -10.4588 -9.99334 -11.1071 -11.61 -12.8234 -11.4417 -11.1344 -10.8858 -10.0163 -10.3618 -8.73157 -8.23691 -11.9215 -11.8141 -10.3046 -7.86364 -8.1165 -9.17523 -7.44428 -6.98525 -8.20804 -8.36839 -6.2064 -8.05668 -8.47063 -8.1918 -3.39206 -2.05796 -2.38849 -1.47266 -1.59172 -0.564086 -0.59947
 -2.79688 -2.39402 -1.22066 -2.76517 -2.07737 -5.70037 -6.06734 -8.51837 -6.57277 -5.7396 -10.746 -9.7605 -8.32443 -8.34556 -8.89605 -7.1152 -7.09504 -10.7322 -9.63663 -9.7057 -10.3759 -9.50818 -6.32402 -6.90539 -5.25968 -3.09926 -3.46175 -3.99687 -5.22585 -2.91547 -5.15575 -5.37102 -6.52623 -5.33832 -4.22216 -2.67054 -2.44527 -0.771396 -0.268281 -1.05366 -1.48612 -1.12177 -1.86487 -1.97334 -3.18315 -2.98226 -1.62893 -4.86479 -5.80792 -5.89283 -7.21319 -5.85361 -4.64599 -6.43467 -5.9437 -5.51773 -6.73153 -7.34185 -7.34185 -7.42734 -7.80224 -4.48437 -3.87526 -4.50611 -5.20707 -5.59325 -6.5132 -7.42754 -6.60609 -6.17532 -7.01418 -8.10263 -9.29187 -10.8204 -8.43468 -10.2652 -11.1398 -11.9974 -12.8163 -11.19 -11.8906 -13.3968 -11.0393 -10.6152 -10.3458 -11.1534 -11.6901 -10.6148 -11.0748 -10.9562 -9.8383 -7.9388 -8.07236 -8.80385 -7.05495 -5.11322 -4.1642 -5.66877 -7.40256 -4.1087 -2.1047 -3.32933 -2.66347 -2.80382 -0.910898 -0.103114
 -2.94277 -4.15039 -1.97922 -1.3315 -2.54758 -2.54758 -6.05247 -7.66852 -7.07548 -6.17536 -9.13362 -10.7112 -9.28364 -9.04324 -9.22734 -6.45906 -7.30283 -10.7322 -10.1769 -10.2852 -12.7614 -10.2379 -8.50978 -7.56966 -5.26338 -1.97437 -1.97489 -5.61096 -5.05932 -5.12236 -6.45922 -7.44806 -5.72216 -5.37382 -7.00016 -4.76259 -3.49916 -1.82432 -0.956388 -1.45768 -3.40387 -6.00235 -4.91999 -4.90891 -4.29134 -3.7949 -1.47511 -2.65365 -4.99683 -4.83354 -6.75832 -6.35348 -6.30559 -6.93725 -6.96242 -7.1322 -6.21487 -8.60787 -8.50549 -8.36004 -7.70974 -7.46191 -5.49288 -6.00656 -4.70904 -4.43229 -6.9033 -6.12443 -5.62081 -4.75394 -7.01418 -7.01418 -9.28398 -10.4658 -10.2633 -12.6504 -13.1763 -12.9474 -13.9441 -11.7864 -12.3197 -14.7159 -13.8827 -11.7291 -11.5149 -11.288 -13.3061 -13.4948 -12.2201 -10.7374 -9.54805 -8.35841 -8.5102 -8.80385 -5.71667 -6.20332 -5.20716 -5.10786 -7.04003 -6.00778 -3.85628 -3.7199 -4.14006 -3.29464 -2.4154 -1.09656
 -4.2222 -4.38112 -1.83529 0.05485 -2.65533 -4.16543 -5.32117 -6.37681 -5.92476 -6.36056 -9.13362 -8.40286 -8.90621 -6.07412 -6.31079 -4.85 -7.34033 -9.42569 -10.6865 -11.6705 -13.629 -11.9171 -9.63493 -9.7058 -8.46469 -5.07256 -2.17099 -6.29754 -8.74706 -6.44356 -6.47565 -7.06982 -6.27777 -6.95672 -6.498 -4.31214 -3.63415 -2.51243 -1.57603 -3.10041 -6.7763 -6.85287 -4.65444 -4.07579 -3.10021 -1.74415 -1.5094 -4.64636 -5.61711 -5.21749 -5.78231 -5.83682 -8.00734 -8.59152 -6.3792 -6.02939 -6.12642 -8.57102 -8.55877 -8.65842 -7.64922 -6.08828 -5.97064 -6.58399 -6.68003 -6.12081 -3.90591 -5.60942 -4.8879 -5.68322 -6.95752 -8.9458 -10.7591 -10.8469 -11.1324 -14.089 -15.0302 -15.186 -14.6056 -15.8836 -13.04 -15.9695 -15.2652 -13.0662 -11.7111 -11.9948 -14.5642 -13.2829 -11.3571 -10.4458 -8.13046 -6.61552 -6.81269 -6.32483 -6.4116 -5.0335 -5.35544 -5.24562 -5.33578 -3.51288 -2.37334 -2.06487 -1.48371 -2.50677 -0.139137 -1.07441
 -1.98375 -4.28368 -0.601239 -0.682706 -1.18011 -2.39221 -4.83821 -4.49854 -3.85675 -4.8001 -6.94161 -8.32829 -4.69617 -4.17804 -4.27824 -6.00047 -4.53361 -7.37236 -9.18853 -10.95 -10.8276 -10.3502 -9.29852 -9.70915 -9.37741 -5.06354 -5.45916 -10.6186 -8.91726 -7.34055 -5.16594 -5.88025 -6.34405 -6.96598 -4.89097 -4.33639 -4.54961 -3.3807 -1.50106 -5.07266 -6.58054 -6.86048 -4.63611 -3.97213 -4.39218 -2.67067 -1.53707 -5.19367 -6.23317 -6.4543 -7.49835 -8.35919 -5.93524 -6.41524 -6.964 -4.83364 -7.00892 -7.1699 -7.29466 -6.81728 -5.76058 -7.7844 -8.33216 -9.13984 -7.96963 -7.91988 -7.17708 -6.11373 -7.24745 -7.76128 -9.42336 -8.75973 -8.40874 -8.78546 -12.9292 -15.1958 -14.0944 -16.4832 -15.1529 -13.7729 -13.0082 -12.7467 -14.2447 -13.7579 -13.32 -12.8685 -11.7835 -9.43799 -9.75823 -8.06787 -7.47573 -6.91408 -5.35811 -5.15932 -4.18851 -4.86448 -3.16406 -4.7377 -4.66611 -2.81948 -2.97261 -0.0564146 1.3405 -1.07926 -0.345909 0.0821851
 -0.834022 -3.01572 -0.0018029 -1.58378 -1.58378 -1.63208 -2.24845 -4.92161 -4.77572 -5.52247 -6.02344 -6.14008 -2.54185 -3.84047 -3.81871 -5.64416 -4.86567 -5.8666 -8.769 -13.8681 -11.2682 -8.80264 -9.0518 -9.79018 -9.67261 -4.92039 -5.17903 -9.59081 -9.56173 -7.24156 -6.05156 -5.13043 -6.61565 -7.7234 -5.71363 -3.73933 -3.55793 -3.34242 -3.77021 -6.61799 -9.46754 -9.07545 -6.76389 -4.52756 -2.26138 -2.19735 -2.49727 -8.33795 -6.32661 -4.10737 -4.8289 -5.3713 -5.99861 -5.45102 -5.40831 -8.42422 -6.6352 -6.15732 -6.32978 -4.90263 -5.3622 -7.46322 -9.62349 -10.0449 -11.0275 -10.4013 -8.62529 -7.29085 -6.46629 -6.74259 -9.34558 -8.60074 -8.12444 -9.92905 -12.0996 -13.0294 -13.4884 -12.2251 -10.8107 -11.3518 -11.5901 -9.82128 -10.9079 -11.9663 -13.3277 -11.4031 -12.0363 -8.97017 -7.95881 -8.47214 -10.7937 -7.19051 -4.19024 -5.20863 -2.49198 -3.21602 -4.20365 -5.52055 -5.01092 -3.5871 -3.2926 -1.74039 -0.636585 -1.7686 -1.33259 0.5853
 1.27728 -1.01608 -0.554973 -1.133 -2.12 -2.63275 -3.28126 -6.24126 -4.96945 -6.89182 -7.61013 -6.19367 -3.97931 -3.5566 -2.37351 -3.35268 -4.36299 -5.64673 -7.911 -11.4448 -8.71939 -8.03877 -9.05084 -10.0529 -10.9408 -6.86689 -8.43136 -9.59081 -8.56577 -6.81899 -5.29878 -4.35758 -5.67031 -7.19763 -6.19288 -5.22865 -2.49516 -2.62361 -4.95474 -6.47947 -7.45028 -7.0372 -4.32403 -2.53521 -4.03388 -4.79529 -3.32914 -5.83858 -5.87765 -5.86084 -3.63542 -4.7581 -4.54103 -6.55486 -6.40311 -8.62446 -8.05377 -7.84453 -5.97646 -5.95676 -7.8196 -9.26161 -9.04347 -10.5024 -11.9314 -10.8752 -7.69225 -7.61359 -7.52978 -7.05607 -7.65365 -4.94505 -6.64397 -9.60331 -13.2898 -12.4474 -11.6114 -10.1814 -10.101 -11.3316 -12.8617 -10.6206 -10.2281 -11.0165 -10.2721 -9.00854 -6.41073 -7.91279 -7.98903 -7.53391 -7.43521 -6.1517 -6.39752 -4.90145 -4.76646 -5.60793 -5.05526 -5.06456 -3.58473 -1.19412 -1.87008 -3.09235 -1.66213 0.633479 1.5853 1.26378
 0.46523 2.82643 1.86202 -0.958847 -2.5244 -2.5244 -4.45313 -5.40699 -5.39251 -5.64913 -5.50638 -4.74807 -4.48862 -2.88025 -2.53466 -4.10155 -4.76719 -5.70814 -8.40552 -10.823 -10.3721 -10.5203 -9.21266 -11.0854 -12.2343 -7.78447 -9.59943 -10.9958 -11.0011 -6.80059 -6.80059 -5.55841 -4.50245 -7.73026 -5.94212 -6.88317 -5.51118 -2.85186 -4.96666 -5.03283 -5.79626 -4.22681 -2.89408 -1.52085 -4.16494 -6.31779 -5.34583 -4.27036 -5.93421 -5.1656 -3.55591 -6.26182 -5.12039 -4.10521 -4.79847 -5.87407 -6.46145 -5.98407 -4.55942 -6.14105 -8.2802 -9.24171 -9.56531 -11.482 -11.3808 -10.1218 -8.53857 -8.50416 -9.46952 -8.93971 -5.73626 -6.15355 -7.40784 -8.08166 -10.7206 -11.2937 -10.353 -10.0464 -9.39394 -8.19233 -11.5519 -10.2153 -10.8104 -12.5493 -11.5715 -10.5297 -6.91385 -7.77325 -7.84949 -7.34588 -6.3726 -5.65874 -3.88438 -5.2468 -4.33832 -6.034 -4.81218 -4.20686 -2.66125 -1.48159 -1.43798 -1.5692 -3.78914 -0.0548729 2.71609 2.05645
