# name: MAT
# type: matrix
# rows: 68
# columns: 144
 -10.3444 -10.9905 -9.44508 -8.4566 -9.82442 -10.1139 -8.2112 -4.62388 -4.38037 -3.26155 -4.65663 -5.22672 -5.37974 -2.8202 -5.10948 -4.76099 -6.21365 -7.09837 -7.01918 -6.39881 -6.22643 -6.19762 -5.2224 -2.17643 -2.67301 -1.26222 0.971705 1.04252 0.668495 1.30163 2.24429 3.80327 2.15806 1.83652 -0.0578048 -2.01767 -4.21018 -5.91033 -4.32114 -6.75568 -5.40041 -5.42405 -5.33699 -4.51241 -5.57493 -3.82698 -3.09364 -2.32863 -1.87502 -4.59148 -3.3385 -3.79574 -7.38324 -10.198 -10.198 -8.16436 -8.45226 -9.63666 -9.85011 -8.21078 -9.69668 -10.4494 -10.2609 -12.0524 -10.9556 -9.49247 -7.06614 -4.17247 -3.1345 -3.32474 -3.81926 -4.31011 -4.31166 -5.21987 -6.13375 -8.11659 -8.33436 -8.33436 -6.93475 -7.58841 -8.71803 -8.69363 -8.68633 -9.51687 -9.61989 -10.1143 -7.91193 -10.076 -11.4123 -10.7971 -11.58 -11.806 -8.88995 -9.3132 -9.25472 -9.73136 -10.5071 -9.91833 -8.85821 -8.47122 -7.78934 -7.07856 -6.6038 -7.44952 -4.90954 -4.23166 -4.96707 -3.79649 -3.04245 -2.73549 -3.17044 -6.57549 -8.30961 -6.33871 -4.64352 -5.47258 -5.93694 -5.33551 -7.09147 -8.83883 -8.72807 -8.86342 -7.32754 -7.42548 -8.55417 -6.28091 -5.29146 -6.72404 -7.12764 -4.51832 -3.8722 -2.23524 -2.321 -2.939 -3.72283 -3.83315 -6.49884 -7.85781 -8.10544 -9.10111 -9.62583 -11.3449 -10.389 -11.6226
 -7.66335 -10.6328 -10.4917 -10.3794 -10.0683 -10.9097 -8.79973 -6.99982 -4.85934 -5.2886 -4.28364 -5.27277 -4.17005 -4.10107 -5.85013 -5.58633 -5.82006 -7.09837 -7.01918 -7.36688 -8.70462 -5.67222 -4.08985 -2.67955 -2.23517 -0.818802 0.749985 0.902469 2.3494 2.35087 2.01477 4.15368 4.52848 2.96568 2.10003 2.69051 0.733054 -2.13696 -4.34979 -4.82099 -4.76587 -5.15369 -4.92715 -3.6968 -4.24826 -4.72733 -4.2963 -3.54565 -2.56603 -3.68237 -3.23708 -5.37522 -7.20712 -7.795 -8.4424 -8.93735 -9.52843 -8.46421 -8.7409 -7.73532 -10.8336 -12.8876 -11.7912 -13.5908 -13.7175 -9.07542 -9.03932 -5.98565 -3.75741 -4.53159 -5.49839 -5.49995 -5.12869 -5.79296 -4.88788 -7.30002 -8.82347 -8.81173 -9.15241 -8.45186 -10.7418 -9.77126 -9.32641 -9.68799 -11.401 -9.21294 -10.8493 -9.62475 -10.1448 -12.6199 -11.58 -11.4414 -9.36264 -9.8035 -9.83572 -9.74862 -11.0024 -8.27871 -9.40471 -9.31218 -7.85006 -6.61319 -7.10691 -6.5856 -5.18369 -4.75443 -5.75238 -2.75584 -3.75142 -3.97585 -6.63242 -7.76331 -8.8837 -7.36655 -5.43364 -4.52354 -5.47199 -5.73036 -7.11758 -8.83823 -9.93672 -8.71954 -7.53563 -6.96715 -7.68888 -8.0302 -7.38327 -7.14224 -6.432 -1.96803 -1.96803 -1.01733 -1.87268 -2.01315 -3.72283 -2.62122 -3.15048 -5.23033 -9.64711 -11.2162 -11.1047 -11.5867 -9.38258 -9.46602
 -6.64073 -7.98512 -9.00746 -9.61206 -10.0385 -10.296 -9.4022 -9.30577 -7.00017 -6.81756 -6.2785 -5.68037 -8.0124 -6.50945 -7.31952 -7.54123 -6.18754 -7.18515 -8.27335 -7.26873 -6.75277 -6.52925 -4.52479 -4.08695 -1.0754 1.58214 2.11356 2.38739 2.19962 3.26961 2.48836 1.7476 2.91814 2.1778 1.44792 3.11567 0.901517 -1.83234 -4.56172 -4.46431 -2.46165 -3.06315 -3.57933 -2.00701 -2.69781 -4.16303 -2.24878 -1.40601 -0.609045 -0.394865 -1.69743 -6.24034 -8.22015 -8.29872 -6.83287 -9.38865 -10.435 -9.25825 -8.6045 -7.98168 -10.8009 -11.5809 -13.9316 -13.9903 -13.3416 -10.5174 -8.52649 -7.6121 -5.1406 -6.1865 -5.75856 -4.52464 -5.67677 -4.30779 -4.74222 -6.97308 -8.47287 -9.26206 -9.63763 -9.29199 -9.99914 -9.99103 -9.81163 -10.1743 -10.5191 -10.1691 -10.196 -8.92226 -8.2154 -10.1207 -10.8879 -11.52 -11.4564 -10.793 -9.69221 -10.5557 -10.8749 -9.28857 -9.90495 -6.3986 -6.1587 -5.66296 -7.61654 -6.00688 -7.20721 -4.8949 -4.81796 -6.31915 -7.27077 -6.79321 -7.22815 -7.22815 -8.1733 -6.89995 -7.31479 -7.66359 -8.49944 -7.86599 -7.82074 -8.97547 -10.8121 -8.54809 -8.03366 -7.36031 -7.21488 -7.32373 -7.06983 -5.74893 -3.5255 -1.8697 -1.96803 -1.02313 -1.46089 -1.99824 -3.04193 -3.05616 -3.66124 -7.09711 -7.8858 -10.1019 -11.7225 -10.5719 -9.9827 -9.28007
 -5.2285 -5.29987 -6.60257 -7.65496 -9.17 -9.8684 -10.9496 -6.99017 -7.24367 -6.84827 -6.27592 -7.19814 -7.99233 -8.14433 -9.22151 -9.01503 -7.74212 -8.30934 -7.05018 -7.28617 -8.62116 -7.21738 -4.39579 -3.31328 -2.20166 -0.0297751 0.194309 1.83552 0.271841 0.806659 0.864892 -0.206278 0.0253178 1.33867 1.47576 1.96397 2.87387 1.20216 -1.22363 -2.34151 -1.23113 -3.58702 -4.54785 -2.35593 -3.12991 -3.69283 -1.64735 -1.36676 -0.754806 0.610908 -1.32702 -5.70801 -7.25336 -6.1735 -6.33155 -8.64917 -11.3655 -11.3217 -10.4116 -8.60273 -11.5961 -13.2284 -12.221 -14.3603 -13.291 -11.1555 -7.42144 -4.15086 -4.27356 -4.06212 -3.57188 -5.69321 -5.54927 -4.74736 -4.66585 -6.67098 -6.50759 -7.45169 -8.95963 -11.3563 -10.5157 -9.66255 -8.76015 -8.9038 -10.1218 -10.116 -8.93515 -7.34649 -6.99528 -9.32376 -10.2229 -11.7815 -11.1318 -10.9363 -9.64726 -8.79062 -10.8641 -10.3997 -7.55427 -5.90203 -5.20098 -4.58725 -5.12129 -5.90936 -6.45362 -6.59877 -5.62906 -5.54414 -6.73495 -6.24584 -6.24584 -6.24294 -6.62428 -6.40999 -7.22575 -7.22575 -8.16318 -8.73815 -8.53788 -9.7426 -10.2238 -10.0792 -8.04088 -8.46032 -7.71849 -8.1579 -8.96086 -7.33757 -5.80537 -3.74445 -0.92354 -1.02013 -2.13256 -3.56286 -2.96897 -3.07457 -4.61807 -5.91613 -6.00117 -6.99492 -9.57603 -9.23653 -9.23574 -9.80589
 -4.36216 -4.78153 -6.60761 -7.02729 -7.12234 -9.80362 -9.59855 -10.3418 -8.05672 -7.81009 -6.75125 -9.55436 -10.5228 -10.7042 -10.7319 -8.7378 -9.99123 -9.18624 -7.98077 -7.36755 -7.63713 -8.05426 -6.13345 -3.56606 -2.02415 -1.59621 0.794733 0.616295 1.36765 2.66493 0.0260436 -0.397446 1.16335 0.871935 0.40834 1.11017 2.01122 1.1985 -0.625564 -0.87999 -0.271353 -1.58309 -1.45756 -2.977 -0.497638 -3.0914 -1.09998 -2.71006 -1.46968 -1.27933 -3.5184 -4.46963 -5.01886 -4.51076 -8.52742 -10.1503 -12.5998 -12.556 -12.1062 -10.6597 -9.65759 -12.7919 -15.4539 -14.0047 -11.6176 -11.1864 -5.69761 -4.11057 -3.7006 -1.9628 -2.87555 -3.74834 -3.25267 -3.08548 -6.75748 -7.63481 -7.11292 -6.972 -9.59364 -10.0167 -11.0293 -9.66255 -7.43854 -8.55674 -10.5539 -8.6546 -7.7954 -7.7954 -7.53176 -9.28251 -10.2108 -11.4776 -10.4349 -9.99711 -10.1974 -9.82634 -8.18862 -7.69204 -6.73289 -4.49506 -4.71625 -3.76875 -4.14746 -3.59147 -3.3943 -4.17011 -4.84229 -5.60177 -4.02771 -4.48638 -4.48638 -4.32121 -3.79551 -6.57828 -5.14989 -5.91399 -6.97869 -7.41653 -5.15869 -4.98021 -6.48231 -7.88859 -8.15017 -7.41868 -8.80556 -9.92819 -9.60419 -8.15577 -7.14479 -4.64868 -1.68733 -2.69297 -4.38666 -3.35845 -2.93932 -2.4029 -2.80661 -6.06995 -4.36889 -4.54776 -9.27717 -9.8728 -9.15039 -7.5958
 -4.17064 -3.18579 -3.14001 -3.69938 -6.99281 -8.01622 -10.3814 -10.5486 -9.34063 -8.21567 -8.18789 -9.85541 -10.9662 -9.92176 -12.2677 -9.38927 -9.56197 -9.03607 -8.95409 -8.28845 -8.74835 -8.03634 -5.88611 -5.32011 -3.72543 -2.10411 -3.00791 -2.04767 -1.02348 -0.584633 1.35621 -1.53958 -0.577627 1.55001 0.667194 1.40834 0.912253 -0.47632 -0.47632 -0.47713 -0.9523 -1.08683 -0.27199 -0.0237622 -1.38608 -2.0852 -2.93663 -2.48704 -1.97328 -1.70973 -3.89582 -3.78035 -5.68831 -6.67808 -7.92267 -11.2413 -13.0343 -13.0025 -12.6977 -10.5733 -11.0646 -11.0094 -13.2688 -14.2465 -11.4633 -7.99369 -5.41807 -4.53221 -2.27312 -3.01316 -4.68613 -4.28604 -3.06779 -3.06779 -8.47173 -8.00914 -8.07508 -7.59571 -9.13841 -9.77697 -10.3537 -8.34093 -7.33576 -7.8911 -9.93749 -8.43925 -7.75298 -8.7187 -9.69369 -10.2575 -10.2376 -11.1785 -9.60053 -9.36178 -9.57837 -9.32611 -9.04698 -7.52773 -7.5027 -4.55194 -4.62008 -5.65781 -4.43697 -4.25573 -3.58626 -5.88354 -5.45428 -5.00165 -3.70981 -4.65675 -6.3477 -6.82965 -6.21101 -5.35808 -6.76222 -6.1497 -7.14212 -5.44675 -6.86181 -6.07458 -6.57481 -7.07476 -7.16529 -8.17843 -8.31207 -7.99569 -9.60419 -8.58664 -8.03115 -7.44183 -5.90204 -4.49806 -4.98678 -4.90926 -4.41474 -2.95251 -2.31624 -1.83199 -3.53667 -2.83617 -5.03235 -8.99191 -6.26196 -6.70059
