# name: MAT
# type: matrix
# rows: 51
# columns: 63
 -6.44128 -5.36234 -6.1727 -1.65033 -2.09924 -2.60855 -2.58468 -0.970652 -3.42725 -4.50097 -6.02766 -8.06586 -8.06586 -7.46983 -8.08739 -7.16081 -8.45431 -7.7389 -9.00495 -10.609 -9.37015 -10.2455 -9.48871 -10.1768 -8.26926 -6.75374 -6.16979 -6.23556 -6.54196 -5.9429 -5.55712 -5.39887 -6.35664 -7.56294 -7.0876 -8.70411 -10.401 -10.884 -11.2901 -9.80193 -7.76772 -10.8132 -9.22986 -10.2275 -10.766 -10.8858 -9.73818 -5.91333 -6.47886 -6.42491 -5.64438 -5.67671 -5.31402 -6.08614 -6.37369 -6.21321 -7.49168 -8.39878 -7.34901 -7.41907 -9.03008 -10.1662 -9.32598
 -8.10153 -6.60286 -5.99918 -1.97257 -2.42148 -2.72301 -1.87539 -2.46848 -1.87853 -3.24855 -3.82454 -5.30125 -6.59186 -8.70217 -9.23424 -7.80301 -8.34605 -7.69271 -8.93507 -10.1214 -9.73164 -9.86328 -11.3732 -11.3122 -10.6826 -9.1196 -7.68873 -7.19307 -4.82582 -7.05925 -4.68467 -4.93006 -7.21877 -9.80088 -9.79541 -9.30089 -11.9034 -11.842 -12.2218 -10.6737 -11.308 -11.1852 -11.0665 -11.0678 -12.1705 -10.9873 -9.60348 -7.79072 -8.4542 -5.02628 -4.51352 -5.32825 -5.42752 -6.24963 -7.17443 -6.70086 -5.42361 -6.84685 -6.8959 -7.39806 -9.81147 -9.61502 -9.37614
 -8.50755 -9.13347 -9.0769 -5.23347 -3.19107 -3.56254 -2.36669 -1.13096 -1.00935 -2.34925 -2.6961 -1.15031 -4.88765 -7.46477 -6.66388 -8.32773 -9.53983 -9.2582 -9.99286 -10.5255 -10.7232 -10.1678 -10.4225 -10.5499 -10.4804 -10.3635 -6.25219 -7.67569 -6.73196 -4.95331 -5.34159 -6.39268 -9.21964 -8.11808 -8.35931 -9.95245 -10.9517 -10.1096 -12.6375 -12.0281 -11.135 -10.5982 -11.0473 -11.0199 -11.6842 -11.0336 -11.0268 -9.41604 -8.5614 -8.12012 -9.72227 -9.35746 -6.9864 -6.24963 -6.9864 -6.98557 -5.97972 -6.11271 -6.54851 -8.69999 -9.17328 -8.16774 -8.68803
 -9.26308 -9.57294 -9.0769 -6.45178 -4.30022 -3.96009 -3.39 -2.06674 -1.60862 -0.0169064 -0.954363 -0.0380746 -3.53237 -5.6035 -6.27297 -8.47248 -9.02942 -8.90278 -10.9258 -9.48884 -9.64558 -9.04295 -8.78657 -9.21671 -8.48234 -7.758 -6.34407 -5.15404 -6.43351 -7.46188 -5.79167 -6.55823 -8.25997 -9.01673 -7.88369 -9.87124 -10.1015 -12.0827 -11.0975 -11.082 -11.2048 -10.5982 -11.0473 -10.5379 -9.30221 -10.9964 -10.4089 -10.571 -10.2259 -9.8461 -11.6888 -9.02211 -5.8944 -5.77477 -5.27261 -5.79344 -4.23612 -6.34194 -8.47896 -8.43723 -8.00878 -6.44218 -6.5138
 -7.78523 -8.57819 -9.17682 -7.61451 -4.70122 -4.08532 -2.25425 -2.00014 -2.08807 -1.17539 -2.75776 -3.46892 -4.71025 -5.24073 -7.47686 -8.04994 -9.05999 -10.1135 -10.749 -10.8295 -9.43266 -10.1477 -8.55741 -8.64764 -9.69513 -8.33061 -6.64369 -6.28737 -6.08887 -8.40503 -9.10925 -9.28805 -7.95848 -10.8665 -9.66271 -12.1278 -11.2034 -12.5498 -13.0735 -11.0151 -10.1971 -10.4915 -10.982 -10.4774 -9.36846 -8.82713 -9.90856 -11.9826 -10.9431 -11.9842 -12.2132 -9.51843 -6.3302 -6.34327 -4.82663 -4.08602 -3.07025 -6.45521 -8.43723 -8.9251 -8.85717 -7.01562 -6.86393
 -7.27888 -8.40916 -8.67659 -5.76195 -4.14366 -4.17045 -2.63465 -4.72574 -3.99426 -3.91203 -4.35642 -5.02428 -4.46152 -4.47686 -5.31508 -6.77676 -9.55657 -10.9952 -11.1567 -9.9577 -9.63749 -8.6958 -7.88557 -8.70261 -8.71464 -8.3312 -6.28453 -7.00647 -7.08378 -9.39994 -9.5297 -9.68447 -10.3537 -10.6162 -11.0966 -11.4621 -13.2707 -13.9952 -14.0175 -12.3112 -10.9437 -10.4775 -9.92377 -9.95436 -8.32402 -9.72223 -10.3932 -13.0794 -11.4452 -11.3686 -13.2177 -11.236 -9.0333 -6.38749 -5.3004 -4.73688 -3.93339 -5.56936 -8.79317 -9.77015 -8.35501 -8.34732 -6.7657
 -7.91264 -7.76048 -8.08432 -6.68093 -4.84943 -3.71949 -2.19724 -5.08204 -5.22598 -5.03673 -3.5495 -3.99519 -2.90914 -5.12351 -5.81166 -7.18922 -9.73483 -10.613 -8.88994 -8.96948 -8.31177 -9.21188 -9.15757 -7.3321 -6.96562 -6.39693 -7.55334 -7.95205 -7.10967 -7.07912 -8.51088 -9.73253 -11.4501 -9.9187 -9.4565 -10.6132 -12.6967 -14.568 -13.3886 -13.9732 -11.43 -12.4851 -11.0037 -11.1732 -10.6639 -9.80702 -9.74344 -12.5561 -13.8433 -11.8847 -11.2901 -11.2246 -8.49554 -8.99865 -7.38416 -5.36147 -4.41077 -5.97945 -9.6617 -10.0966 -9.18367 -9.24971 -7.16438
 -7.91264 -8.25179 -7.46719 -5.7561 -4.97398 -4.26724 -4.34906 -4.96001 -4.7831 -3.75268 -5.33174 -5.25527 -5.15021 -5.15021 -7.07645 -8.97878 -10.2252 -8.70419 -9.37561 -10.5399 -8.98345 -8.18569 -10.5338 -9.47788 -6.27346 -5.36099 -5.50838 -5.89593 -4.89138 -5.36482 -6.6892 -8.49105 -9.0656 -10.9362 -10.0603 -10.693 -13.8275 -12.1953 -12.4212 -11.5203 -10.5265 -11.4236 -10.5035 -10.673 -10.1637 -9.81273 -13.0176 -12.9534 -11.665 -11.8227 -9.233 -9.38005 -7.79204 -8.40049 -8.40049 -7.92333 -5.1187 -5.12712 -8.33503 -9.28104 -10.5988 -8.08893 -7.82734
 -6.1718 -6.26917 -6.14764 -4.37151 -3.66711 -4.26724 -4.39968 -5.07135 -2.83785 -4.97629 -5.3178 -8.09239 -6.2842 -6.31248 -6.92885 -9.54559 -9.79742 -9.56673 -7.96553 -8.79063 -8.36514 -9.65884 -7.87263 -7.85427 -6.6067 -6.10608 -4.98823 -7.50822 -7.75909 -6.72335 -7.7796 -10.765 -9.02087 -9.91278 -9.76122 -9.9619 -11.2027 -10.2255 -10.9519 -10.96 -11.6466 -10.9809 -10.9345 -10.3692 -10.4399 -10.9167 -11.8538 -11.1773 -11.251 -10.7676 -9.233 -8.82547 -8.24893 -9.44238 -8.94785 -8.48156 -6.27799 -6.61279 -8.66045 -8.89993 -10.8371 -9.56896 -7.82734
 -6.27374 -5.57755 -5.92317 -5.57836 -2.60532 -3.89682 -3.17127 -4.53973 -3.96327 -3.90211 -4.43485 -6.92881 -6.56983 -7.14292 -7.40472 -8.35821 -9.76643 -8.91555 -8.50224 -8.81713 -9.12244 -9.60044 -7.50125 -7.77923 -6.61983 -5.95394 -7.48877 -7.10765 -7.23736 -7.33909 -5.3725 -9.37108 -8.2467 -7.25365 -6.42204 -6.59285 -8.72046 -10.5669 -10.5522 -10.0707 -10.8703 -12.2123 -11.0056 -11.0006 -9.33124 -11.3429 -10.7492 -11.7474 -11.3153 -11.4013 -9.65079 -9.18713 -9.21936 -9.44238 -9.82247 -9.92545 -9.36732 -6.79626 -8.93482 -9.53498 -10.3973 -9.98719 -8.37637
 -6.88859 -4.93881 -6.9783 -6.24153 -6.18436 -4.9215 -4.87873 -2.70168 -2.68246 -1.39663 -2.14391 -4.32848 -5.29801 -6.21279 -6.23627 -6.92707 -8.43811 -9.61156 -11.0025 -9.34813 -9.84925 -9.16462 -8.63884 -8.12276 -6.66062 -7.39376 -7.12926 -7.13214 -5.34207 -5.8796 -5.10575 -5.91296 -4.55061 -7.28634 -6.60496 -8.15511 -9.70008 -9.75686 -8.36759 -10.0707 -10.7423 -12.4726 -12.4726 -12.9977 -10.9495 -10.953 -11.9682 -11.9154 -11.9036 -12.0597 -10.3436 -9.34315 -8.68567 -8.83503 -8.83503 -10.4333 -8.94286 -9.38147 -9.29272 -10.0446 -10.9213 -10.0567 -9.54388
 -7.5642 -6.08723 -6.04947 -6.52872 -7.05719 -5.93556 -3.87225 -3.46818 -3.35474 -1.87868 -3.41192 -2.30665 -3.70725 -5.80168 -6.45722 -5.68513 -7.37283 -7.94889 -8.46584 -9.11426 -8.88264 -9.25872 -8.12276 -7.89307 -8.27149 -7.83811 -7.28265 -6.81533 -4.40318 -4.00886 -4.16517 -5.36596 -5.96948 -8.37148 -8.83636 -9.18419 -8.10372 -9.03394 -5.7268 -6.37148 -8.26326 -10.4135 -12.4406 -12.4547 -12.8326 -10.3535 -11.4566 -11.9596 -11.7744 -11.8722 -10.0947 -9.15568 -8.19096 -8.7624 -9.15347 -10.2621 -9.75508 -10.0447 -11.5349 -12.0117 -13.0107 -9.41967 -8.90682
 -6.42194 -6.19831 -5.84627 -7.58203 -6.96628 -4.88205 -4.20518 -3.47468 -2.46591 -0.14133 -1.87655 -3.38106 -4.703 -4.73433 -4.67867 -5.26303 -7.60976 -7.37739 -8.55107 -8.94634 -9.7793 -8.51294 -7.02768 -7.77884 -8.31602 -7.97091 -6.799 -4.68336 -3.91611 -3.12311 -4.68989 -5.37341 -3.17932 -6.477 -9.00527 -9.50185 -7.74791 -6.76376 -6.42387 -4.52158 -7.43568 -8.12775 -8.01583 -8.87487 -9.71992 -10.8093 -10.9766 -9.8212 -11.2534 -9.95581 -9.1852 -9.66674 -9.46542 -9.45399 -11.0353 -11.7118 -11.3939 -11.2323 -12.0773 -11.866 -11.5038 -12.0074 -11.8647
 -7.23755 -7.07328 -6.66187 -7.06033 -6.41443 -4.15738 -4.10819 -2.35296 -0.75357 -0.801154 -2.61318 -5.11485 -4.77414 -4.63987 -5.39337 -4.89397 -5.9994 -5.59295 -7.05296 -7.69392 -8.54649 -6.97604 -8.29298 -6.61256 -7.2864 -7.09157 -6.51938 -6.35437 -3.6967 -3.8564 -4.42918 -5.40803 -4.94852 -6.01788 -8.58221 -8.429 -8.74824 -7.76322 -4.97828 -5.41354 -6.764 -8.12226 -7.05586 -7.29172 -8.66149 -8.3218 -8.81564 -9.74637 -8.60801 -9.34539 -8.40808 -8.83727 -8.52384 -8.51182 -10.5192 -12.1273 -13.1038 -12.183 -11.564 -13.0453 -12.0954 -11.4088 -10.4081
