# name: MAT
# type: matrix
# rows: 65
# columns: 89
 -10.3976 -9.31508 -10.3348 -9.09732 -9.611 -8.68809 -8.26224 -9.20479 -8.96645 -9.54675 -10.854 -9.86696 -9.4464 -11.2967 -10.3878 -10.268 -8.08672 -6.38959 -5.8913 -6.372 -5.43188 -5.43188 -8.31184 -8.2548 -9.79934 -11.0877 -9.65509 -8.33992 -9.48986 -8.31884 -9.84449 -11.2901 -11.6409 -9.93579 -8.48362 -11.2204 -10.7038 -8.80246 -7.23146 -6.37536 -5.91647 -6.95666 -6.29411 -4.26191 -4.57686 -6.07429 -8.78696 -6.69898 -6.69898 -6.27368 -2.43144 -1.34565 -3.42484 -4.08668 -5.06046 -3.68434 -3.52555 -2.92605 -2.96001 -2.83639 -2.05929 -2.26424 -2.17778 -2.31919 -2.76186 -4.22472 -3.62957 -3.57079 -5.04274 -3.95467 -3.26468 -2.78627 -4.69948 -6.02211 -4.93201 -4.49075 -4.5036 -5.06262 -6.52941 -7.6016 -10.489 -9.8196 -9.30304 -9.36028 -9.9257 -10.5132 -10.2505 -10.9702 -11.6427
 -8.00734 -8.66359 -9.12795 -9.9802 -10.0738 -10.4421 -9.33366 -9.36351 -8.87565 -8.87565 -7.46486 -7.95738 -8.89501 -9.37101 -6.84547 -6.67023 -6.08399 -7.0347 -5.91677 -4.38644 -3.92691 -4.87396 -7.37742 -7.27862 -10.2786 -10.865 -9.87475 -8.43778 -9.77029 -10.3416 -10.3213 -10.8914 -11.1083 -10.0601 -8.37113 -9.80002 -10.1487 -10.1487 -9.8821 -5.99786 -3.8019 -6.53014 -6.8983 -6.03485 -5.36745 -6.46463 -7.78899 -6.59224 -7.17226 -5.24039 -5.16866 -5.21976 -4.41014 -2.97866 -4.82499 -3.1011 -3.85454 -3.52968 -3.04182 -3.64964 -3.53056 -2.96336 -2.17778 -2.24784 -2.31845 -4.74138 -3.62957 -3.08583 -4.55363 -3.31762 -3.62402 -3.12269 -2.01061 -3.76809 -2.86056 -2.83684 -4.5431 -5.49472 -7.53385 -7.6016 -8.95848 -8.47174 -9.92159 -9.78236 -9.42588 -10.0901 -10.2505 -11.72 -12.2302
 -6.99373 -7.05233 -9.03891 -9.55557 -10.2281 -10.2281 -10.2281 -9.18246 -7.11658 -7.25087 -6.2948 -7.95738 -7.37171 -6.77646 -5.83323 -5.69523 -4.49284 -6.08226 -4.26544 -4.25363 -3.79411 -4.44364 -5.75272 -6.76065 -10.7841 -10.3209 -8.99003 -8.34589 -9.08377 -10.728 -10.8914 -11.82 -9.94598 -11.0351 -8.40674 -8.41269 -10.1487 -10.8986 -9.73734 -7.54147 -5.19857 -7.33535 -6.89525 -6.89525 -5.50724 -5.36063 -6.13538 -6.54777 -6.16627 -4.79083 -6.24889 -4.54321 -4.08437 -5.28051 -6.27316 -5.02001 -4.31228 -4.95252 -4.45051 -3.57022 -2.76806 -4.50643 -3.68928 -3.618 -3.00136 -3.26769 -1.90482 -1.62016 -2.8742 -2.4384 -2.68689 -2.68689 -1.42628 -3.20418 -3.8043 -6.16383 -5.51474 -7.31196 -8.09891 -8.40542 -8.22699 -9.02368 -9.02368 -8.97755 -9.42588 -10.0901 -10.2505 -11.72 -12.4066
 -7.94823 -7.45644 -7.45644 -8.09271 -8.27595 -9.75791 -8.76526 -8.76526 -7.11354 -6.67773 -7.17031 -7.77679 -5.81998 -5.14831 -5.14069 -3.43452 -5.86039 -5.73239 -6.31084 -4.44147 -4.05448 -4.68303 -4.73298 -9.31188 -8.57225 -10.4956 -9.04345 -8.91598 -9.03078 -10.2429 -9.56937 -9.1634 -9.9692 -9.48009 -10.6849 -9.31006 -10.5866 -10.8986 -10.2966 -6.38316 -4.4705 -6.96162 -5.30236 -5.62741 -5.28927 -5.90357 -3.2093 -2.15264 -4.24219 -5.74227 -6.06539 -4.57409 -5.06861 -5.06377 -6.25078 -5.27015 -4.68948 -5.81626 -4.45051 -3.82005 -3.01048 -3.55572 -4.99429 -4.10587 -3.36475 -1.87378 0.358034 0.757869 0.242152 -2.1477 -2.19903 -1.77596 -1.28269 -3.73182 -4.75287 -4.75287 -5.03057 -8.07181 -8.89874 -9.26887 -8.56646 -9.39054 -6.87035 -8.02145 -8.51803 -8.96526 -10.2505 -11.72 -12.4066
 -6.75074 -8.32354 -7.89428 -7.89428 -7.72114 -8.771 -8.76526 -8.33732 -7.73859 -7.1304 -7.44982 -7.59081 -5.46725 -4.57822 -4.40023 -3.87067 -5.37032 -6.31084 -6.31084 -5.63 -5.17203 -3.60028 -7.48266 -8.05275 -8.42693 -9.46115 -8.97204 -8.17016 -8.53948 -8.51564 -7.56611 -7.8838 -8.02773 -9.51938 -8.44832 -9.13643 -9.59313 -10.7207 -6.32795 -5.47908 -3.80857 -5.50866 -5.62963 -6.21055 -3.22265 -2.89288 -2.30522 -1.62934 -3.7286 -4.04584 -4.40022 -4.35074 -4.34149 -5.52925 -6.6403 -7.10834 -6.28208 -6.72289 -5.34293 -5.30185 -4.4997 -3.53253 -3.35547 -3.55834 -3.50534 -3.4482 -1.40008 1.06126 0.98396 0.309322 -0.733656 -0.366074 -1.22952 -3.06015 -5.49626 -5.21723 -6.7931 -5.68257 -7.70285 -6.74782 -7.54895 -8.43661 -6.87035 -7.91418 -8.20834 -8.8726 -11.6385 -12.5834 -13.27
 -6.57365 -7.90048 -7.47121 -7.65916 -7.27281 -7.76412 -8.32268 -7.89474 -7.16333 -7.02188 -6.4673 -5.9068 -6.48476 -6.29554 -3.9286 -4.42214 -5.4928 -6.28765 -7.53833 -5.67904 -5.19429 -6.19834 -6.98133 -8.43371 -7.99484 -8.98191 -8.97204 -8.17016 -8.55055 -7.41403 -7.46813 -8.03719 -8.9553 -9.54313 -8.96969 -8.84563 -9.4211 -7.39729 -5.54495 -6.29469 -6.65009 -5.84462 -5.10412 -5.86038 -3.82843 -3.85209 -3.55163 -2.20408 -2.68734 -4.55547 -5.55196 -3.8569 -4.85758 -4.41743 -5.96429 -7.10834 -7.62457 -6.49023 -5.94239 -5.76138 -4.4997 -3.32178 -3.83284 -3.53438 -2.98867 -2.80431 -1.84184 -1.32575 -0.299823 -1.04145 -0.620181 -1.56249 -2.42593 -4.60222 -4.05028 -6.6334 -6.74249 -5.91008 -7.18629 -7.18372 -8.27798 -7.92005 -8.64155 -7.23763 -8.20834 -8.8726 -11.179 -12.0869 -11.8336
 -7.08789 -8.01581 -7.47121 -7.65916 -7.27281 -7.76412 -8.25864 -8.75819 -7.16768 -7.11402 -5.99299 -5.40548 -7.00948 -5.66679 -5.78518 -5.4928 -5.98067 -5.85555 -6.18176 -5.6432 -6.19854 -7.34234 -7.01006 -7.48553 -8.47259 -8.98191 -8.49279 -9.4886 -8.43871 -8.9551 -9.04636 -8.51195 -8.94979 -8.44316 -8.36826 -8.80244 -6.88451 -8.83174 -6.89935 -5.47575 -6.41872 -6.83248 -6.14013 -6.7679 -5.71768 -2.89723 -3.27959 -1.49978 -3.13625 -3.60173 -4.36348 -3.8569 -4.31961 -3.69245 -5.49633 -7.62422 -8.16964 -6.66706 -7.5279 -6.82213 -3.71553 -2.6379 -3.75945 -3.50528 -3.10561 -3.06722 -1.43931 -1.33778 -1.9789 -1.55583 -1.24649 -1.47038 -3.56196 -4.05028 -4.56637 -5.23804 -5.45024 -6.04625 -7.41379 -7.849 -7.65945 -7.24349 -7.96499 -7.0997 -8.70286 -9.67785 -11.179 -11.6385 -11.1973
 -5.71297 -7.15052 -7.13823 -7.65916 -5.72346 -8.12385 -8.61837 -9.67743 -7.73777 -7.55146 -7.57911 -8.54347 -7.34652 -3.44813 -5.52891 -4.01244 -5.73422 -6.76552 -6.85343 -6.77439 -6.35413 -7.95745 -6.29787 -7.4199 -8.92255 -9.43186 -8.94275 -9.92223 -9.65253 -9.65233 -10.2059 -8.51195 -8.34836 -8.29006 -8.29006 -8.80244 -7.34403 -8.60316 -5.27887 -4.04126 -6.11498 -4.91984 -5.47718 -4.96262 -2.45976 -3.17947 -3.31607 -2.04072 -4.31488 -4.78036 -4.79039 -4.69322 -4.18693 -4.7475 -4.65497 -6.32922 -8.16964 -6.1504 -7.90516 -5.89635 -3.20603 -3.07945 -5.27542 -4.79617 -4.6143 -3.99648 -1.86725 -2.84013 -2.40229 -2.25092 -1.73436 -2.41127 -4.65338 -4.56637 -4.56637 -5.23804 -4.77368 -4.79625 -6.1292 -6.71292 -6.71292 -8.37438 -8.56511 -7.96499 -8.22522 -9.09034 -11.179 -10.5427 -11.1973
 -5.64729 -5.49583 -5.95693 -5.70029 -4.92824 -7.15517 -8.141 -8.68461 -7.69486 -8.04291 -8.07056 -9.27205 -7.24383 -5.13265 -4.46658 -3.85621 -3.6404 -4.38002 -5.35636 -4.77214 -6.28893 -7.93107 -6.16947 -6.89953 -8.88039 -8.88039 -8.21963 -9.38342 -10.4052 -10.9218 -11.4493 -9.2652 -10.0763 -8.23765 -9.73815 -9.25934 -7.82488 -7.80093 -4.91259 -4.24817 -4.74949 -3.12924 -4.68326 -3.68917 -3.12433 -3.05436 -5.18289 -4.93816 -4.4216 -5.85905 -5.30284 -3.00617 -5.86442 -6.2446 -6.01295 -7.47308 -8.98038 -6.8399 -6.2511 -4.28492 -3.65001 -3.56261 -5.28528 -5.28528 -4.7887 -4.28206 -2.88372 -2.84013 -2.25883 -1.26416 -1.26416 -2.3838 -3.95737 -5.23804 -5.23804 -5.23804 -5.23804 -5.7625 -5.66967 -6.71292 -7.3021 -8.38228 -9.45982 -9.02401 -8.15872 -9.09034 -11.179 -10.5427 -11.1721
 -3.67953 -3.71063 -3.97552 -3.46929 -3.46929 -5.27826 -6.17006 -5.74644 -7.15059 -6.00294 -6.56859 -7.76211 -6.75577 -5.5563 -5.42636 -2.8202 -3.20705 -3.94667 -4.37848 -2.85859 -5.62538 -6.58517 -5.24585 -6.86948 -6.77104 -6.2353 -7.154 -9.38902 -9.04132 -9.5002 -10.0058 -9.98631 -9.12558 -8.05081 -9.55131 -8.94569 -8.25147 -7.30962 -5.1148 -3.01253 -3.60893 -2.52152 -4.07555 -2.92546 -1.46761 -3.89514 -4.36295 -5.08818 -5.51125 -4.29707 -4.79159 -5.53721 -7.56516 -6.2446 -6.79197 -7.95932 -9.03066 -5.43439 -5.95409 -3.28077 -3.00366 -3.19103 -3.60002 -4.71184 -5.29002 -5.2761 -3.68539 -2.69264 -3.33063 -1.08743 -1.00565 -1.93547 -3.09392 -4.83928 -4.28734 -4.28734 -5.7547 -4.71167 -5.41116 -5.44702 -5.31739 -8.67777 -9.53014 -9.02401 -8.15872 -9.02384 -11.179 -10.9923 -11.1621
