# name: MAT
# type: matrix
# rows: 57
# columns: 66
 -3.98069 -3.07422 -5.16611 -5.51503 -5.14906 -5.65733 -5.21946 -5.21946 -7.78952 -6.46484 -5.74933 -7.54207 -6.584 -5.29625 -5.95436 -8.20019 -6.90031 -7.91628 -7.73207 -8.30516 -7.22064 -8.36062 -8.62609 -9.93057 -10.8712 -12.4768 -11.0347 -11.2602 -11.2716 -12.2105 -12.019 -12.1383 -13.3008 -13.3863 -14.8493 -13.3082 -13.1922 -12.6132 -9.23158 -11.2648 -9.83807 -9.47542 -9.21745 -7.79745 -7.91883 -6.3463 -7.31959 -7.37466 -5.16478 -4.72495 -5.17386 -3.03972 -5.04517 -6.06644 -5.80011 -7.23667 -7.4445 -6.26923 -7.79832 -7.10319 -4.93718 -4.77156 -4.82383 -4.24381 -6.7518 -7.83297
 -4.64495 -4.7273 -5.16232 -4.69797 -4.63923 -4.71541 -5.24492 -6.45047 -8.49103 -5.79447 -6.44009 -7.20738 -6.4365 -6.46621 -6.98039 -9.23043 -6.90031 -7.89452 -8.41762 -8.35722 -7.7995 -8.36062 -10.2649 -9.93057 -10.5918 -11.9975 -11.5556 -11.7551 -12.2308 -12.3079 -11.828 -13.296 -12.8116 -12.6625 -14.7122 -13.547 -13.0298 -12.6058 -10.8169 -12.1777 -10.4256 -9.01411 -10.3384 -11.3969 -10.0672 -9.85219 -6.34584 -7.17389 -5.23114 -4.36252 -4.36252 -4.64716 -4.39761 -6.18949 -6.92723 -7.30198 -6.92063 -6.411 -5.85953 -7.0247 -3.81077 -3.79936 -3.29687 -4.76779 -4.99656 -4.86595
 -3.65588 -4.75156 -5.43474 -4.20139 -4.63923 -5.16395 -4.85441 -6.84755 -7.06429 -7.11884 -4.65125 -5.27179 -7.08258 -7.08258 -8.78859 -8.87792 -6.49837 -7.37102 -9.36965 -7.76627 -7.279 -9.751 -9.9215 -10.0099 -10.1039 -11.5654 -11.0763 -11.0803 -11.6735 -12.7798 -12.323 -13.4768 -13.3051 -12.6337 -13.6328 -14.7557 -13.5264 -14.2228 -12.342 -14.284 -13.1386 -9.88403 -9.72908 -11.621 -10.6773 -11.4594 -12.3616 -6.41529 -5.10612 -3.78908 -4.8934 -5.21955 -6.7944 -7.14927 -8.68364 -7.90988 -8.96074 -7.42086 -5.66468 -7.30383 -6.85492 -3.08465 -3.31909 -5.5878 -5.12498 -5.13851
 -3.61222 -4.5729 -5.25608 -5.25608 -5.44501 -5.58402 -7.97773 -7.34067 -6.39864 -5.8056 -4.31505 -5.3707 -5.39389 -5.27446 -8.92903 -7.51476 -8.93919 -7.94139 -8.24963 -8.41631 -8.95809 -9.75389 -9.3514 -10.4496 -10.6132 -11.1011 -11.6929 -11.7037 -15.535 -13.9226 -13.3601 -14.1848 -13.2214 -13.0546 -13.5298 -13.5139 -14.6341 -13.2028 -12.7371 -12.8312 -11.12 -10.4033 -10.6633 -10.9424 -12.6092 -12.9552 -12.8391 -7.90574 -6.24624 -4.9135 -4.20714 -5.35805 -7.31634 -8.85795 -11.4087 -9.62222 -10.1728 -8.63296 -6.37306 -7.30383 -6.26741 -3.665 -4.36009 -3.98895 -5.09037 -4.96816
 -3.03128 -3.71742 -5.25608 -5.74395 -6.18179 -7.49314 -7.49693 -7.47927 -6.8226 -5.50331 -5.67871 -3.45971 -3.38386 -4.82531 -7.94608 -8.60411 -9.1835 -8.15886 -10.2578 -8.54466 -9.77534 -7.54446 -10.3679 -12.1258 -11.1163 -11.2007 -12.182 -15.3009 -15.0989 -15.9642 -14.3857 -14.4634 -14.3501 -14.6451 -14.2091 -13.5026 -14.1842 -13.682 -12.691 -12.1043 -11.7823 -10.7374 -10.6157 -12.8187 -13.2005 -11.6622 -10.3539 -8.2436 -7.16548 -5.46087 -5.7129 -5.17202 -6.87856 -8.74187 -9.75458 -9.77618 -10.3663 -7.29665 -7.70184 -5.65916 -4.90162 -2.97192 -4.36009 -4.76149 -4.56317 -4.15689
 -3.0853 -3.22371 -3.8125 -6.82728 -6.49621 -7.11258 -5.5602 -7.05421 -8.63335 -4.90205 -4.51812 -3.86845 -3.80065 -4.86627 -7.45226 -9.0022 -9.85585 -9.11148 -7.27467 -7.11855 -7.46005 -9.47725 -10.4926 -9.03229 -10.5394 -11.6111 -14.9835 -16.7407 -17.3031 -16.9665 -17.4696 -15.4356 -15.4356 -15.2818 -15.1861 -14.6655 -14.729 -15.2728 -14.8932 -13.2254 -12.6273 -12.0802 -13.1405 -14.1984 -13.8287 -11.9802 -8.98475 -8.64381 -7.3441 -6.0758 -6.76176 -7.66001 -7.17461 -9.81005 -10.4731 -11.9026 -9.68934 -8.3472 -7.83757 -7.90963 -4.55402 -3.7719 -5.43239 -8.90185 -7.65948 -4.7444
 -3.81051 -6.31857 -6.94562 -8.97433 -7.65191 -6.29697 -6.74418 -7.47103 -6.14117 -5.39312 -4.89268 -4.90351 -4.14703 -4.41231 -6.78059 -8.53451 -8.88002 -8.21512 -6.56889 -7.86293 -8.24531 -9.01054 -9.54301 -9.51852 -11.0257 -12.6478 -13.2513 -17.4795 -17.3031 -16.9665 -16.8532 -15.4356 -15.9302 -16.3673 -16.8439 -15.2999 -14.0152 -15.2695 -14.1245 -13.5221 -12.8909 -13.7769 -11.5172 -13.7148 -14.6763 -10.401 -10.7938 -9.53755 -7.52422 -6.59782 -6.23113 -7.64425 -8.22702 -10.6441 -10.4731 -11.9026 -10.7624 -9.2217 -7.26479 -7.76467 -6.11649 -6.06965 -5.97017 -10.5975 -7.79259 -6.54905
 -7.24704 -7.83455 -8.9485 -8.38804 -8.35855 -6.74418 -7.24076 -6.10518 -5.80087 -5.30429 -5.77463 -4.91825 -3.58869 -3.92788 -5.84552 -7.36658 -6.76082 -8.32861 -7.68567 -6.14693 -8.44276 -7.91238 -9.00096 -9.00096 -11.4323 -14.7394 -14.1782 -15.3424 -15.792 -16.3501 -16.8532 -15.3274 -15.9302 -16.3673 -16.8439 -16.3183 -15.2058 -14.032 -13.5382 -12.7032 -12.3114 -12.5046 -13.4469 -13.1925 -13.6385 -10.845 -10.407 -8.97404 -9.15576 -7.6524 -7.44995 -6.78019 -8.60793 -8.628 -9.58845 -9.92764 -8.97961 -8.08942 -9.22414 -7.34759 -8.77986 -6.78252 -7.24064 -7.62964 -6.51683 -6.13496
 -7.53623 -7.4581 -9.87795 -8.43132 -6.27615 -7.22301 -6.66767 -7.10005 -5.76861 -4.87628 -5.05198 -3.76527 -3.60889 -3.16573 -4.57025 -5.77628 -6.01231 -6.53389 -6.02523 -6.90778 -7.2876 -7.46794 -9.00096 -10.7879 -13.4198 -16.1458 -15.2102 -14.1745 -13.585 -15.8032 -15.3536 -16.0668 -16.0778 -16.0286 -14.8791 -15.3435 -15.7793 -13.8881 -13.3705 -12.5298 -13.2671 -13.7464 -13.0946 -13.7762 -11.3719 -11.2548 -9.14334 -6.73841 -6.51137 -6.98019 -6.26335 -7.02868 -6.62705 -7.92589 -7.00264 -9.28457 -8.41998 -8.22144 -7.95531 -7.28476 -8.32313 -7.90718 -8.47481 -7.6239 -5.5781 -6.12824
 -7.53623 -7.08769 -7.44149 -7.42784 -6.6952 -6.04912 -6.48265 -6.87592 -4.50571 -5.4499 -4.38702 -3.96236 -3.84332 -3.8757 -4.36067 -4.38444 -5.18298 -6.27627 -5.35836 -6.74126 -6.72025 -7.32298 -9.21803 -11.2903 -14.2849 -14.5294 -14.3224 -13.5754 -13.3715 -14.1116 -15.278 -15.0277 -15.2047 -15.713 -17.2615 -17.2615 -15.3736 -15.0779 -13.0063 -12.6984 -12.5238 -13.2047 -14.153 -13.5102 -11.4972 -9.75754 -8.64658 -7.34127 -6.84654 -4.83114 -5.74073 -5.70167 -5.572 -7.78039 -6.45303 -7.76739 -9.85489 -6.45375 -7.19337 -7.86612 -7.33436 -7.69398 -6.85955 -7.74333 -6.49421 -6.79714
 -8.1172 -8.60962 -8.09451 -6.62337 -7.00948 -6.42197 -6.72049 -5.59742 -5.55677 -5.45898 -4.39574 -3.44279 -3.14145 -5.15714 -4.41484 -4.20966 -4.74511 -5.41654 -6.21636 -6.89412 -8.08697 -7.95338 -8.52682 -10.6542 -12.7385 -13.4152 -13.5542 -14.0328 -12.7794 -13.9691 -12.3036 -13.9976 -15.4179 -15.2835 -16.5733 -16.0712 -14.5022 -11.9389 -12.2239 -13.5405 -12.8709 -13.7566 -13.4215 -13.0637 -11.3675 -10.8638 -8.1846 -6.31007 -6.39764 -4.2792 -5.1209 -5.17989 -6.14509 -5.64504 -7.84025 -7.83677 -9.26102 -7.58581 -8.579 -7.5577 -7.23748 -7.55083 -7.19334 -7.42055 -8.61083 -8.21266
 -8.55504 -9.62345 -8.61923 -7.87324 -7.20094 -8.56082 -8.50144 -7.24431 -7.18035 -7.22824 -6.08181 -5.58523 -3.1875 -4.59055 -5.12266 -6.75999 -5.95546 -6.28678 -5.60445 -6.75338 -8.57827 -10.0528 -10.1047 -11.5707 -12.1921 -12.2761 -14.555 -13.3957 -13.2825 -13.0047 -11.844 -12.3219 -10.9966 -12.5704 -12.0609 -12.184 -12.0334 -11.3019 -9.32179 -10.7863 -11.9111 -12.2471 -11.5033 -12.1503 -10.5315 -10.8638 -7.54375 -6.62936 -4.01548 -4.0066 -2.42871 -5.17989 -3.46014 -5.86229 -6.34627 -4.98601 -6.77794 -6.29745 -6.282 -6.66195 -5.65216 -7.12294 -7.17184 -6.94061 -4.70638 -5.80598
 -11.0313 -10.4849 -10.5047 -9.65968 -9.78444 -10.0949 -10.1829 -8.93673 -8.10746 -6.74037 -6.29766 -5.75192 -4.35047 -5.3428 -7.08293 -7.07407 -5.89113 -4.91466 -5.5944 -4.63915 -8.91853 -11.0646 -8.88894 -10.351 -12.6228 -12.8653 -13.3216 -12.7152 -12.3153 -11.4898 -10.0737 -9.83361 -9.66114 -10.7327 -11.3693 -9.48474 -8.43033 -8.56758 -9.461 -8.72471 -10.8087 -11.97 -11.5033 -10.9579 -9.43353 -8.48769 -7.09484 -7.09484 -3.88933 -2.52287 -2.69854 -4.112 -4.46038 -4.52604 -5.8656 -5.1405 -6.60888 -6.29745 -5.41689 -4.92031 -5.40846 -7.64938 -6.6164 -6.35809 -5.19373 -4.77766
