# name: MAT
# type: matrix
# rows: 62
# columns: 127
 -7.0338 -9.57895 -8.90728 -9.36868 -7.37721 -10.1105 -8.57662 -7.77705 -8.2563 -9.7069 -8.60665 -7.51619 -10.0429 -6.45758 -5.74607 -6.22899 -7.28668 -6.54362 -5.84777 -5.39758 -3.77549 -1.74065 -2.72461 -2.91178 -2.9276 -2.84308 -4.53334 -2.93014 -3.8201 -4.10759 -3.50359 -0.908624 0.266165 -0.57888 0.0338884 -1.9707 -3.75991 -3.28357 -3.29749 -2.82561 -1.78157 -3.10068 -3.87818 -4.96834 -6.29244 -6.31817 -6.23543 -4.60086 -3.51616 -6.67328 -9.90278 -9.26539 -10.7537 -11.6207 -11.1448 -7.18508 -7.23536 -6.95273 -7.27195 -8.15999 -3.62913 -5.3039 -7.96669 -6.17232 -5.22936 -4.4471 -3.35084 -3.78995 -3.20485 -3.91292 -2.61102 0.50056 1.54502 -0.700455 -3.04642 -3.2041 -1.82856 -1.08513 -1.66876 -0.962244 -1.06571 -0.387317 -0.544027 -3.72463 -5.78549 -5.48296 -4.77914 -7.08554 -8.89135 -8.21884 -8.08557 -6.5045 -4.04881 -4.94765 -5.73283 -7.56213 -9.97696 -10.3194 -6.61314 -8.13566 -9.83462 -10.3018 -10.1329 -8.33604 -8.53923 -6.84822 -6.36679 -6.38455 -5.51943 -4.94524 -3.82486 -4.5023 -3.95003 -4.15107 -5.479 -2.71742 -1.66042 -3.62437 -5.2142 -5.58989 -3.91465 -2.44088 -4.57182 -4.67544 -5.69685 -4.45209 -3.30297
 -7.86113 -6.71611 -6.73863 -7.32431 -7.05303 -9.90923 -8.87752 -7.42107 -7.89417 -10.3234 -7.8312 -8.86439 -8.47874 -7.26361 -5.33022 -6.86362 -7.56626 -8.20027 -7.71304 -4.83 -5.33963 -4.9326 -1.47975 -2.83647 -4.1044 -5.37465 -3.8053 -4.69051 -4.63861 -4.83629 -1.95157 0.176055 1.28723 0.798352 0.448252 -1.03161 -2.06641 -4.84224 -2.21082 -1.86879 -2.77135 -3.14639 -3.37179 -5.28414 -8.13064 -6.95853 -7.4486 -6.79125 -4.66032 -4.43222 -5.3509 -6.21042 -7.67314 -7.49071 -7.43318 -6.66347 -7.63846 -7.13426 -5.57625 -6.40596 -4.97816 -5.31999 -7.80351 -5.84577 -5.27592 -4.52632 -4.48549 -5.3659 -4.41352 -1.46323 -1.701 -1.0698 0.165426 0.0231355 -0.287154 -0.102906 0.236774 -1.69312 -0.546143 -1.09387 -3.05634 -2.00409 -2.89348 -5.09487 -6.27715 -6.18148 -6.06116 -7.4946 -8.07592 -10.517 -11.2809 -8.48107 -7.23207 -5.24056 -5.79959 -9.15568 -9.39307 -8.73772 -9.56498 -10.0737 -11.1566 -11.1202 -9.86789 -8.77091 -7.64095 -6.84822 -6.61355 -6.45279 -7.08984 -6.00971 -4.4436 -5.03327 -4.65219 -5.35684 -5.21628 -3.58961 -3.16439 -2.33333 -2.57935 -4.84731 -5.21878 -3.87611 -3.12858 -3.6533 -4.20524 -3.57167 -4.05219
 -7.92463 -5.8121 -7.03976 -8.05727 -9.02817 -11.1604 -9.51658 -8.44533 -8.37816 -8.73403 -9.15639 -9.4519 -8.42951 -7.67728 -6.67228 -8.94249 -10.1113 -7.99402 -9.70058 -7.90659 -7.88452 -8.42606 -6.1678 -6.42729 -5.23007 -6.61291 -4.89075 -4.15018 -3.27201 -3.76653 -2.20094 -1.48813 1.27774 -0.069207 -0.518513 0.016319 -0.430073 -1.9189 -2.92126 -4.47205 -3.73076 -3.36863 -5.28931 -6.17742 -8.63996 -6.50162 -6.01436 -6.14924 -5.65085 -6.82397 -4.95902 -5.5327 -6.75782 -6.75509 -8.33558 -6.9788 -6.84011 -4.3528 -3.96081 -7.04034 -5.02377 -5.31999 -7.31638 -3.36639 -4.19085 -4.24364 -3.33073 -3.80287 -4.21625 -1.10917 -2.09432 -0.460624 0.160081 2.69533 1.48021 2.08164 1.26874 -0.854748 0.475156 -0.348794 -0.944644 -0.835332 -1.41806 -1.69689 -5.15528 -5.25716 -7.78019 -9.40418 -10.5351 -11.8221 -11.927 -9.77876 -8.64512 -8.16316 -7.92073 -9.26833 -10.1664 -8.97074 -10.4325 -8.77214 -9.0117 -8.96578 -10.9374 -9.21001 -6.85866 -5.3471 -6.77585 -6.96631 -5.62102 -5.38096 -5.59519 -5.16839 -6.07881 -5.7078 -6.16382 -5.09555 -2.71606 -2.18102 -3.94233 -4.30165 -4.73091 -4.69957 -4.83302 -4.28957 -3.73776 -2.96769 -4.74766
 -7.08592 -7.16209 -8.25731 -9.46186 -10.0675 -11.1437 -8.95062 -8.44533 -8.52936 -10.8256 -11.7072 -10.9269 -8.52295 -7.07423 -8.57609 -8.87927 -8.34366 -9.18851 -10.1798 -8.81935 -10.3935 -9.16869 -8.48085 -7.44145 -6.02708 -6.05144 -4.89051 -5.48313 -4.28545 -4.73377 -3.33509 0.383274 1.03219 -1.52695 0.0369201 0.892817 -4.10312 -3.40039 -3.37529 -4.52607 -5.2687 -5.17936 -6.97733 -8.40483 -9.70206 -6.90055 -6.63904 -7.42948 -7.21469 -5.21641 -6.59118 -4.94652 -6.77315 -5.16713 -7.51685 -5.83506 -4.53023 -5.31696 -5.09172 -6.68473 -5.57022 -7.18792 -6.87712 -5.6011 -4.35469 -3.23184 -3.45709 -4.48842 -4.36841 -3.1756 -2.17905 0.169026 0.632658 1.49862 2.56757 3.03234 0.587986 -2.01926 -0.137193 -0.896165 -2.22041 -0.835332 -1.71428 -1.69442 -4.27028 -6.84786 -8.70367 -11.2578 -11.0848 -12.1516 -9.82513 -10.33 -7.29208 -8.66879 -10.8813 -10.3917 -10.988 -8.88066 -10.4325 -8.77214 -7.82269 -10.7531 -11.5249 -8.16381 -6.76955 -7.19379 -8.89847 -7.16429 -5.40514 -6.52106 -4.57921 -5.32903 -5.00052 -3.67881 -5.09539 -5.10249 -2.33281 -1.06892 -1.9702 -3.42123 -4.93847 -5.16056 -6.18496 -5.10229 -4.86314 -3.60396 -6.27919
 -5.75795 -8.02473 -8.67248 -9.89681 -10.4493 -10.0733 -9.48597 -10.0118 -10.788 -12.5673 -11.2583 -10.7414 -8.67425 -9.811 -9.81296 -10.699 -8.91011 -9.10799 -10.9579 -10.2535 -10.6346 -10.8462 -11.6896 -6.39763 -5.66398 -5.54784 -3.32897 -3.78146 -3.27488 -2.91736 -3.8594 0.383274 0.956552 -2.53701 -0.979916 -3.63383 -5.22721 -4.70323 -3.82994 -5.96977 -5.71702 -8.13301 -8.45805 -6.91399 -7.56382 -7.37884 -7.51692 -5.88887 -5.69165 -5.35538 -6.14264 -7.14301 -5.20575 -5.21212 -6.44762 -7.71941 -6.71633 -4.21918 -3.53937 -4.80695 -4.74316 -6.46205 -7.00577 -5.07769 -4.7905 -2.76795 -4.44599 -5.83503 -5.21713 -3.29453 -2.70642 -0.728074 -0.3852 0.940286 0.63481 0.610227 -1.38669 -0.878109 0.407221 -0.604057 -1.32473 -1.98282 -1.19762 -2.23545 -3.0547 -6.9627 -7.23832 -10.2405 -11.0419 -9.44256 -10.2424 -10.6617 -10.7348 -9.26139 -11.9997 -10.2525 -10.5617 -10.1134 -8.82287 -8.41187 -8.78231 -9.85541 -9.52054 -7.88378 -6.39553 -7.71827 -7.63148 -4.95038 -5.69343 -3.2674 -2.25074 -2.38524 -2.98164 -3.47575 -3.47575 -1.75064 -0.000489134 -0.000489134 -1.49095 -3.48116 -4.38312 -4.82264 -6.47279 -6.99574 -5.90462 -5.80941 -7.36504
 -6.02056 -7.97746 -7.3638 -9.6563 -11.3299 -10.1117 -10.4563 -8.93736 -12.0811 -11.3647 -13.0508 -11.3878 -11.3166 -9.46103 -10.2392 -11.0609 -8.17526 -7.60936 -10.1473 -9.62471 -9.31787 -11.5605 -11.6775 -10.5489 -8.53823 -5.75179 -4.1002 -4.38158 -3.62408 -2.04597 -4.48006 -0.434479 -1.81063 -2.53701 -1.84503 -5.18464 -4.98376 -3.80799 -4.10648 -6.85448 -7.04749 -7.93614 -7.72899 -6.61561 -7.36595 -7.18096 -7.24215 -4.57005 -5.95003 -6.7325 -6.38024 -8.06724 -6.76885 -4.40464 -5.08806 -7.26501 -4.74803 -4.46131 -4.60516 -4.55982 -4.29462 -6.01351 -6.02188 -5.07769 -3.91658 -3.58208 -3.88447 -4.78743 -5.30352 -3.79669 -1.81171 -0.0711022 -0.406146 2.0521 0.196971 -0.534069 -1.55051 -2.92204 -1.02334 -0.9226 0.61419 -2.19193 -0.675095 -1.44133 -4.42244 -7.98042 -11.0849 -10.9564 -10.6721 -10.8173 -12.1152 -10.6935 -10.9175 -11.4153 -10.4692 -10.6151 -11.0647 -10.2014 -6.95471 -8.27268 -9.6919 -8.96344 -8.56984 -9.09588 -7.6676 -5.14784 -3.11369 -4.08424 -3.66844 -1.74143 -1.30563 -0.877692 -0.00307529 -2.29025 -1.87132 -1.67514 1.92238 1.01837 0.131419 -1.98461 -2.00015 -3.64569 -4.14039 -4.66437 -5.42454 -6.25812 -6.76369
