# name: MAT
# type: matrix
# rows: 75
# columns: 76
 -8.23548 -5.59508 -6.28167 -5.28863 -4.92233 -5.47045 -7.67715 -5.9877 -5.48638 -6.58734 -6.64026 -8.23219 -7.92467 -6.61222 -4.86987 -3.75534 -5.0678 -4.9403 -4.26842 -5.90807 -6.35149 -7.19555 -7.58557 -5.64674 -5.45492 -7.40664 -7.47477 -7.55412 -8.91606 -7.3108 -7.38086 -7.59194 -10.9768 -11.5264 -10.3575 -10.059 -10.5233 -10.5813 -10.6418 -10.1373 -10.2745 -10.1937 -8.68376 -7.86527 -8.79991 -10.5448 -9.6806 -10.9554 -9.9895 -8.94259 -9.06983 -7.69389 -8.48258 -7.65234 -6.51196 -5.39361 -5.30796 -3.86503 -5.04739 -4.40099 -3.7884 -3.62175 -5.0748 -6.25765 -6.93099 -2.03626 -1.36279 -1.72556 -3.31301 -3.91313 -5.83344 -6.53672 -5.94754 -4.79844 -5.80327 -4.67617
 -8.36148 -6.22363 -5.15078 -5.28863 -4.26717 -5.29051 -6.77742 -6.89488 -6.89488 -7.59972 -8.08759 -6.7084 -6.86294 -7.16399 -5.80045 -4.87119 -5.25312 -4.765 -4.765 -7.09091 -7.03981 -7.77583 -9.15516 -7.89688 -8.6365 -5.85282 -9.13328 -8.32293 -8.23021 -8.82656 -9.0416 -8.43322 -10.7706 -11.7254 -9.5702 -8.72758 -10.1109 -10.385 -11.4009 -11.2627 -8.74761 -8.50772 -7.38349 -7.42824 -7.71065 -9.86923 -9.50718 -8.77537 -8.8884 -8.12111 -9.2902 -8.1428 -9.00809 -7.2174 -6.03459 -5.21291 -5.77739 -4.7666 -5.66655 -3.89136 -4.29788 -3.50962 -5.08728 -7.77921 -5.84155 -3.8167 -2.86281 -2.25028 -3.30328 -3.31301 -6.84517 -6.53672 -7.49757 -6.86361 -6.97896 -4.71569
 -11.0285 -6.70288 -6.26708 -6.96028 -5.53651 -5.15416 -6.09302 -6.89488 -6.89488 -7.59972 -7.13689 -7.14335 -6.54761 -6.09929 -6.34646 -5.19721 -5.45291 -5.45159 -5.31647 -5.88483 -7.60234 -7.77452 -6.87215 -8.00755 -7.09966 -5.48733 -7.02045 -7.11417 -6.18324 -8.74627 -9.4403 -8.31788 -9.80266 -9.5881 -9.1242 -9.09889 -9.58149 -9.221 -10.167 -9.62749 -8.99708 -8.27595 -7.8679 -5.88923 -7.36128 -9.19012 -8.77786 -8.05688 -9.56037 -8.67229 -9.53573 -8.1428 -8.1428 -7.80104 -5.78469 -6.54286 -5.75167 -4.80415 -5.64823 -5.31434 -4.84332 -3.50405 -4.9732 -7.89257 -7.01046 -5.90437 -6.40798 -6.75436 -5.46298 -7.16993 -6.43531 -8.17413 -8.69069 -7.86928 -5.83975 -5.57359
 -10.002 -9.37492 -8.93912 -7.45686 -7.65343 -6.84314 -6.64836 -7.45023 -7.40594 -7.08904 -6.4509 -6.44949 -7.00958 -6.45772 -6.09425 -4.99443 -7.28629 -5.22478 -7.00136 -7.53577 -6.5869 -5.5961 -5.70141 -6.86781 -7.43094 -7.05922 -7.1861 -6.72774 -5.71177 -8.09287 -9.2559 -9.92568 -8.57805 -6.61112 -9.27814 -10.2235 -9.13048 -9.43395 -8.91905 -8.29978 -6.60468 -6.6176 -6.73789 -8.39865 -8.30875 -9.23963 -9.30116 -9.01276 -8.75258 -8.2259 -8.10256 -8.90691 -8.26084 -7.44256 -6.47171 -6.90013 -6.25995 -5.92932 -5.62875 -6.81854 -5.49451 -5.32155 -6.17655 -6.77821 -6.05431 -6.27657 -7.35274 -7.06279 -7.52232 -7.52375 -9.81041 -11.56 -8.46087 -7.32131 -7.02836 -6.24873
 -10.6481 -9.9913 -8.36725 -8.96806 -7.65343 -8.63183 -9.93851 -8.90071 -9.16518 -7.64438 -7.51581 -6.55072 -8.19396 -7.05106 -6.52919 -6.49477 -7.80722 -6.26614 -6.36733 -7.47482 -6.88313 -6.70836 -5.65306 -6.8237 -7.93405 -7.51485 -6.51422 -6.43058 -5.71177 -4.59927 -8.07135 -8.49282 -5.93722 -7.44419 -8.86001 -10.0531 -9.55066 -9.05408 -7.68856 -7.79607 -7.29841 -7.40392 -5.317 -8.13835 -8.67412 -9.31402 -9.25277 -9.01276 -8.59429 -8.47962 -8.42721 -9.4588 -7.80222 -8.70685 -8.43148 -7.6372 -7.31804 -6.52764 -4.21884 -5.13144 -5.30116 -5.30116 -6.22489 -5.29889 -5.85108 -6.17489 -6.87696 -7.07998 -7.513 -11.148 -10.6994 -10.6995 -10.9384 -8.13807 -8.1387 -7.11385
 -8.83916 -9.12131 -8.6322 -10.2773 -10.0425 -11.2804 -10.5683 -11.1303 -10.3457 -8.85492 -8.83316 -7.1135 -8.68704 -8.07066 -7.0855 -6.91386 -7.36211 -6.25029 -8.12598 -9.0793 -10.6263 -8.08031 -7.7066 -8.34669 -8.52138 -7.71228 -7.90788 -6.94572 -6.31342 -5.28868 -7.26759 -8.25424 -6.90941 -8.23145 -9.20644 -10.2564 -10.3629 -9.41744 -8.92292 -9.16924 -7.08553 -6.68282 -7.17388 -9.19073 -9.29066 -8.37585 -8.68763 -10.0659 -7.4673 -8.62648 -6.92784 -9.8533 -11.1684 -10.8075 -9.25224 -8.58271 -8.81704 -8.18821 -5.76356 -5.27872 -5.86269 -5.80427 -5.77991 -6.72462 -7.29237 -7.6854 -8.46824 -10.135 -9.75239 -9.69276 -13.0798 -12.8429 -10.5907 -7.78538 -8.08523 -7.63691
 -7.87938 -9.12131 -9.54925 -10.6425 -10.2997 -10.4058 -11.4334 -12.0209 -13.0882 -10.6468 -10.1802 -8.61962 -9.18727 -9.64329 -9.28739 -8.90262 -7.35586 -7.01416 -9.25672 -11.221 -11.8671 -8.78492 -9.95527 -9.65099 -9.16313 -8.29042 -10.7937 -9.5772 -8.53084 -8.72769 -7.87012 -9.89017 -7.01844 -8.29684 -8.70518 -8.58707 -9.98823 -10.0648 -10.8045 -8.82537 -7.28589 -8.70773 -8.14635 -7.48564 -9.41399 -9.80022 -10.9171 -11.4354 -9.9963 -8.10432 -11.1443 -10.0736 -10.0087 -10.7736 -9.48012 -9.70804 -9.02883 -6.67364 -6.5022 -5.89437 -6.49706 -6.82488 -5.28491 -5.06593 -7.84527 -8.49272 -8.06346 -10.3216 -10.3907 -12.4473 -13.1968 -12.9936 -11.8151 -9.71312 -9.19635 -6.73186
 -7.45012 -9.11999 -11.1937 -12.1672 -9.92019 -10.5364 -9.46599 -12.4864 -13.6906 -12.1087 -12.286 -12.6385 -13.2062 -12.8894 -11.7347 -9.70293 -9.87012 -9.21214 -11.4272 -12.971 -10.9316 -10.5085 -8.90171 -8.64704 -8.64704 -10.5636 -9.59342 -11.3138 -10.6826 -9.82191 -9.86677 -10.8643 -7.98622 -9.44359 -9.13159 -11.4867 -10.5341 -9.82564 -9.64601 -8.63663 -8.65216 -9.22547 -9.25769 -9.97467 -10.9738 -10.8328 -10.9171 -12.0085 -10.9644 -10.2813 -11.2637 -11.4849 -11.0634 -10.9553 -10.9893 -9.50785 -9.88445 -8.50063 -7.74154 -7.82691 -7.51674 -7.63442 -7.85636 -6.85428 -10.6851 -9.4834 -9.2772 -12.6102 -12.5329 -11.9263 -13.0347 -13.5509 -12.3647 -9.62513 -7.86935 -7.46503
 -8.14521 -11.8753 -12.2292 -11.7379 -9.73742 -8.05969 -9.61583 -11.0671 -12.0226 -11.6565 -12.3889 -11.7607 -13.5228 -13.3712 -11.3305 -10.7036 -10.9819 -10.9974 -11.4272 -13.1288 -12.0007 -11.0898 -9.53592 -9.69853 -11.1367 -11.24 -12.2101 -10.5639 -11.3035 -11.4248 -11.5629 -12.2958 -9.7312 -8.48051 -9.67626 -11.4916 -11.6088 -10.7882 -10.2137 -8.75976 -10.1862 -11.3241 -10.8488 -10.6936 -11.0031 -10.7857 -10.1139 -14.4399 -12.5764 -11.2832 -10.4683 -11.5388 -11.2154 -13.1096 -12.8303 -10.2324 -7.5318 -5.72335 -7.59587 -8.57605 -7.35312 -8.5109 -7.40641 -8.27445 -9.00722 -9.7282 -9.14115 -10.7391 -12.4012 -11.369 -10.3164 -9.67542 -9.19595 -6.57218 -6.43155 -6.68258
 -10.2137 -12.7387 -12.2292 -11.0661 -9.29895 -8.70815 -10.2801 -10.5395 -11.7321 -11.0564 -12.8708 -11.3857 -12.3988 -12.3988 -11.796 -11.8456 -13.436 -11.6693 -12.5955 -12.2156 -11.0639 -10.4883 -10.0874 -12.1274 -11.6042 -13.1691 -10.1459 -11.7238 -11.3374 -14.5058 -14.0019 -12.5309 -9.78614 -9.76948 -9.03904 -10.4745 -11.4616 -10.2959 -11.1719 -10.2315 -10.3228 -10.8475 -11.1141 -10.606 -11.986 -12.404 -13.3606 -13.3635 -12.9254 -10.7286 -9.06166 -10.1735 -11.8014 -10.7001 -10.2205 -8.4223 -5.44967 -4.71748 -5.89249 -7.11961 -7.30929 -7.94112 -7.40816 -9.20076 -10.5827 -6.91259 -7.22375 -8.88083 -9.97764 -11.2738 -8.91518 -8.02704 -8.72878 -6.71635 -4.7967 -3.74229
 -10.7478 -11.2133 -11.2133 -10.7143 -9.2233 -9.2233 -9.66794 -11.2038 -10.3521 -9.78205 -12.5148 -12.2161 -12.8879 -12.4529 -11.8366 -11.4583 -13.7896 -14.5126 -13.2345 -12.0318 -12.5955 -12.0804 -12.0804 -13.204 -13.7687 -12.6145 -11.011 -11.2077 -11.4281 -13.8658 -15.0759 -14.3394 -10.3427 -11.2233 -10.3429 -11.9076 -12.1815 -12.4314 -12.1236 -11.7962 -11.3249 -11.2086 -12.2267 -11.2902 -12.0629 -11.7694 -12.1861 -12.7236 -13.4285 -11.064 -9.73502 -9.04691 -8.36782 -9.99143 -8.67027 -6.89338 -5.42215 -5.58541 -6.47933 -8.10454 -7.97884 -8.75242 -9.98577 -9.99833 -6.38935 -7.01417 -7.24834 -4.74648 -9.11252 -8.44256 -7.98977 -7.38966 -7.54273 -5.91859 -5.79522 -3.74229
