# name: MAT
# type: matrix
# rows: 60
# columns: 128
 -7.2845 -6.72988 -6.70159 -8.15993 -7.48805 -6.67103 -8.38063 -9.35242 -9.17569 -7.60493 -6.63037 -8.70127 -8.63514 -7.36726 -7.69215 -6.0008 -5.72252 -5.54252 -4.15121 -6.02207 -6.59654 -7.36347 -6.46602 -6.7814 -5.8234 -8.48554 -8.61833 -6.8947 -6.8947 -7.40184 -7.3574 -6.84074 -7.09131 -7.00481 -7.43691 -8.38088 -9.54534 -8.68778 -9.66081 -8.68874 -9.14275 -8.20754 -9.11539 -10.6039 -8.64837 -7.41448 -5.69988 -6.28296 -5.76656 -4.27417 -5.65461 -6.51652 -4.94729 -4.38268 -4.28511 -4.9407 -5.65834 -6.83601 -7.73749 -8.76069 -8.11093 -10.0155 -9.09153 -7.93551 -7.57735 -8.02107 -8.0766 -7.5788 -6.82084 -8.33915 -7.5902 -5.94998 -7.17891 -7.23283 -4.95413 -3.43449 -4.09185 -3.11996 -2.10757 -3.3426 -3.86603 -4.01398 -4.41451 -4.41356 -4.34479 -4.79437 -5.10789 -5.84626 -6.15632 -7.67701 -9.30121 -8.24425 -8.84065 -10.0161 -9.34214 -7.41437 -7.41437 -5.93274 -4.71431 -3.69255 -4.84066 -5.78924 -7.73405 -6.40909 -5.78297 -6.08534 -6.27716 -5.84922 -5.83195 -5.78125 -5.78125 -5.33271 -6.79343 -6.32464 -5.70959 -6.5706 -6.71396 -6.71396 -7.19661 -6.4524 -5.87419 -6.93087 -7.48654 -7.72037 -7.40842 -7.93659 -6.65829 -7.28225
 -6.14304 -6.56721 -6.48752 -5.5424 -5.88927 -5.66709 -8.36892 -8.89289 -8.14308 -6.84631 -7.08722 -7.68207 -6.67022 -7.38351 -6.1603 -6.59631 -7.08418 -5.09293 -4.66083 -5.49735 -5.00694 -6.32209 -7.20545 -6.18855 -6.23403 -7.78036 -7.73425 -7.06615 -5.342 -7.30929 -6.72034 -9.21169 -7.02873 -7.76691 -7.85073 -9.30465 -10.3675 -9.13611 -7.38476 -7.7896 -8.71066 -9.15493 -9.72802 -9.91608 -7.82935 -5.61766 -6.81749 -7.65323 -8.12669 -6.59644 -7.00399 -6.60818 -7.38176 -7.69587 -7.79661 -7.36867 -6.43605 -7.35395 -8.60261 -8.38593 -8.7581 -10.2517 -9.74399 -8.02198 -8.45545 -8.57254 -9.01454 -10.2941 -7.7577 -8.05106 -6.04844 -8.55117 -8.51579 -7.51491 -5.5896 -5.3959 -4.30116 -2.57643 -3.09157 -6.63002 -3.41359 -2.05989 -2.68997 -4.00774 -4.34004 -4.92681 -4.77994 -4.41776 -5.14172 -7.21776 -9.79319 -9.1239 -8.34787 -8.40792 -8.10973 -7.91337 -8.40467 -7.89361 -7.80678 -6.83147 -7.0202 -6.87893 -8.88765 -7.23671 -6.21274 -6.80313 -6.35422 -6.35422 -5.67283 -6.45313 -6.45313 -4.96164 -5.7656 -5.26249 -5.64697 -7.19415 -6.65944 -7.1616 -6.64551 -6.59886 -7.15834 -6.93087 -8.13912 -7.10003 -7.22978 -7.29359 -6.73227 -7.28225
 -8.54882 -9.19037 -9.69471 -9.18508 -6.2083 -8.02573 -9.18452 -9.22621 -7.46042 -5.99674 -6.73201 -8.48725 -8.22026 -6.57483 -5.99596 -6.38698 -6.52883 -3.36677 -3.96952 -5.54281 -4.79299 -5.71673 -6.67094 -5.70931 -5.69855 -7.28467 -7.73425 -5.40504 -5.49423 -4.60187 -6.57585 -7.84026 -9.22381 -10.3696 -11.8269 -10.2172 -9.54778 -9.54074 -7.42444 -7.9382 -8.09683 -8.66992 -8.9472 -8.67624 -6.62753 -7.15664 -6.41919 -6.92527 -7.00778 -8.25854 -7.08648 -6.02553 -6.89481 -6.6896 -9.51888 -9.25624 -7.78293 -8.72582 -11.1616 -11.8399 -11.1873 -10.8145 -9.21961 -9.53398 -9.66871 -10.84 -10.8374 -10.1792 -8.00536 -8.30968 -7.32437 -7.87549 -7.89274 -8.08951 -5.78387 -4.59312 -4.51865 -3.07886 -3.7692 -4.78849 -4.66007 -1.22666 -1.27075 -2.00211 -1.49634 -3.2341 -3.84189 -4.09077 -4.06481 -8.11005 -8.09669 -7.4274 -9.16348 -8.99967 -8.66568 -6.54488 -7.71809 -7.71809 -7.59944 -7.59944 -6.10266 -5.99312 -7.16542 -7.24352 -7.41653 -7.87492 -7.22884 -6.37519 -6.42259 -4.38779 -4.38779 -5.7656 -5.71244 -5.0638 -4.94541 -6.76621 -6.5285 -7.1616 -6.64551 -7.73077 -8.34088 -7.63778 -7.36055 -6.70506 -6.70506 -7.3703 -8.10992 -8.3962
 -7.15387 -7.93669 -8.62295 -9.14277 -7.02709 -6.87784 -7.53856 -8.21023 -6.9573 -5.0107 -5.76701 -4.84334 -6.82592 -5.56893 -5.69845 -6.92955 -5.37691 -4.56709 -4.70843 -3.52335 -4.12346 -5.39908 -4.48431 -5.15599 -5.68071 -5.65372 -5.47259 -3.62819 -4.28278 -6.00787 -7.16982 -7.90841 -8.47633 -11.3942 -8.90841 -8.98192 -9.04432 -9.49285 -6.72336 -7.69729 -6.8018 -6.74754 -8.35887 -6.29444 -5.68659 -6.01496 -6.85724 -6.92527 -7.59555 -7.01334 -6.49321 -6.78524 -7.02151 -7.97069 -8.54078 -10.874 -8.21087 -9.23513 -12.2379 -12.2379 -11.9764 -12.2709 -11.7605 -11.6839 -11.4304 -9.84926 -10.8374 -10.0967 -9.71788 -7.39893 -5.70345 -6.88408 -6.89552 -7.22914 -6.22598 -4.35243 -3.66233 -2.74726 -3.7707 -4.09948 -4.44345 -4.38076 -0.629738 -0.0521708 -0.00704194 -1.45681 -0.789969 -2.69852 -2.75941 -4.467 -8.09669 -9.17828 -8.11481 -8.24207 -9.286 -7.41272 -9.08904 -7.21208 -6.70992 -7.05964 -6.04123 -4.76997 -9.5384 -9.56366 -7.54348 -8.53039 -7.44515 -6.15642 -4.5518 -3.72694 -3.72694 -3.93043 -5.11479 -4.44132 -5.54004 -6.53939 -7.027 -7.59086 -9.18704 -10.3025 -9.9563 -8.7928 -7.4903 -7.4903 -7.30649 -8.61955 -8.63464 -7.37984
 -7.97417 -7.26481 -7.26481 -8.47579 -8.30085 -5.11915 -6.55826 -5.69193 -5.61378 -5.76567 -5.13166 -5.1367 -5.65326 -4.06208 -7.28098 -6.92065 -6.62069 -5.14214 -5.16833 -3.53059 -4.07405 -4.94583 -4.73256 -5.16836 -4.43158 -5.64824 -5.91782 -4.32481 -4.7569 -4.31648 -6.79818 -6.19368 -7.80286 -9.7323 -9.19354 -8.20411 -8.33092 -8.81009 -7.17169 -6.72336 -6.69407 -6.13116 -7.09369 -5.04107 -5.43255 -4.86673 -6.03227 -7.43964 -7.1597 -5.95756 -5.38849 -7.01473 -7.53082 -7.79341 -8.86159 -10.0841 -9.7529 -9.53422 -10.8373 -13.2246 -14.2448 -13.4915 -12.8862 -14.0866 -12.4646 -11.2637 -11.2723 -10.0967 -6.77142 -6.26926 -7.85174 -6.69954 -6.7822 -8.8482 -5.89728 -5.41441 -3.17322 -2.25815 -2.01498 -1.29609 -2.94774 -3.18032 -1.65301 -1.55898 1.02533 -0.453584 -1.7782 -2.42618 -1.97532 -5.35361 -7.53205 -9.28938 -8.14586 -8.34473 -8.2647 -6.51785 -6.76298 -8.24815 -8.69314 -8.36697 -7.43072 -7.12016 -8.21678 -10.1334 -7.88532 -8.01955 -7.56796 -5.89332 -5.09655 -4.16893 -3.65838 -4.16935 -4.80311 -5.10837 -5.9693 -6.53939 -7.04902 -7.89573 -9.29657 -10.0166 -9.57903 -8.55727 -6.86461 -6.86461 -8.17767 -6.17773 -6.19282 -6.9519
 -6.30164 -8.79284 -8.85803 -9.96156 -9.49374 -9.71113 -8.28976 -7.2236 -7.14545 -7.0835 -6.05421 -4.98963 -5.65892 -6.65394 -7.25906 -6.92916 -6.7475 -6.41573 -6.55398 -6.47318 -5.0364 -5.75402 -6.82897 -5.596 -6.72375 -7.06704 -8.45535 -4.99601 -3.63385 -4.3276 -4.55071 -6.90809 -7.34353 -8.39502 -8.49473 -6.84936 -6.20267 -7.21592 -7.67544 -7.52067 -7.71709 -6.62878 -6.33757 -4.58915 -3.6416 -5.57762 -5.84516 -6.56348 -6.12102 -5.02614 -7.06693 -6.60029 -9.03687 -9.41693 -10.262 -9.89239 -9.00585 -9.8163 -11.3814 -13.6599 -14.2491 -13.9922 -13.208 -11.537 -11.7345 -12.4499 -10.0967 -9.3561 -8.678 -6.46813 -7.69092 -8.9592 -9.09284 -6.41709 -6.33616 -5.70689 -5.48644 -2.5283 -1.87214 -2.7768 -2.27225 -2.96783 -1.18115 -0.520668 0.138261 -0.273567 -0.676756 -3.17062 -1.83401 -3.77443 -8.55424 -7.63201 -8.75835 -9.94791 -8.25436 -8.05015 -8.55946 -8.11808 -8.79618 -9.51524 -8.58291 -7.89134 -9.62974 -9.04531 -8.4067 -7.44277 -7.00648 -7.15613 -6.58011 -5.54363 -4.1597 -4.15458 -5.41674 -4.46651 -5.56194 -6.07157 -5.62094 -8.90039 -8.68418 -9.57697 -8.45677 -8.44214 -8.07512 -6.06538 -6.85606 -5.16285 -5.93468 -4.64836
