# name: MAT
# type: matrix
# rows: 50
# columns: 62
 -10.3404 -11.7319 -11.6578 -11.9721 -10.3218 -9.55829 -11.2202 -11.2715 -9.50968 -10.6924 -11.4304 -10.3545 -11.2514 -10.3646 -10.0189 -10.5494 -9.67589 -9.35939 -10.3358 -10.3503 -9.92576 -9.53543 -8.89141 -9.19241 -9.18482 -8.84913 -9.42252 -7.89528 -8.70879 -9.45955 -9.37701 -10.7918 -9.89313 -9.78762 -10.49 -11.0238 -13.0191 -13.5808 -14.1245 -14.3454 -14.2472 -13.7529 -13.3314 -11.5598 -9.98795 -10.5653 -12.4842 -12.4012 -11.3669 -12.7286 -13.299 -11.364 -12.2383 -11.4857 -12.0619 -8.75938 -8.60899 -8.25142 -8.48094 -7.44062 -8.26044 -6.71306
 -9.40797 -9.89708 -10.1693 -10.0576 -10.5892 -10.087 -10.315 -10.3664 -9.32599 -10.8083 -10.2843 -11.142 -10.7638 -10.4078 -9.09996 -10.7584 -9.99644 -8.68712 -9.00165 -11.2535 -10.0964 -8.99186 -8.48815 -6.5046 -7.12098 -7.8914 -8.42717 -9.29821 -9.13805 -9.17593 -9.97228 -13.0094 -12.3213 -11.4742 -12.138 -10.2356 -10.4858 -13.3262 -13.3607 -12.9814 -12.6779 -12.0199 -13.0088 -10.3712 -10.8153 -10.8212 -10.9693 -12.4111 -10.8995 -10.9982 -13.5845 -13.4164 -11.735 -11.2405 -9.66089 -7.89426 -7.22445 -5.44888 -6.06526 -5.80417 -8.24026 -5.678
 -10.4122 -9.98296 -10.0188 -9.99359 -9.92354 -10.087 -11.2602 -11.338 -11.4759 -10.5415 -10.9885 -10.8207 -10.3033 -10.9597 -9.49361 -9.94746 -8.84221 -9.33452 -10.9418 -9.33196 -9.54108 -8.65219 -7.71527 -9.22185 -7.03722 -7.44249 -8.2646 -9.10949 -9.28966 -11.3577 -9.78045 -11.9794 -11.7503 -11.5017 -10.1965 -8.81517 -8.47299 -10.7328 -10.9794 -13.6309 -13.8094 -14.166 -11.4716 -10.4631 -11.3305 -10.8212 -11.2736 -10.96 -10.8995 -9.59633 -10.1603 -10.4545 -9.95754 -8.91572 -5.73666 -4.98499 -3.84749 -3.02855 -3.84434 -4.69576 -6.30199 -5.09091
 -9.92311 -9.25148 -8.98425 -10.0632 -9.53857 -10.5836 -11.0538 -11.7865 -10.3244 -10.4226 -11.9916 -8.64503 -8.42223 -8.45609 -9.76247 -9.5182 -10.386 -9.36634 -9.66821 -8.51997 -7.67945 -8.7332 -10.9793 -10.6154 -8.98616 -9.82431 -9.89213 -9.66869 -9.28944 -9.94482 -9.82575 -11.7367 -11.7454 -10.2229 -10.7469 -9.0319 -9.17531 -9.16042 -11.2598 -11.6649 -12.0557 -13.6781 -11.4716 -10.6403 -10.3325 -10.3557 -10.8081 -9.58298 -10.5511 -10.6442 -8.24042 -7.75244 -8.41466 -5.01971 -5.25068 -4.48841 -2.33846 -1.59707 -2.40702 -2.40702 -5.56951 -5.30437
 -10.4763 -10.9187 -12.0814 -10.5635 -8.91008 -9.3555 -9.99078 -10.2857 -9.67741 -9.47794 -11.3696 -8.45943 -7.56687 -7.14658 -5.45733 -8.24387 -8.82421 -9.04213 -9.63721 -8.74561 -10.1274 -11.9439 -12.0846 -9.02538 -9.29865 -9.97534 -9.02869 -9.5988 -11.1489 -10.1669 -10.1309 -12.3444 -10.7493 -10.5212 -10.5136 -10.7428 -10.2782 -11.8983 -12.3835 -12.595 -12.1176 -12.5864 -10.9991 -10.1748 -9.14153 -9.51334 -10.7598 -10.0473 -10.4963 -9.32561 -9.38279 -8.53804 -5.56474 -5.33793 -5.76719 -4.07334 -4.28356 -2.66049 -2.80666 -2.55342 -4.09218 -4.32783
 -11.7522 -11.9519 -12.0814 -9.56819 -9.97375 -8.85239 -9.85332 -10.6612 -8.6209 -9.84564 -9.11565 -8.14343 -3.78059 -4.16579 -6.16442 -8.57443 -9.02481 -10.0047 -9.25691 -7.27426 -9.56901 -11.2662 -9.99065 -10.1757 -9.77593 -9.03687 -9.15352 -9.55272 -11.3922 -10.4063 -9.17673 -10.379 -10.5334 -9.9333 -10.0702 -11.9862 -13.3213 -11.6934 -11.2137 -11.7542 -12.49 -11.7782 -13.0168 -11.6327 -10.6064 -10.5423 -10.0452 -10.4912 -9.19379 -9.71919 -10.2435 -8.92425 -5.56474 -5.13548 -5.56474 -5.90894 -3.06573 -1.76481 -2.94499 -2.91082 -7.04506 -5.30775
 -11.9285 -12.8031 -13.3227 -11.4072 -10.0611 -9.49126 -10.1819 -8.87799 -9.57293 -10.545 -8.33277 -7.25417 -4.09786 -4.53137 -4.54292 -5.40895 -8.16817 -7.05964 -8.01443 -8.66828 -11.1375 -10.7408 -8.95025 -10.3191 -9.48456 -8.22551 -7.35051 -7.91642 -7.81443 -8.11853 -7.00149 -8.63387 -9.80193 -9.80193 -10.3857 -12.2434 -13.1073 -12.8847 -12.8652 -12.2301 -12.6635 -13.7455 -13.4129 -12.808 -11.9469 -11.4879 -9.98065 -8.67286 -9.19379 -8.61405 -10.07 -8.81734 -4.92092 -5.13548 -5.13548 -4.26794 -2.32739 -2.53841 -4.72504 -4.12667 -6.06126 -4.43647
 -13.0644 -13.7683 -12.7733 -11.5943 -11.2738 -10.7662 -9.90328 -8.65034 -7.98051 -7.15301 -8.43825 -6.10187 -5.32727 -4.8394 -4.03659 -5.97391 -5.94956 -5.92684 -6.22698 -9.81289 -10.4845 -9.66514 -9.85258 -9.74873 -8.25096 -6.43853 -5.41036 -4.91378 -4.61439 -7.5306 -6.25537 -6.9473 -9.27945 -9.96659 -11.3201 -13.3276 -13.7074 -13.7726 -13.9039 -13.4271 -13.0638 -13.1568 -12.3139 -11.5584 -10.7528 -10.7528 -10.9543 -9.57988 -7.08166 -7.99077 -8.04406 -9.71974 -6.24254 -5.85567 -6.8892 -6.12684 -2.31369 -3.29468 -5.69116 -5.69011 -2.17258 -3.03787
 -13.76 -13.888 -12.8139 -11.1051 -9.63459 -11.5382 -12.6622 -8.94063 -8.35071 -8.99073 -8.21239 -7.64478 -5.69819 -4.39471 -5.91133 -7.59789 -7.79211 -5.85106 -7.14818 -9.55355 -8.74513 -8.5731 -6.67641 -6.45982 -4.86328 -4.38824 -3.61266 -3.03922 -5.65525 -3.55284 -5.59086 -6.83239 -8.13322 -9.16862 -10.0623 -12.4729 -14.5725 -12.76 -13.0576 -13.5838 -12.9251 -11.7424 -11.5316 -13.108 -10.2009 -9.70955 -9.72729 -9.48234 -8.63678 -7.86909 -7.54034 -8.64687 -7.11852 -6.26676 -5.71468 -5.71982 -4.41164 -5.94517 -5.31992 -4.74355 -2.86767 -4.36923
 -13.76 -13.441 -12.2289 -9.96802 -10.1171 -11.5606 -11.1835 -7.18329 -8.28617 -8.2235 -8.14709 -5.8344 -6.67438 -6.39434 -8.03514 -9.7894 -8.33948 -6.36865 -8.78682 -10.7364 -9.38545 -6.84437 -4.86262 -3.91859 -4.44928 -2.68998 -4.56395 -5.03415 -5.1872 -4.28864 -5.62282 -6.21602 -5.26776 -7.29051 -8.86032 -9.88646 -12.6225 -13.2311 -14.2594 -15.0681 -13.9053 -11.4054 -11.3436 -13.6418 -11.9632 -10.2342 -9.79687 -9.83376 -9.05632 -8.56134 -8.13595 -8.57525 -6.64832 -5.16838 -6.64139 -6.37949 -6.76457 -7.79786 -5.78428 -2.70088 -2.25129 -2.61442
 -13.7359 -14.5395 -12.1845 -11.2465 -9.06203 -10.2417 -10.388 -9.74616 -7.72035 -8.18209 -7.64348 -6.79212 -5.84195 -6.6489 -6.5812 -7.32876 -7.35953 -6.78944 -10.4727 -10.5692 -10.4215 -6.3952 -5.1906 -4.10174 -3.87918 -4.58167 -5.04603 -4.46406 -3.69844 -2.24779 -4.64783 -3.44613 -5.71667 -7.97677 -8.01981 -9.33641 -11.8552 -12.994 -13.1494 -13.7679 -13.6675 -10.226 -10.3661 -14.2237 -11.3743 -10.1785 -8.82187 -9.36438 -6.04775 -6.54305 -7.09266 -8.05409 -6.15118 -6.19936 -6.78114 -7.30981 -7.27388 -8.52934 -7.96672 -5.19676 -2.94498 -4.75984
 -13.7359 -15.0361 -13.952 -11.3365 -10.1906 -9.74513 -10.3659 -10.2806 -10.8696 -8.6689 -6.38669 -6.83501 -4.49363 -4.58114 -6.45138 -7.86005 -7.79086 -9.11604 -9.87256 -9.38778 -7.70313 -6.30587 -5.66985 -4.04443 -3.72928 -5.34931 -4.60685 -3.19692 -1.45552 -1.82473 -1.34743 -3.23008 -3.22218 -5.81996 -6.74741 -7.60033 -8.56363 -10.618 -10.3622 -10.7451 -10.6048 -8.94378 -6.89405 -10.4736 -11.1287 -10.5408 -8.86756 -8.45924 -6.04775 -5.46441 -6.01976 -8.08273 -6.65421 -6.84575 -7.38256 -8.54153 -8.45072 -8.45377 -7.24914 -5.83026 -4.75676 -5.1946
 -13.7359 -15.0361 -14.8835 -11.3567 -11.7332 -11.1744 -10.2267 -11.5675 -10.1328 -7.3684 -5.8166 -6.38669 -4.58281 -5.93151 -5.83288 -7.86005 -5.70264 -7.57615 -9.68209 -9.52556 -7.57157 -4.98343 -4.81923 -4.70071 -4.68716 -4.44567 -4.37432 -2.30813 -1.17294 -1.67427 -1.13836 -0.592046 -0.184545 -2.97232 -3.32011 -3.13444 -5.05688 -8.08489 -7.51288 -9.42608 -8.49144 -8.99505 -6.9683 -9.63124 -11.5572 -9.32867 -8.12835 -9.03799 -7.32863 -6.66716 -5.57702 -8.2277 -7.35568 -6.96404 -8.16837 -9.71598 -7.94141 -8.45377 -6.75256 -6.74542 -6.19702 -5.1946
 -13.2873 -15.0361 -14.6116 -12.3411 -13.3039 -12.3576 -10.7233 -12.5504 -10.1918 -7.11088 -8.30536 -6.38265 -5.80936 -4.95077 -4.0669 -4.33598 -5.47123 -7.76492 -8.53151 -9.33314 -6.10801 -7.08576 -5.65754 -5.47497 -5.38863 -6.43259 -5.02217 -3.23878 -2.36763 1.36461 0.613434 1.03046 0.72392 0.0601436 -2.47196 -1.51038 -3.65517 -5.59021 -5.64141 -6.49019 -5.96058 -8.61864 -8.99099 -9.64054 -10.3921 -8.76479 -7.25095 -7.97497 -6.97067 -6.20226 -7.40978 -7.29034 -7.56997 -7.19181 -7.05646 -8.5892 -7.40093 -7.96168 -6.44201 -6.24742 -6.68382 -6.68419
