# name: MAT
# type: matrix
# rows: 68
# columns: 68
 -12.979 -7.73711 -6.25255 -3.94082 -6.05088 -8.15602 -8.77974 -7.63383 -10.3712 -7.33548 -9.27482 -9.87064 -8.87725 -9.17945 -9.91298 -10.2171 -8.40821 -6.77371 -7.70381 -10.6053 -9.88574 -9.42203 -9.53752 -9.88793 -8.44279 -9.56447 -9.02115 -7.4696 -7.95607 -9.00736 -8.81092 -8.51863 -7.50974 -5.80879 -4.00569 -5.34044 -7.2187 -8.85713 -8.24913 -9.61456 -9.7664 -9.68499 -9.65893 -9.85516 -9.13988 -8.45178 -8.79342 -8.9664 -8.17033 -7.62587 -8.70022 -7.3006 -7.17159 -7.20991 -7.64775 -6.28651 -5.54775 -4.97334 -5.22665 -5.53719 -5.92586 -2.93557 -2.8111 -5.91315 -6.10728 -6.84373 -7.00734 -6.3399
 -11.7669 -7.51847 -5.58067 -3.00595 -4.29357 -9.22659 -9.04578 -9.68758 -10.5488 -8.37357 -9.72315 -9.97035 -9.49363 -12.014 -11.4211 -10.087 -9.02958 -7.97544 -9.07119 -8.39859 -7.40327 -8.68597 -11.0596 -10.4261 -9.91651 -7.969 -9.48937 -7.67846 -7.49059 -7.43697 -7.16527 -8.45152 -5.54444 -5.32724 -3.1239 -3.67735 -5.38344 -7.17892 -5.37998 -7.44545 -8.03065 -9.65883 -9.6824 -11.3241 -10.1619 -9.67489 -6.89615 -8.38928 -8.20071 -7.36404 -6.52554 -5.11389 -5.05458 -4.98853 -5.05417 -4.25431 -4.74967 -3.41371 -3.04964 -4.75607 -3.12495 -3.17262 -5.3186 -5.77394 -6.07815 -6.55327 -7.45566 -7.41836
 -10.3824 -7.65249 -5.6518 -5.49844 -7.05099 -7.90424 -9.96918 -8.46925 -7.94596 -8.80567 -9.36711 -10.7507 -9.76462 -13.03 -13.2667 -13.4995 -10.8863 -10.5043 -9.07119 -9.94384 -9.71069 -10.87 -11.396 -9.3671 -8.39132 -8.77248 -9.72746 -7.48477 -8.29407 -4.77064 -6.16076 -5.16132 -5.24901 -4.94331 -3.2562 -3.47206 -5.52739 -6.44596 -7.72936 -8.22711 -6.13373 -7.22759 -8.96737 -8.01961 -7.95407 -8.90853 -7.47245 -8.92875 -8.52233 -7.03975 -5.33125 -4.46764 -6.23156 -5.31861 -5.57077 -3.85321 -3.13076 -4.46724 -4.6102 -4.95162 -3.71778 -4.76056 -3.69139 -3.3215 -4.23738 -4.70355 -4.06188 -4.2088
 -10.8674 -7.18212 -7.59331 -3.51093 -5.64711 -7.17691 -8.05362 -8.46925 -8.46925 -8.57338 -10.2674 -9.33227 -10.9001 -14.1859 -12.3606 -12.8004 -12.7292 -12.322 -10.3835 -11.3098 -11.6002 -13.252 -12.1791 -8.9473 -7.64258 -8.64751 -9.17667 -7.87538 -7.24305 -5.6197 -5.81395 -6.47772 -5.94958 -5.373 -3.76834 -3.77896 -5.2926 -6.71424 -8.53731 -7.10734 -6.1413 -5.62791 -8.84504 -6.40508 -7.03048 -6.99958 -9.18668 -8.70541 -7.13426 -5.13175 -5.92451 -4.57237 -6.04197 -7.73438 -6.29932 -4.70239 -2.36174 -2.52128 -3.86385 -6.36264 -4.35679 -1.85598 -1.85255 -1.16049 -3.18522 -2.41367 -2.30017 -3.8991
 -11.302 -8.2628 -6.98589 -8.24444 -6.56083 -8.97707 -8.81749 -8.71656 -8.71656 -10.257 -9.53697 -8.69692 -9.57818 -11.7176 -11.3597 -11.1357 -12.0429 -12.5877 -11.4196 -13.1227 -13.061 -13.8922 -13.6832 -8.78703 -9.3036 -8.49619 -7.98627 -7.29803 -5.63955 -8.24319 -6.72321 -7.85893 -6.04847 -5.57734 -3.49601 -4.70016 -5.73456 -6.6986 -6.74166 -5.75473 -6.57428 -7.14562 -7.00764 -4.09114 -6.49612 -6.60122 -6.49026 -6.51106 -5.77727 -5.2274 -4.73148 -4.11909 -5.45808 -5.25312 -5.22407 -6.41112 -3.53564 -3.15413 -4.41574 -2.83372 -3.733 -2.14317 -1.8397 -3.81354 -4.1192 -3.61451 -2.31729 -4.92881
 -9.91574 -8.29217 -7.97476 -7.3492 -8.01129 -8.06186 -9.37517 -9.24612 -8.70939 -9.06086 -9.63437 -8.60808 -7.25542 -10.2761 -9.3622 -8.93777 -12.0246 -10.4671 -11.2551 -13.6484 -14.6424 -14.1727 -13.5721 -10.6348 -8.73061 -8.78972 -7.54794 -6.75855 -7.29905 -7.16272 -7.01942 -7.76833 -7.94621 -5.95342 -5.37612 -3.96791 -6.39388 -5.92183 -6.53211 -5.83836 -5.1558 -4.87908 -5.60625 -3.65397 -5.23686 -6.17329 -6.49442 -6.54239 -6.09407 -3.70471 -5.6119 -5.23929 -5.89018 -5.76243 -6.1855 -5.94849 -5.01983 -3.78339 -4.63094 -2.30076 -3.78988 -3.33978 -2.87612 -2.8398 -5.28042 -3.61451 -3.68405 -4.25714
 -9.97646 -7.10474 -9.33062 -10.0257 -8.50469 -8.53206 -9.84538 -9.24612 -6.98804 -9.06086 -9.60659 -7.63941 -8.10753 -8.00357 -6.65353 -8.4604 -10.0339 -10.5806 -11.667 -13.7751 -13.1953 -12.6544 -12.4188 -9.71963 -9.71963 -8.27492 -7.22567 -6.25555 -6.96042 -7.89386 -7.7652 -6.39032 -7.9556 -6.45837 -6.21421 -7.41756 -9.28939 -9.8595 -7.79023 -5.64021 -5.12721 -5.91191 -5.90311 -4.84374 -8.37242 -8.43349 -7.84598 -6.16465 -6.05109 -5.32588 -6.28967 -6.37659 -6.78697 -4.26806 -5.24499 -4.95813 -5.93997 -5.74586 -4.1931 -3.89182 -1.51414 -3.4733 -2.8047 -2.23507 -3.65867 -4.69024 -3.18747 -4.80675
 -11.4097 -7.69879 -9.33004 -10.0251 -7.94649 -11.49 -11.993 -10.1127 -7.40626 -7.10539 -7.68533 -8.10558 -9.36909 -6.79553 -6.65505 -7.1514 -11.1863 -10.6942 -11.2955 -12.5649 -11.4415 -11.6239 -10.179 -10.1991 -9.71963 -8.27492 -7.33945 -8.16944 -7.40535 -7.61497 -7.74845 -7.09052 -8.20682 -7.90732 -7.45295 -7.94904 -8.83607 -9.83915 -8.28513 -7.75274 -5.58929 -7.42019 -5.99694 -7.43103 -9.13191 -7.68579 -6.63438 -6.01068 -6.65612 -5.81952 -6.28967 -6.03485 -7.63645 -7.36015 -4.13317 -5.71059 -4.7706 -6.52421 -4.8344 -3.96904 -1.88138 -1.57705 0.278506 -1.67964 -3.17082 -5.21024 -3.45827 -2.83015
 -10.8583 -7.14732 -7.8836 -8.20108 -7.3843 -8.49746 -9.61201 -10.3321 -7.59358 -7.94922 -8.31772 -8.23086 -8.32227 -4.99263 -5.44774 -6.01226 -9.63941 -10.83 -11.0576 -14.2745 -13.1469 -14.1638 -12.4134 -10.8677 -8.82396 -7.36381 -6.81547 -8.16944 -7.30363 -6.4844 -5.86563 -7.59521 -7.51473 -8.01777 -8.46508 -8.12575 -8.12575 -9.44888 -8.85395 -9.02014 -6.25216 -7.50268 -9.67507 -8.0474 -8.5589 -8.02526 -6.37391 -5.55844 -4.87425 -5.81768 -5.76847 -5.71644 -6.3738 -5.87651 -4.93698 -4.94746 -4.52222 -5.64375 -3.15672 -3.49381 -2.07559 -0.449528 -0.917894 -0.347252 -1.73126 -3.19455 -3.88758 -4.77498
 -10.6245 -5.87474 -4.74435 -6.21449 -5.93803 -7.50303 -8.67179 -9.5565 -7.56776 -7.94922 -6.97262 -6.50421 -8.44757 -6.98164 -6.84192 -7.15497 -9.88124 -9.19016 -10.0591 -10.992 -13.5937 -14.6674 -14.6674 -12.7587 -10.5653 -9.49824 -10.2865 -10.0825 -7.53701 -7.58994 -8.38485 -8.91665 -8.24986 -8.72545 -8.47933 -8.30084 -8.79742 -8.27463 -9.04904 -10.7232 -9.15889 -8.31365 -9.43865 -9.85249 -7.39343 -6.75764 -7.74275 -8.1523 -5.97357 -6.88983 -5.93135 -8.16569 -6.73413 -6.73995 -5.31624 -4.54738 -4.99424 -6.54595 -3.26556 -2.81938 -2.07559 -0.476958 -0.0175877 -1.37972 -2.19079 -2.77759 -3.43227 -5.61743
 -10.1253 -5.3707 -5.37774 -5.5696 -5.34449 -8.63953 -8.63953 -9.52425 -6.98947 -6.93599 -6.97262 -7.2983 -7.93312 -7.2348 -9.17159 -7.64467 -9.41731 -9.83912 -10.8274 -11.5087 -13.1046 -14.5589 -13.6955 -13.0891 -13.5234 -12.1014 -10.7398 -9.29772 -7.94146 -6.98964 -9.23493 -8.72535 -9.34464 -7.03391 -8.59556 -9.07199 -8.75976 -9.86071 -10.7045 -10.6344 -9.75747 -8.78544 -8.84374 -11.24 -7.07162 -6.50163 -8.07022 -8.14681 -8.14739 -6.15157 -7.01375 -6.93735 -6.51687 -4.88305 -3.39856 -5.58224 -6.52213 -5.99858 -4.66195 -3.37472 -1.59822 -0.476958 -0.0369659 -2.23814 -2.13629 -2.38901 -4.91433 -5.80211
 -7.76618 -3.70443 -4.21314 -6.24056 -5.70886 -7.89698 -8.85676 -8.80206 -7.53213 -7.48433 -7.43957 -6.56495 -8.86195 -9.19854 -9.17159 -9.03989 -9.93397 -11.2582 -12.1491 -12.23 -13.5866 -13.5667 -13.6955 -15.2535 -12.3804 -12.7049 -11.4917 -9.45933 -8.08051 -8.68538 -9.50108 -9.62836 -9.283 -8.62304 -9.04541 -8.41825 -7.10057 -8.13816 -8.3882 -8.09284 -6.79283 -9.79759 -9.41129 -10.1628 -9.20602 -8.25332 -8.59836 -7.60445 -5.09003 -5.82566 -6.04336 -7.03212 -6.55154 -6.18798 -4.68997 -7.23179 -7.65429 -4.4938 -5.4379 -3.98273 -2.31137 0.170256 0.19264 -2.21472 -2.62219 -4.05152 -5.71845 -7.32661
 -7.54109 -6.59135 -5.7005 -6.74079 -5.98758 -7.32389 -8.85676 -8.80206 -8.39065 -7.96358 -9.52965 -8.66597 -8.35834 -9.39349 -8.70723 -7.94417 -8.13714 -12.7413 -12.6264 -13.7277 -13.8439 -14.6995 -14.7578 -15.8361 -13.4667 -11.3691 -11.3514 -9.83437 -7.59928 -8.17102 -10.0143 -9.56943 -8.86816 -9.62543 -8.59191 -6.65576 -5.29054 -4.82619 -6.4157 -7.11968 -8.3374 -8.3374 -10.123 -9.37137 -7.90596 -8.73232 -9.47863 -7.96802 -6.20185 -5.54024 -5.11403 -6.25575 -6.38401 -6.96921 -7.30516 -7.95582 -8.17131 -6.8247 -5.20154 -5.06883 -3.73537 -0.295227 -1.15867 -1.78262 -3.87515 -6.60282 -5.19751 -6.33202
