# name: MAT
# type: matrix
# rows: 55
# columns: 144
 -1.212 -0.688708 -1.09062 -2.91067 -4.25411 -7.62692 -7.86797 -7.52361 -8.10246 -6.44886 -5.86593 -4.2978 -2.60426 -3.50666 -3.59576 -3.63111 -2.72848 -3.36576 -4.95543 -4.99707 -5.42748 -4.52561 -5.47739 -5.41463 -5.54556 -5.96086 -5.28082 -7.36538 -6.87086 -6.2811 -5.05778 -4.41014 -4.79477 -5.9485 -5.95767 -5.86485 -5.43059 -7.78832 -7.16818 -6.10144 -5.45718 -4.3094 -5.90471 -4.75299 -1.69179 -3.03993 -3.78517 -3.74775 -5.29939 -5.79167 -4.6027 -2.84403 -2.77475 -2.65369 -2.3111 -2.31214 -3.46685 -3.54793 -4.60669 -5.71226 -6.33355 -3.91793 -2.2954 -3.18265 -3.44398 -4.07046 -4.25926 -4.18636 -5.69906 -5.08835 -6.53867 -7.42196 -6.38877 -6.27924 -6.4006 -6.97611 -6.69334 -6.96312 -6.33255 -7.53164 -6.70989 -7.10276 -7.62289 -8.25156 -7.17919 -8.25737 -8.77403 -8.20272 -10.3598 -9.81467 -10.5462 -8.92903 -11.0122 -9.62996 -9.62996 -9.3103 -6.23268 -9.51526 -10.2673 -11.6323 -9.97812 -8.66073 -9.52157 -9.31627 -10.3457 -10.8368 -10.9469 -9.86047 -14.0809 -14.2432 -14.0487 -15.1031 -15.0175 -15.6378 -15.6739 -17.4062 -15.5889 -16.1409 -15.6126 -13.8271 -13.575 -13.053 -12.3314 -11.8229 -10.0495 -10.2083 -9.77981 -8.0851 -8.3803 -9.1969 -9.34609 -7.43234 -6.47584 -6.85267 -7.37694 -8.77682 -9.88971 -9.27009 -9.2748 -9.76932 -9.35971 -9.33696 -9.17002 -8.16474
 0.379427 -0.629967 -2.21626 -3.92701 -5.62116 -6.69472 -6.90172 -8.35809 -7.11133 -6.24789 -6.8578 -4.4921 -3.25034 -3.50666 -4.13443 -4.69851 -4.77494 -5.03338 -5.02328 -5.31014 -5.32847 -6.00284 -6.04081 -5.65366 -5.73797 -5.93031 -7.25904 -8.35317 -7.78417 -6.33281 -3.35264 -4.76816 -6.06959 -7.4343 -7.5024 -5.86589 -4.86279 -4.36771 -5.6776 -5.03637 -4.96266 -3.29115 -4.91786 -4.0046 -3.19932 -2.72435 -1.9168 -2.58288 -4.51466 -5.41297 -4.94688 -2.49965 -2.92759 -2.76997 -1.65446 -2.1243 -2.90462 -4.1763 -6.18873 -6.3176 -4.70701 -5.70117 -5.61031 -5.24424 -5.32303 -5.23684 -4.56361 -2.59992 -3.05733 -5.62525 -6.12549 -7.42196 -6.89808 -6.76743 -6.25149 -6.52616 -6.64418 -7.19463 -6.73202 -7.40722 -7.26817 -8.41674 -8.6678 -8.42266 -8.17238 -9.52952 -10.7056 -10.743 -10.1826 -9.66636 -9.42285 -8.88472 -8.75641 -9.62996 -8.3093 -7.80907 -7.88508 -8.67733 -10.2646 -11.5886 -11.1023 -9.33688 -8.32233 -7.6046 -9.10375 -9.90599 -10.3539 -11.1667 -11.1395 -13.8985 -14.2923 -13.1979 -12.7712 -13.4991 -15.4842 -16.72 -15.4058 -16.5387 -16.824 -14.5398 -13.4837 -13.0925 -12.3436 -11.3019 -7.39987 -8.0216 -8.37399 -6.97499 -8.24003 -6.13766 -6.20167 -5.72447 -5.48469 -5.234 -5.14264 -8.16927 -8.63948 -6.80746 -8.01542 -8.50994 -9.01371 -7.73261 -8.85237 -6.9189
 0.62937 -1.0752 -2.92142 -4.03762 -5.94262 -6.00944 -7.18933 -6.97534 -7.097 -6.13213 -7.45867 -4.9121 -5.38672 -4.06964 -3.89724 -1.73154 -2.85824 -2.98303 -2.7795 -3.49617 -6.99802 -7.12084 -6.11721 -4.55564 -5.24877 -4.5491 -3.48816 -4.47212 -2.90404 -3.86938 -3.54532 -5.82955 -7.15472 -5.78702 -6.70899 -6.58367 -3.96711 -3.12284 -3.07613 -2.60203 -3.06655 -1.55633 -1.71306 -2.39981 -2.5515 -2.68819 -1.20285 -1.73178 -3.13081 -5.56449 -4.06469 -3.17132 -2.29132 -2.57154 -2.74068 -4.61757 -4.21725 -5.42333 -7.19062 -6.30487 -6.46732 -7.13113 -6.72322 -5.24424 -5.24424 -4.09772 -4.26961 -2.68383 -4.14844 -4.63142 -6.62909 -7.94732 -5.84173 -6.79623 -6.89625 -6.49048 -7.58584 -7.67677 -6.77632 -6.57164 -10.3311 -6.61882 -6.38009 -8.39068 -8.60098 -7.513 -8.35677 -8.56476 -9.78487 -7.81181 -8.80054 -8.24702 -8.15834 -8.54751 -7.8594 -6.84986 -6.17004 -8.34142 -10.0833 -10.3974 -10.4142 -10.4741 -7.83028 -6.84493 -9.50521 -9.87462 -10.6244 -10.0652 -10.5069 -11.5625 -13.4088 -14.2515 -13.4918 -13.4067 -14.6887 -16.1499 -15.4016 -14.3286 -14.4253 -11.5949 -10.7611 -9.91609 -11.4344 -9.68973 -8.33723 -7.39512 -7.35219 -8.65567 -7.00054 -5.52237 -5.05449 -3.97496 -6.08255 -4.54456 -8.12854 -7.4894 -7.22955 -7.23539 -6.81777 -8.38918 -8.9106 -10.2686 -10.4414 -7.78419
 -2.38657 -1.44654 -3.83853 -2.21697 -3.97826 -7.17486 -7.99309 -6.97534 -7.33993 -6.91914 -6.80648 -5.85076 -4.80142 -3.51597 -1.93366 -2.28246 -3.57006 -3.19555 -3.40526 -6.3996 -4.66502 -4.7804 -2.88888 -5.00827 -5.91058 -5.22077 -5.65004 -5.27254 -4.68683 -3.9574 -4.95582 -5.4544 -6.82698 -5.85079 -6.50811 -5.71856 -4.16915 -3.03521 -3.07613 -1.73163 0.138149 -0.444357 -0.779579 -0.707703 -3.07243 -2.41485 -1.93748 -2.79054 -3.92826 -4.79013 -4.22171 -3.44407 -2.52396 -2.91773 -4.00875 -3.57091 -5.49038 -5.87223 -6.52183 -6.46732 -6.44563 -7.11027 -7.27608 -6.22338 -4.06961 -3.41116 -3.62254 -4.12386 -4.13276 -3.50181 -5.53238 -6.44979 -6.33014 -6.20348 -5.9457 -6.59204 -6.00432 -7.66779 -7.92103 -7.81331 -7.33591 -5.8521 -5.52946 -7.50177 -8.32986 -6.5759 -8.3375 -7.10292 -8.2757 -9.76873 -10.9111 -8.66908 -6.6894 -8.8475 -6.75099 -6.43664 -6.3751 -10.3096 -11.1431 -11.8076 -11.1526 -9.73083 -9.81639 -9.52818 -7.99617 -8.02696 -10.3255 -9.17212 -10.6932 -10.699 -12.0872 -13.7501 -11.9698 -12.1643 -13.7123 -15.1746 -13.1876 -11.8663 -12.7776 -10.6366 -11.0673 -10.6502 -10.1595 -9.39067 -8.44871 -8.22778 -6.65638 -5.66026 -5.93085 -6.5868 -4.09919 -4.54738 -3.36424 -4.64663 -6.42234 -5.3723 -4.30029 -5.40271 -7.92464 -7.92532 -8.89943 -9.77405 -9.37326 -7.54819
 -5.4748 -5.26617 -3.86398 -2.54517 -6.49316 -7.55778 -6.60685 -6.9058 -6.52624 -7.32998 -7.39688 -4.65736 -5.49109 -4.77627 -4.28285 -2.99432 -2.96882 -3.92756 -6.1273 -6.99555 -5.26424 -4.62719 -4.93668 -4.31065 -6.41685 -4.68336 -5.11262 -5.28969 -3.73997 -4.67621 -5.87435 -5.4544 -5.90331 -6.83766 -6.51299 -5.32477 -4.8955 -4.43799 -2.12111 -1.68777 -0.401374 -0.89268 1.11044 0.310283 -1.38257 -2.41485 -1.43616 -2.86847 -3.92826 -4.82195 -3.23603 -3.71712 -2.83161 -2.46464 -4.00875 -4.00875 -4.93559 -6.288 -6.26175 -5.04345 -4.75035 -6.08656 -8.49751 -6.46325 -5.53647 -3.53958 -3.64649 -3.12177 -4.04385 -5.05922 -7.02745 -7.06994 -7.43694 -8.44076 -8.54932 -7.59228 -7.03693 -5.87368 -6.56792 -6.60456 -6.0651 -3.13427 -5.58005 -5.78992 -4.7192 -6.50108 -6.88892 -6.12793 -5.60464 -6.75926 -9.69763 -7.35571 -9.11201 -7.60118 -6.85822 -7.41927 -7.67823 -11.254 -10.6496 -10.802 -12.8078 -11.8863 -10.8505 -7.80733 -8.53678 -6.75032 -8.71941 -9.27251 -10.4491 -9.31307 -8.96877 -12.4691 -11.1808 -10.5818 -11.6979 -10.708 -9.73351 -11.3718 -10.1106 -10.5967 -10.2271 -11.1415 -9.31269 -9.81382 -7.19557 -8.27838 -6.78322 -6.8183 -6.21818 -6.20246 -5.53545 -5.42048 -6.91723 -5.01196 -5.96572 -5.95981 -6.17725 -7.19806 -6.98787 -7.85131 -8.85427 -8.42634 -6.15571 -5.702
 -5.80644 -5.33789 -5.71946 -4.08848 -5.84187 -6.87526 -8.48509 -8.31185 -6.65794 -7.4743 -4.34128 -5.87649 -4.81274 -5.28049 -4.80593 -4.28205 -3.76816 -5.30472 -5.58099 -7.45125 -4.66164 -5.16187 -6.02595 -5.98833 -6.15329 -6.18234 -5.18983 -6.47176 -3.54472 -4.74244 -5.81317 -6.30371 -5.80398 -6.81311 -6.25874 -5.50893 -5.54345 -4.42043 -4.2317 -2.83579 -2.28631 -0.656124 1.92923 -0.109906 -3.1952 -3.65169 -4.32357 -3.72626 -4.66604 -4.4631 -2.59983 -3.08093 -1.80915 -3.35543 -4.61877 -4.98776 -5.49147 -6.35242 -6.07339 -5.44274 -5.14964 -7.43787 -6.51922 -5.03623 -5.95953 -5.46145 -4.17196 -5.13164 -3.82147 -4.88797 -6.05991 -8.51745 -8.40295 -9.76622 -10.5271 -7.93933 -7.2351 -6.50303 -5.46624 -6.31666 -4.17077 -4.38393 -6.18102 -8.12985 -5.82853 -8.12554 -7.82855 -9.12148 -6.9257 -7.4456 -7.85081 -5.86065 -6.05062 -7.96582 -7.51432 -7.93899 -8.45031 -9.00301 -9.64007 -10.847 -12.7864 -10.7882 -9.93349 -8.11253 -7.27122 -5.34607 -5.77533 -9.03762 -8.93001 -9.36785 -9.4066 -9.75142 -11.6569 -8.97865 -8.32487 -8.40635 -9.25326 -9.64361 -9.55667 -10.2429 -9.66377 -8.65485 -10.567 -9.70614 -7.67463 -7.70312 -8.27438 -7.75411 -6.13922 -6.11363 -6.12296 -6.46636 -5.34136 -5.81956 -5.93937 -6.24637 -6.78606 -6.82852 -6.86089 -8.87102 -8.85427 -5.20643 -4.4833 -3.0179
