# name: MAT
# type: matrix
# rows: 68
# columns: 127
 -6.26512 -6.26512 -7.05271 -7.72134 -8.38133 -7.82675 -7.30346 -7.7827 -8.607 -5.94785 -6.19949 -7.16865 -6.62243 -7.44447 -7.44447 -6.75788 -7.72844 -6.65626 -7.70497 -7.04264 -3.17139 -3.66698 -6.29173 -5.42667 -6.81401 -8.46957 -8.21017 -10.7357 -13.283 -12.6134 -13.3189 -12.2829 -11.7664 -13.551 -10.6779 -9.86812 -8.13966 -9.2771 -11.0559 -11.163 -12.4766 -11.8874 -11.8969 -11.5506 -7.8146 -10.2757 -10.7907 -8.49216 -8.74769 -12.7263 -11.7448 -14.1068 -15.699 -15.7369 -14.1957 -12.7445 -11.8169 -11.9022 -8.96284 -5.98352 -6.9402 -7.13232 -6.13252 -6.50373 -6.86657 -6.42631 -5.71301 -5.14294 -5.40542 -6.41969 -5.14498 -5.59728 -3.94167 -4.61705 -5.44148 -6.74255 -5.44907 -7.71981 -9.85082 -8.26738 -10.9422 -13.7801 -14.3361 -15.2526 -15.2092 -16.9775 -14.7918 -13.1794 -13.3942 -13.3802 -13.2507 -10.3828 -8.2939 -8.6175 -7.46695 -5.99951 -4.98066 -1.62827 -2.69621 -1.51302 -0.5786 -2.12798 -1.22086 -1.57804 -4.88217 -5.9982 -4.68741 -5.3755 -5.80568 -6.45113 -8.14935 -6.50061 -6.0638 -7.87403 -6.6522 -6.74814 -7.26754 -8.78851 -9.50997 -9.01545 -8.70966 -8.70966 -8.70966 -8.20834 -7.9553 -11.4183 -11.2376
 -6.2257 -6.39176 -7.29406 -8.15918 -6.68939 -7.36127 -8.306 -8.27928 -6.69624 -5.51291 -6.19949 -6.72043 -6.5783 -7.37647 -6.85554 -6.16895 -7.15684 -7.28054 -6.67235 -6.27877 -2.6628 -2.25644 -5.27763 -5.29857 -5.8082 -8.14925 -8.60934 -10.3245 -13.3117 -14.2765 -12.8276 -12.311 -11.2512 -11.941 -9.94681 -8.66487 -7.71417 -9.1087 -8.21069 -9.98386 -10.8493 -11.3651 -10.7313 -8.59167 -9.61959 -11.8608 -9.97677 -7.08257 -9.39207 -12.4329 -12.3992 -12.9105 -13.7881 -12.9135 -10.7058 -10.9782 -10.6585 -9.58703 -6.65044 -5.08203 -6.12859 -7.81072 -6.36097 -6.73218 -8.29668 -6.01867 -3.84735 -1.28374 -3.56155 -3.63182 -3.83458 -5.49501 -4.30622 -6.51098 -4.30311 -4.52689 -7.97627 -7.79656 -7.38643 -9.69709 -11.0223 -12.7439 -11.5148 -13.5839 -15.4097 -16.9775 -14.7918 -13.3146 -12.852 -12.7355 -13.3086 -10.2755 -8.2939 -9.31771 -6.91297 -6.3441 -4.34897 -4.09071 -4.72806 -1.56429 -0.5786 -2.11992 -2.76717 -1.40288 -3.7747 -6.02309 -4.06177 -5.79857 -5.80083 -6.19278 -7.2245 -5.90467 -4.64997 -5.57452 -5.31437 -5.88285 -6.87962 -7.42378 -7.89366 -8.36395 -8.44994 -8.90947 -8.90947 -8.4864 -8.71917 -8.35479 -9.44832
 -8.16025 -7.63627 -6.79939 -7.75546 -7.18597 -7.85785 -8.3371 -8.43769 -7.19282 -6.5126 -7.72012 -7.24992 -5.7627 -7.87959 -7.20792 -6.49698 -7.11198 -8.79963 -8.1172 -6.81518 -4.79402 -4.49361 -5.98623 -7.49711 -6.77332 -6.69958 -8.8611 -10.8961 -11.7677 -12.6749 -11.8409 -12.311 -11.2512 -10.5161 -8.59306 -9.16703 -7.71417 -9.05792 -8.59795 -8.26804 -9.7781 -9.9851 -10.8912 -10.2918 -9.66331 -9.4297 -8.59557 -7.59731 -7.89709 -10.8734 -13.1454 -12.7787 -12.5807 -9.52629 -8.10983 -7.24776 -8.8253 -9.468 -7.86202 -5.98302 -5.69548 -6.60838 -6.84967 -7.54915 -6.56861 -8.33241 -4.13078 -2.45141 -3.57323 -3.04463 -1.66257 -5.65687 -3.9315 -7.86081 -6.36912 -6.87237 -8.22058 -7.12961 -8.69073 -8.66648 -9.50067 -11.7852 -13.5344 -15.3927 -15.8418 -17.6656 -15.3652 -13.3146 -12.2628 -12.6224 -11.1033 -9.68634 -10.0137 -8.05252 -6.00263 -6.16332 -6.71267 -4.13668 -1.85218 -0.632768 -0.12314 -1.46788 -2.52405 -3.0416 -3.86343 -4.68221 -4.57843 -5.33385 -5.72439 -6.17838 -7.0826 -7.05912 -5.37446 -6.93052 -7.2422 -5.18855 -6.03359 -7.64013 -8.36395 -8.36395 -8.44994 -8.33603 -7.78642 -7.32546 -7.22388 -8.29205 -10.5329
 -6.98453 -6.75156 -7.20047 -7.33683 -8.00871 -7.40894 -7.02307 -7.09404 -7.24703 -7.77389 -8.46047 -6.88757 -5.82514 -6.83252 -7.25559 -7.37928 -8.60533 -8.15642 -7.24872 -6.6466 -5.98276 -4.92867 -5.554 -6.95822 -7.17636 -9.14087 -9.52674 -10.5949 -10.3948 -12.1583 -12.1583 -11.3032 -10.6377 -11.7018 -8.67132 -7.19968 -8.02888 -8.70692 -8.70692 -8.1981 -6.55683 -9.9851 -11.3233 -11.3247 -10.0889 -10.4674 -10.5896 -8.66795 -10.0957 -11.4588 -12.1122 -11.7142 -10.6475 -8.73242 -6.64291 -6.90612 -8.16567 -10.0208 -8.0058 -6.2904 -6.75764 -6.74121 -4.60005 -6.23848 -6.0561 -7.07892 -5.4273 -4.05157 -4.70386 -3.41994 -1.92512 -3.44876 -5.31061 -5.70228 -6.05853 -6.31658 -7.78564 -6.44539 -8.6121 -8.49627 -9.00734 -11.2117 -11.6377 -13.9232 -16.0177 -16.4879 -16.0533 -14.9868 -12.3049 -12.6224 -11.3001 -10.1127 -10.6672 -8.82041 -7.28913 -7.55829 -5.06199 -3.55185 -2.36099 0.0453292 -1.09813 -1.46788 -2.01443 -2.53197 -3.90606 -4.34053 -3.35055 -4.87337 -6.25377 -5.65366 -7.0826 -8.31879 -8.01159 -7.56201 -7.58761 -6.2176 -5.71544 -6.50829 -7.69228 -8.33295 -7.75951 -7.32457 -6.51831 -5.9308 -8.46863 -9.63287 -10.6984
 -6.73398 -5.55589 -5.96143 -6.15271 -6.58481 -6.12076 -6.6 -6.67097 -8.04887 -7.65921 -9.42963 -6.45547 -7.08509 -7.42003 -8.00921 -6.97361 -7.84983 -8.51409 -8.24937 -6.99091 -6.52676 -5.43082 -5.51401 -5.69441 -6.44386 -8.73596 -9.35826 -9.23331 -9.02713 -11.8308 -12.4009 -11.2807 -10.9382 -11.5876 -11.368 -9.12537 -7.20424 -10.1841 -8.30668 -7.85086 -7.00582 -10.3684 -11.3612 -11.8261 -10.0889 -10.4674 -11.5403 -9.96515 -9.61206 -9.47703 -7.12417 -11.0594 -10.7316 -8.45236 -7.47187 -8.14809 -8.73576 -6.682 -7.33139 -7.9132 -8.09545 -7.35364 -5.67415 -7.33697 -6.0738 -6.47313 -5.4495 -5.82895 -3.16551 -3.31948 -4.57514 -5.07495 -3.45922 -4.2041 -4.54833 -4.34015 -6.03545 -5.0506 -6.77404 -6.48567 -7.36029 -7.59556 -9.85984 -12.2173 -13.6255 -16.0394 -14.4658 -13.1165 -11.4282 -12.1421 -10.9099 -9.85115 -9.16456 -8.00431 -7.34266 -6.06912 -4.36889 -4.09341 -2.41115 -0.0955251 -0.627098 -1.53705 -1.54087 -2.44985 -2.44985 -3.82322 -3.94061 -6.38734 -5.88373 -5.72146 -6.16928 -6.18377 -7.51213 -7.51213 -6.2461 -5.13754 -6.2176 -7.0114 -7.56868 -8.82952 -7.41104 -7.12878 -5.59318 -6.82167 -8.46863 -10.2691 -11.2006
 -5.28993 -6.15337 -7.69031 -7.189 -8.12242 -5.60529 -5.94323 -7.63264 -8.75833 -8.89406 -9.54098 -7.95434 -7.6726 -7.64316 -8.21272 -9.14516 -9.87191 -9.35098 -8.51614 -7.46992 -7.59582 -4.87046 -6.48279 -4.89269 -5.56924 -7.19823 -9.36026 -9.68185 -9.93519 -10.9512 -12.2201 -11.6013 -11.1952 -8.99417 -10.7949 -8.10278 -7.72517 -10.0712 -8.37929 -7.96459 -7.00582 -9.86464 -9.78047 -11.3617 -12.094 -10.9687 -12.9067 -10.8029 -12.031 -8.92864 -8.58571 -9.52525 -8.56004 -10.4303 -7.88859 -8.59671 -7.58484 -6.682 -8.44321 -8.99277 -8.01906 -9.38014 -7.70066 -7.62649 -6.11613 -5.96524 -5.91264 -5.70609 -2.89378 -4.27459 -5.07647 -5.55503 -4.43905 -3.53845 -5.64213 -3.6302 -5.55233 -5.0506 -4.75372 -5.4969 -6.03714 -6.03283 -10.0708 -11.7403 -12.6696 -12.6696 -12.1161 -12.8884 -11.2674 -11.7043 -10.4246 -9.33449 -8.01163 -7.07001 -4.66123 -5.26662 -2.98321 -2.73942 -4.11173 -2.71569 -0.627098 -1.52157 -2.20514 -2.66453 -1.96074 -2.43171 -5.32804 -5.11926 -6.22877 -5.23235 -5.54801 -7.13233 -6.02856 -5.38116 -4.3346 -3.95704 -3.52209 -6.80806 -7.37719 -7.0958 -7.67861 -6.12079 -5.08376 -7.32383 -7.97123 -10.7713 -10.7713
 -5.28993 -5.28993 -7.09216 -8.06504 -7.40287 -5.79772 -6.50765 -8.4925 -8.27908 -8.25701 -8.25293 -9.18115 -9.15946 -7.97764 -8.64711 -9.13842 -8.54949 -7.74206 -6.14416 -6.22297 -5.77578 -4.7488 -6.79323 -6.50207 -6.87061 -7.19664 -8.29809 -8.6944 -9.49735 -10.9512 -11.65 -11.6013 -11.8116 -8.99417 -8.28438 -8.45559 -6.73386 -6.77877 -6.72142 -7.44071 -6.97636 -8.26299 -9.78047 -12.2605 -11.2491 -10.6195 -12.7374 -12.3977 -12.393 -9.46352 -6.53215 -9.05001 -6.95479 -6.66084 -8.19012 -7.59808 -6.25201 -5.18013 -6.67274 -7.2333 -5.63826 -6.82818 -8.28919 -5.64788 -6.65316 -7.75079 -5.33455 -5.04182 -4.59719 -4.27459 -5.14819 -2.99564 -4.00696 -4.01325 -6.73266 -3.84213 -5.71014 -6.198 -4.32163 -3.87309 -5.43702 -7.02538 -9.38455 -11.2054 -11.4015 -12.0896 -10.1195 -11.4645 -11.7934 -11.2539 -9.96821 -7.20965 -5.81914 -3.51642 -4.91196 -4.30105 -3.45965 -2.71406 -3.68905 -3.16608 -2.03064 -1.06204 -3.06284 -3.09466 -4.35219 -5.45536 -4.62803 -4.86914 -5.82354 -4.71982 -5.6838 -6.76789 -5.57965 -4.00299 -3.51899 -4.18921 -3.1695 -3.90794 -6.06317 -5.8194 -4.25405 -4.68252 -5.08376 -7.82693 -8.08362 -9.77174 -11.2505
