# name: MAT
# type: matrix
# rows: 74
# columns: 147
 -13.297 -13.3248 -12.0898 -12.5864 -13.5932 -13.5506 -13.1735 -11.6567 -12.1446 -12.7734 -13.4307 -10.5286 -7.7131 -6.31444 -7.25659 -6.44708 -6.03778 -7.41395 -9.86112 -11.9327 -11.2449 -9.02809 -8.89415 -7.71388 -9.16969 -11.2184 -10.3212 -10.6682 -11.2696 -11.856 -13.8985 -13.5736 -13.8162 -13.0636 -14.3595 -12.2817 -11.1077 -9.81375 -9.63722 -8.40595 -6.45921 -5.79123 -4.05784 -2.02629 -1.98136 -1.06326 -1.17538 -0.687514 -2.018 -2.56348 -2.53171 -3.08629 -3.37124 -5.14247 -5.35693 -5.57302 -7.47802 -9.9233 -11.3615 -11.1178 -11.3658 -10.0661 -9.1566 -10.0288 -10.6506 -8.67365 -6.82379 -5.58293 -5.95937 -7.39074 -7.15166 -7.59685 -8.07804 -6.08087 -6.70526 -7.6786 -6.52738 -6.41618 -7.68235 -10.7685 -10.3275 -9.44267 -10.0128 -9.0919 -7.62014 -7.01826 -6.65482 -6.92969 -7.26461 -6.73109 -5.97465 -4.22997 -3.46197 -2.87335 -3.69658 -4.85353 -5.96825 -8.53156 -9.50293 -8.57535 -9.29187 -9.77405 -8.43431 -7.99167 -10.8714 -10.9774 -9.6242 -8.58718 -7.72918 -7.26569 -7.04209 -9.04639 -11.3555 -9.64773 -9.55974 -10.2918 -9.48828 -9.61956 -11.6002 -11.5288 -12.0497 -12.2024 -10.5457 -9.80608 -12.3966 -11.5313 -11.8335 -11.3986 -12.0008 -13.0441 -12.7347 -11.6341 -12.0324 -12.0324 -11.6444 -13.0798 -13.2129 -12.1359 -10.7527 -9.21741 -9.50398 -9.99184 -9.76252 -9.31361 -10.9489 -11.002 -11.6116
 -14.3722 -13.9227 -13.3016 -12.1379 -13.0901 -13.0946 -13.1748 -12.7249 -13.2128 -14.5026 -13.2076 -10.2082 -7.28581 -5.52221 -5.7268 -6.68744 -7.45131 -7.19443 -8.35763 -10.505 -10.5052 -10.5052 -8.77303 -7.22505 -8.06646 -9.27695 -11.5094 -10.0712 -11.3619 -12.4684 -12.372 -14.0676 -14.4526 -14.4396 -13.772 -12.3434 -11.3435 -11.5841 -12.0896 -8.68708 -7.00433 -7.37908 -4.50453 -1.52854 -1.49392 -1.23052 -0.910064 -0.358207 -0.922971 -1.6481 -1.62932 -4.40791 -4.2279 -6.24804 -8.63292 -9.75233 -10.9203 -11.4728 -12.716 -12.9144 -12.6903 -11.804 -11.5652 -11.4017 -12.2006 -11.3355 -9.8039 -8.91123 -8.07352 -7.73187 -8.53865 -8.21859 -9.32414 -8.38823 -8.69749 -7.97381 -7.5096 -7.49567 -8.41084 -12.5063 -11.5318 -11.3931 -9.40966 -9.96761 -8.5254 -8.27328 -8.62344 -8.04004 -6.76803 -5.61432 -6.06264 -5.43423 -5.28794 -6.3771 -5.08496 -6.09682 -9.12775 -9.09509 -9.54468 -10.0249 -8.86394 -8.18865 -9.08794 -7.47074 -9.4688 -10.5337 -9.69679 -8.18245 -7.2433 -8.04423 -8.56084 -8.56216 -9.39717 -9.39717 -9.86376 -10.6879 -10.7671 -11.3812 -10.1384 -10.6545 -12.2475 -10.5457 -9.20521 -8.9687 -11.2538 -12.8197 -11.3543 -11.3986 -11.8833 -13.204 -11.4342 -11.4342 -12.0089 -11.5445 -10.7076 -12.3838 -12.0888 -12.7251 -10.6961 -10.0598 -9.50398 -10.0061 -10.9298 -10.9561 -11.1715 -12.316 -12.0334
 -13.6084 -12.7154 -13.4029 -11.374 -12.132 -13.2274 -13.1748 -11.7089 -12.6962 -13.4957 -11.2612 -8.99609 -8.46604 -4.77814 -5.57373 -7.23034 -6.01835 -6.71077 -6.46909 -9.38014 -9.32497 -9.32497 -9.32497 -8.16998 -8.97598 -10.0391 -11.3893 -9.14771 -10.1996 -11.8792 -11.4517 -12.6786 -14.0246 -12.6125 -13.7874 -13.5058 -9.38221 -11.1158 -11.5453 -8.13165 -7.47427 -4.77472 -3.99089 -3.88971 -2.05772 -2.0806 -2.5088 -1.62773 -2.16409 -3.01265 -4.23149 -4.12623 -7.17505 -8.3006 -6.24765 -8.69272 -9.59976 -11.0556 -10.3764 -11.4863 -14.0152 -12.4902 -13.5648 -13.5803 -12.0032 -10.3984 -10.307 -8.89708 -8.48121 -8.51673 -9.42151 -10.079 -11.462 -10.9139 -10.8324 -9.75895 -9.91497 -8.75933 -10.2486 -12.1184 -11.2399 -11.6567 -11.09 -12.6108 -11.4798 -9.35846 -9.466 -8.80843 -8.27322 -8.43846 -8.24973 -6.48584 -5.78224 -5.6961 -5.50208 -7.26719 -8.32813 -8.57843 -9.82658 -10.7189 -9.94058 -8.44204 -8.83122 -8.41655 -10.0563 -10.0987 -8.83391 -9.45029 -8.59408 -9.24535 -8.63602 -8.63602 -9.40721 -9.95261 -9.86461 -9.41755 -10.6101 -10.7462 -11.2902 -11.2902 -11.1084 -10.7101 -10.2309 -10.6724 -11.0299 -11.0913 -10.4911 -10.4638 -13.3901 -13.6608 -12.5553 -12.1232 -11.3363 -11.7684 -11.7684 -13.4446 -14.0147 -12.4811 -11.2736 -10.5406 -11.0615 -10.0606 -10.993 -11.4808 -12.7005 -13.2896 -12.6882
 -13.0987 -11.9407 -11.5708 -12.0763 -12.0763 -13.2474 -12.7453 -11.3333 -13.6083 -12.0872 -12.1263 -11.2352 -8.02085 -6.70383 -6.53229 -6.01835 -6.01835 -7.81218 -7.86296 -7.92046 -7.86045 -8.30899 -8.32779 -9.189 -8.24997 -8.51531 -9.97427 -8.26656 -8.81771 -8.5462 -9.48881 -12.3444 -12.4969 -13.056 -12.606 -11.5499 -9.11703 -8.83166 -10.1855 -7.1162 -6.97975 -5.29416 -4.49295 -4.84087 -3.28051 -4.29702 -4.98039 -5.1412 -3.93994 -5.33119 -5.23649 -5.1876 -5.3108 -7.21057 -5.08398 -7.76405 -10.0318 -10.068 -9.71651 -11.9221 -12.8131 -12.125 -12.3433 -12.9134 -11.2885 -10.4234 -11.4461 -10.3518 -9.84963 -10.6783 -10.792 -11.5859 -12.7782 -13.0955 -12.1597 -11.2439 -9.78034 -9.3013 -10.9593 -11.939 -12.6038 -11.9186 -12.4047 -12.3244 -11.6382 -10.5449 -8.28965 -7.95374 -7.27518 -7.44662 -6.6299 -6.9562 -6.26809 -8.40816 -8.0735 -7.43974 -9.31946 -8.93316 -8.57902 -8.467 -7.12791 -7.42062 -9.10554 -9.36855 -9.8098 -10.2872 -11.5717 -11.2527 -10.4936 -10.1841 -9.19059 -9.19059 -10.632 -9.50704 -9.94305 -10.1157 -11.9141 -11.4044 -10.1708 -9.43936 -10.7924 -11.7365 -9.74236 -10.4575 -11.9777 -11.1124 -11.616 -13.8784 -13.5877 -12.1145 -11.9533 -11.5037 -11.9339 -10.9157 -13.0782 -13.024 -13.4532 -12.0242 -12.1746 -10.8356 -11.5175 -10.5846 -11.0204 -11.5082 -11.5396 -12.6882 -12.4892
 -13.2974 -11.3623 -10.8501 -10.1451 -9.04234 -10.187 -11.1795 -10.1886 -11.1987 -11.8384 -12.1332 -9.94109 -10.022 -6.51231 -5.56614 -6.01835 -7.17513 -6.8995 -8.00729 -9.24331 -9.19312 -8.70525 -9.38513 -9.87444 -8.24997 -9.84745 -9.7639 -9.7639 -8.81288 -8.9699 -10.0111 -12.6038 -14.0139 -11.6728 -12.5483 -12.4145 -9.44906 -9.49556 -9.02747 -9.01227 -8.75095 -7.49681 -5.31434 -5.23974 -4.70855 -5.20027 -3.76029 -5.29497 -7.08116 -8.12309 -5.38091 -6.87996 -6.55729 -7.14805 -6.92778 -8.31852 -8.94773 -9.77952 -9.71651 -12.7855 -13.8183 -12.416 -12.3433 -12.6504 -12.2637 -12.0283 -13.051 -11.9567 -10.3878 -11.5162 -10.4152 -12.1267 -12.8302 -13.984 -13.9989 -12.0295 -10.9224 -9.3013 -10.4186 -11.0346 -12.6931 -12.9494 -11.0994 -10.649 -11.219 -12.6131 -11.0758 -8.75671 -8.87996 -8.74172 -8.12673 -7.53923 -8.04926 -9.75439 -9.09811 -9.92611 -10.0358 -9.4812 -8.11789 -8.63364 -8.33807 -10.206 -10.299 -10.3795 -12.3505 -12.3505 -12.421 -11.7156 -13.478 -11.5644 -10.4783 -10.4152 -11.2602 -10.7516 -11.6236 -10.9306 -12.4644 -11.2855 -10.6979 -8.87094 -9.17648 -10.697 -9.95742 -11.9761 -11.3901 -11.1124 -12.6337 -12.669 -12.669 -11.6034 -12.1145 -11.9526 -12.0074 -11.8005 -12.5816 -12.575 -11.9807 -11.9751 -11.4785 -10.8894 -12.999 -9.99706 -11.0204 -11.5082 -12.0636 -11.1789 -12.0571
 -11.2764 -9.0445 -9.00961 -7.83789 -8.9435 -10.0857 -9.69958 -12.05 -12.7493 -13.1645 -11.9892 -10.7764 -9.75889 -6.80758 -6.19979 -6.72755 -6.7268 -9.2833 -10.0162 -9.25234 -8.23715 -7.48235 -7.93089 -9.99644 -9.54648 -9.57426 -9.60146 -10.3653 -8.97068 -9.6619 -12.1007 -13.4689 -12.0247 -11.8346 -12.9977 -14.3662 -9.91454 -9.46653 -8.9008 -8.54592 -7.22241 -8.8542 -6.94846 -5.77572 -7.03485 -5.55498 -4.6909 -6.04633 -8.17846 -7.68309 -7.64226 -6.98292 -8.26683 -8.69013 -9.32411 -8.62384 -9.12756 -8.93634 -8.98232 -13.0335 -13.1146 -12.1473 -13.0285 -13.8814 -14.6341 -13.0716 -11.7484 -12.9999 -12.0185 -12.3019 -13.8436 -13.3586 -14.0112 -15.9351 -15.2453 -14.1233 -10.5415 -9.42967 -11.0422 -9.37342 -12.3769 -10.3425 -10.3425 -10.5097 -11.6049 -11.5247 -11.1441 -8.64729 -7.56631 -9.4449 -9.00135 -8.87655 -9.22867 -9.75439 -11.2255 -9.39466 -9.00072 -9.40592 -9.06944 -9.57304 -9.25312 -8.91366 -9.99521 -13.04 -13.7481 -12.696 -13.7537 -13.0963 -12.5507 -11.4683 -11.2209 -11.9999 -12.6162 -12.0396 -12.9633 -12.1183 -11.8006 -10.6979 -10.6979 -9.9577 -9.9577 -10.9306 -9.95742 -12.3417 -13.2797 -12.6378 -13.8 -12.669 -12.669 -12.0393 -12.0393 -13.1268 -13.674 -14.0099 -13.4144 -12.4247 -13.2764 -12.8386 -12.6517 -12.6123 -12.0086 -12.4788 -11.7946 -11.517 -11.7151 -12.4264 -10.9621
