# name: MAT
# type: matrix
# rows: 71
# columns: 108
 -9.72975 -7.57683 -8.21893 -7.18367 -8.51517 -9.22063 -7.01912 -7.02007 -5.99868 -4.31503 -3.88526 -4.39396 -4.37271 -4.45137 -2.68154 -1.9472 -4.16828 -4.84639 -6.12654 -4.4457 -4.44006 -5.82984 -6.80029 -5.00175 -3.21495 -4.03048 -2.14725 -5.17364 -6.18425 -6.53676 -7.05916 -8.66371 -9.31627 -8.97832 -8.97832 -9.46031 -7.87217 -8.42411 -8.94727 -11.2645 -9.65608 -10.4546 -10.9707 -11.5599 -10.7474 -10.7591 -12.3345 -12.3345 -13.1775 -14.4879 -16.1964 -17.1466 -17.1632 -17.3828 -15.8396 -14.3788 -14.4248 -16.0467 -14.5413 -14.5521 -13.3909 -13.4047 -13.3377 -10.7675 -10.8813 -9.69364 -10.3887 -7.97649 -8.84336 -10.5665 -8.74979 -8.78914 -9.40551 -8.89796 -7.1831 -7.10672 -9.35851 -12.5338 -12.5283 -13.943 -11.6049 -12.4803 -11.8868 -11.4547 -8.89216 -10.393 -9.91488 -9.91474 -10.9792 -10.6652 -10.0281 -10.1291 -11.0794 -8.12088 -9.41359 -10.2787 -10.5233 -11.0112 -10.2161 -9.78813 -10.2535 -11.0114 -9.63381 -9.10909 -9.5131 -10.5175 -10.5175 -11.4743
 -7.22381 -8.89698 -8.32354 -8.14136 -8.60969 -8.78279 -7.085 -7.97103 -6.59084 -5.58003 -4.83482 -3.3278 -5.90102 -4.29668 -2.38142 -2.31544 -3.92138 -3.58076 -5.81494 -3.46987 -7.27566 -6.51435 -6.3524 -5.09776 -6.52474 -2.95427 -3.79919 -3.82431 -5.02956 -4.71633 -6.71863 -8.83413 -9.63259 -10.1422 -9.48795 -10.6416 -9.3568 -9.38332 -8.89072 -11.23 -10.3837 -10.9707 -11.4 -12.5002 -10.6838 -11.1898 -10.6151 -11.7979 -12.0755 -13.6646 -14.9246 -16.6977 -17.1632 -17.7995 -18.2815 -17.143 -16.0353 -16.2942 -15.4955 -16.4444 -13.0219 -12.9558 -12.0805 -11.9771 -11.3079 -11.3082 -10.8948 -11.4494 -8.41542 -9.47266 -7.79129 -6.9101 -7.78471 -8.55292 -9.11242 -9.2518 -9.4131 -12.7202 -13.72 -13.7596 -12.3445 -13.3194 -12.0096 -11.5562 -9.43817 -12.0494 -11.7977 -10.6769 -12.7685 -11.4186 -9.98985 -8.89418 -11.0433 -8.58524 -8.12088 -9.40907 -9.65985 -10.1477 -10.2161 -9.69998 -9.82419 -10.5821 -9.63381 -9.63381 -11.0914 -10.2081 -11.0422 -10.9865
 -8.26384 -9.39721 -9.39721 -9.72779 -9.18278 -10.2954 -9.59431 -8.40684 -6.86862 -5.19757 -6.15949 -5.76229 -5.09753 -5.9144 -5.02211 -4.72846 -6.31046 -5.24492 -6.2556 -5.49983 -7.83023 -4.4625 -5.95213 -6.31109 -5.71647 -6.30461 -3.8302 -2.5666 -4.36777 -5.33179 -7.06726 -8.87205 -10.1299 -11.7316 -10.6259 -11.4315 -10.4736 -10.5468 -11.4975 -12.6725 -12.5778 -13.0629 -12.9735 -13.0316 -11.4567 -12.6348 -11.916 -11.7343 -13.1492 -14.0335 -14.2908 -15.3746 -17.5691 -17.1707 -16.5544 -15.5023 -16.5973 -17.108 -16.4328 -15.4937 -15.1271 -13.2088 -11.407 -11.554 -11.6088 -13.2101 -13.9234 -12.3707 -12.0548 -10.3693 -6.92784 -8.3578 -8.3578 -7.98947 -9.02492 -9.61243 -9.86754 -10.3229 -13.0866 -13.2952 -12.3445 -12.0096 -12.0096 -11.5562 -10.3734 -12.2072 -10.9237 -11.4599 -12.2807 -12.2807 -10.8938 -9.0585 -10.2823 -10.2963 -9.80173 -10.5188 -9.8307 -10.3186 -9.88488 -8.50368 -10.4394 -11.1522 -11.9265 -10.5489 -12.0065 -10.534 -11.511 -11.511
 -9.21202 -10.4864 -8.92284 -10.9242 -8.84327 -10.0821 -9.74552 -8.41944 -7.9915 -6.5475 -7.45526 -6.28701 -5.38866 -5.61583 -5.80535 -4.11114 -5.72283 -5.90693 -6.93449 -6.8365 -7.1367 -6.58716 -5.90732 -5.54739 -6.40634 -5.07783 -5.18103 -4.53733 -5.50661 -7.42146 -8.18764 -10.6582 -11.6803 -11.2011 -11.636 -11.0025 -11.9864 -11.5218 -12.4725 -14.5928 -15.165 -16.2014 -14.9419 -12.3744 -12.1631 -13.1445 -13.1445 -12.5122 -12.1286 -13.1726 -13.4752 -16.3809 -17.1206 -16.7241 -15.176 -14.839 -17.0252 -17.6626 -15.9297 -15.6875 -15.0009 -13.9403 -13.3796 -12.3039 -12.7612 -13.9052 -13.826 -12.2539 -12.7854 -11.4126 -9.50581 -9.22947 -7.90785 -9.64362 -9.09671 -9.65183 -11.5788 -11.1681 -12.5773 -12.8453 -11.307 -11.3215 -9.5557 -10.1834 -11.1341 -11.3802 -11.2191 -12.4899 -13.7142 -13.7142 -13.4417 -11.6435 -9.52444 -10.7597 -10.7474 -10.3081 -10.7959 -11.7086 -11.3696 -10.8922 -11.8082 -12.4453 -12.4696 -11.033 -11.437 -11.9434 -11.8835 -12.333
 -9.13696 -9.74676 -11.0082 -10.4076 -9.16919 -7.02665 -8.3424 -10.123 -9.7427 -8.07164 -8.85555 -6.71373 -4.39375 -3.83162 -4.33602 -3.70474 -5.65419 -6.79069 -7.39885 -6.23688 -6.47559 -6.84631 -6.36742 -5.1857 -4.86935 -6.35078 -5.69005 -3.37405 -6.50422 -6.13832 -10.4834 -10.4091 -10.5179 -10.4289 -10.9994 -12.9282 -13.5106 -12.9214 -14.1513 -15.5528 -13.1529 -14.6427 -14.7872 -13.5383 -12.5665 -13.099 -12.7208 -12.6383 -12.1222 -12.9672 -13.7799 -14.2945 -15.5195 -15.0158 -15.6636 -14.024 -15.1131 -16.046 -14.0529 -13.1022 -13.1229 -14.5104 -14.6232 -14.6645 -15.6177 -16.1143 -15.6547 -13.2601 -13.2601 -11.5502 -10.3896 -9.68856 -8.93874 -10.8913 -10.2099 -10.9414 -9.94685 -9.40201 -10.5806 -11.3081 -10.8242 -10.4492 -9.99709 -9.99709 -10.269 -9.78002 -11.1669 -11.8678 -14.0683 -14.4167 -12.6185 -12.6726 -11.933 -12.5914 -11.3864 -12.8909 -12.3642 -11.1925 -11.2978 -11.9859 -11.7556 -12.8679 -13.4086 -12.7478 -11.865 -12.3945 -12.8276 -12.3239
 -9.68531 -11.7481 -11.4011 -10.8974 -9.16919 -7.98054 -6.40328 -8.63566 -9.08257 -7.54562 -6.86122 -4.71621 -3.59705 -4.1942 -4.55955 -5.46359 -6.67336 -6.89722 -7.46077 -7.53906 -6.97759 -6.72449 -6.80526 -4.44802 -3.87608 -2.29083 -2.72766 -4.91393 -6.06535 -8.86782 -10.2226 -10.3821 -11.228 -12.2887 -10.8736 -10.5321 -13.1885 -13.4724 -12.271 -14.1024 -13.7166 -13.1341 -14.0495 -12.1804 -11.4538 -12.7836 -12.1848 -12.3521 -10.5422 -11.3873 -12.6434 -13.0558 -12.5026 -13.8793 -15.1605 -13.9627 -15.2037 -16.1936 -14.5173 -14.1228 -14.1228 -15.4372 -16.5175 -16.7825 -16.7825 -16.9078 -13.8092 -13.1929 -11.8795 -12.1069 -10.1154 -10.1541 -9.40737 -10.4064 -11.6078 -8.88147 -9.35934 -8.8145 -10.4628 -10.8115 -10.738 -10.4495 -8.17239 -9.02554 -8.52182 -9.78002 -11.0091 -10.9601 -12.9625 -13.2456 -12.5996 -13.2265 -13.6496 -13.0546 -11.8194 -10.853 -12.3642 -11.8089 -11.2978 -11.9859 -12.8602 -13.9953 -13.9724 -12.8237 -11.35 -13.288 -13.7376 -13.6717
 -10.7403 -11.2316 -10.1578 -10.8974 -9.09825 -7.86083 -7.88781 -6.91984 -8.5701 -6.16142 -4.84812 -4.71621 -5.83087 -4.33078 -5.65995 -5.62688 -4.60457 -6.50218 -8.81676 -7.79984 -7.55749 -4.70731 -3.92905 -4.43819 -4.90912 -2.80716 -2.06903 -2.75459 -5.0099 -8.72445 -8.95967 -9.60575 -12.7126 -10.9815 -10.1523 -10.0975 -12.7078 -12.4223 -13.5639 -13.5859 -13.4889 -12.6954 -14.0467 -13.9698 -12.2781 -10.5702 -11.0649 -11.8378 -10.6636 -10.7177 -11.7091 -10.7919 -10.8032 -12.4273 -11.8838 -14.1655 -14.0402 -14.7746 -14.4137 -14.4772 -15.2411 -14.7915 -14.9043 -16.1933 -15.7641 -16.2122 -14.4157 -13.6842 -11.8795 -11.1753 -10.6722 -11.1917 -11.3694 -9.73125 -11.3507 -10.2666 -9.49092 -8.57099 -10.096 -11.6518 -9.39004 -9.88662 -8.45843 -7.91014 -8.50655 -9.07664 -9.84266 -9.32935 -11.5595 -11.9894 -12.4998 -13.6601 -15.2186 -13.8512 -14.3616 -11.4504 -11.3154 -11.2393 -12.3875 -13.4512 -13.4242 -12.7017 -12.3592 -12.3888 -12.2604 -13.2354 -13.7376 -13.7376
 -12.1691 -10.772 -11.2316 -10.6569 -8.46198 -8.36106 -8.4579 -8.43011 -8.48163 -7.29792 -6.49328 -5.62482 -5.4385 -4.97749 -4.38703 -5.70679 -5.1658 -6.47908 -7.08766 -6.92105 -4.78488 -5.50574 -5.02799 -3.22909 -3.98325 -1.85651 -2.36156 -2.00282 -4.34025 -6.92554 -8.95967 -8.95967 -11.1438 -10.5585 -10.1523 -10.3507 -11.8995 -12.4223 -14.0138 -13.6359 -13.0505 -14.0608 -12.3248 -11.7949 -11.0953 -9.98306 -10.8795 -9.8022 -9.36153 -10.608 -11.275 -10.8674 -11.7327 -11.9343 -11.5518 -13.0707 -14.0143 -14.974 -14.4137 -14.4137 -15.4794 -15.0298 -14.9043 -15.1693 -15.1882 -14.6231 -13.8947 -14.395 -13.945 -12.3774 -13.3702 -13.2374 -12.6356 -12.3749 -12.3257 -10.6896 -10.1073 -8.42515 -10.0925 -10.8237 -8.17631 -8.74089 -8.18554 -7.88326 -8.33321 -8.48578 -8.56946 -9.22811 -11.55 -11.9659 -12.4516 -14.4641 -15.2186 -12.832 -13.2606 -12.7495 -11.7254 -11.0657 -11.0657 -11.7538 -12.3432 -12.3432 -11.2957 -12.3722 -11.7831 -13.2354 -13.7376 -13.2431
