# name: MAT
# type: matrix
# rows: 56
# columns: 76
 -10.4999 -10.5844 -9.54832 -11.1606 -9.97351 -10.0578 -9.92789 -7.95741 -7.75112 -7.46051 -8.94019 -8.00764 -9.99287 -10.5475 -9.60071 -13.0655 -12.1779 -11.9349 -10.6962 -8.61724 -10.0472 -7.74941 -8.13639 -8.46084 -9.62818 -9.89818 -10.6268 -9.40514 -8.76065 -8.71525 -9.79801 -8.57406 -6.07298 -4.92682 -4.41747 -4.03026 -6.13659 -6.18866 -6.63873 -7.19302 -5.95315 -6.42347 -5.67001 -5.09687 -6.05108 -5.60668 -6.7556 -5.552 -5.85357 -8.63666 -9.41399 -9.09831 -9.4017 -7.60125 -7.22159 -8.83169 -8.82159 -7.04307 -6.97665 -4.76895 -3.72831 -3.83167 -3.77479 -3.77479 -5.31516 -4.43356 -0.576325 -2.09752 -2.94185 -4.99783 -4.30095 -2.5364 -2.43887 -1.83876 -1.08769 -1.03731
 -11.9591 -8.84463 -8.01756 -11.1685 -9.89239 -10.528 -10.528 -7.95741 -8.20071 -8.09427 -10.491 -11.2552 -12.0933 -9.9327 -9.2176 -11.4091 -11.5221 -10.4283 -8.08334 -8.76341 -7.14701 -5.18765 -6.09373 -6.92095 -6.93089 -9.88701 -8.0611 -8.46923 -8.38327 -9.14636 -8.02714 -8.07454 -8.53284 -5.31319 -5.99066 -5.56314 -7.45474 -8.10718 -9.04485 -7.45005 -4.79407 -4.58954 -5.12208 -7.86524 -7.34145 -6.95043 -6.63947 -7.20699 -7.45361 -9.7454 -8.88011 -8.97664 -9.28306 -10.3199 -11.4442 -11.4112 -9.54281 -7.5179 -8.30282 -6.23309 -6.31654 -5.69816 -5.10175 -5.67484 -4.00222 -2.65651 -2.43215 -2.73244 -1.66594 -3.19954 -2.66041 -0.425712 -1.48236 -2.38085 -2.84738 -3.31491
 -13.396 -8.49424 -10.0423 -11.7848 -10.5571 -9.83199 -12.3811 -11.8644 -9.75152 -11.0674 -11.1951 -12.2037 -11.9206 -10.3267 -10.0238 -10.9441 -9.59877 -4.70788 -4.76293 -6.78889 -6.21433 -5.81473 -6.10443 -5.88671 -6.41721 -7.47574 -7.11754 -7.0856 -8.37725 -9.56405 -9.33912 -8.72275 -8.03824 -7.45479 -7.45257 -6.11319 -7.12646 -7.64835 -5.57959 -5.91335 -3.34336 -4.8241 -5.65705 -7.61024 -7.92724 -8.61594 -7.04789 -7.20936 -8.57495 -10.5607 -11.0392 -9.60087 -10.8365 -12.6607 -11.2786 -10.8637 -9.54281 -8.44919 -8.11592 -7.45193 -7.48183 -6.01906 -5.22528 -5.36343 -3.2623 -4.25547 -2.41876 -1.81267 -1.83318 -1.39537 -0.939715 -1.05771 -2.04748 -3.05503 -4.45129 -3.89052
 -12.3678 -11.7995 -11.0618 -12.9055 -11.7109 -11.4483 -11.4483 -11.8644 -10.5758 -10.4336 -12.0232 -12.6603 -12.3568 -11.1492 -9.98685 -9.33828 -9.40391 -4.46276 -5.66742 -5.35723 -4.59171 -5.80079 -5.22538 -4.63969 -5.59602 -6.50522 -7.53519 -7.53519 -8.61452 -9.51044 -8.89406 -7.36674 -7.30591 -7.16666 -7.38849 -8.044 -8.84633 -9.69908 -8.22122 -8.15787 -5.56733 -6.9898 -7.79749 -10.7607 -10.214 -9.22905 -8.46147 -8.11672 -9.63781 -11.1513 -11.5611 -10.0697 -10.032 -11.6138 -11.0153 -10.4152 -9.58984 -11.1151 -9.59712 -7.26017 -6.97415 -4.76792 -4.96778 -3.75017 -3.94889 -3.53746 -2.29544 -1.71852 -1.77668 -1.54128 -0.762704 -1.43631 -0.987981 -4.38804 -5.49308 -3.42616
 -12.98 -13.4145 -12.6767 -13.6553 -12.3 -11.9486 -9.7834 -10.47 -10.5099 -11.2085 -12.0232 -12.6603 -12.2392 -11.5988 -11.5992 -8.60517 -8.08861 -6.10587 -4.99655 -6.52086 -5.68546 -3.40155 -4.30076 -3.75339 -5.57028 -7.2723 -7.73015 -7.04388 -6.92178 -9.51044 -8.89406 -8.36221 -6.04072 -6.77186 -8.11768 -10.1432 -11.241 -10.7397 -11.2557 -9.78931 -8.12473 -6.08237 -8.76391 -9.20012 -9.96004 -8.71364 -8.97566 -10.5811 -10.5772 -12.0579 -11.9467 -10.8776 -8.80954 -9.58101 -10.9257 -11.0711 -9.69673 -10.2896 -7.97498 -7.75184 -5.94373 -4.84964 -4.73391 -3.51474 -4.09617 -5.02504 -4.01174 -2.35223 -1.71818 -2.81858 -1.06727 -0.633923 -2.48401 -4.55565 -4.6249 -4.07296
 -13.1134 -12.4764 -11.6973 -13.3601 -13.4794 -11.4036 -10.0266 -9.58902 -9.7731 -11.4261 -12.8388 -13.4759 -11.8501 -11.5988 -11.1503 -8.15627 -7.73888 -4.77212 -6.5861 -5.65574 -4.06277 -2.89079 -3.09323 -3.86099 -4.58008 -5.80347 -7.25895 -6.64233 -7.41309 -8.33872 -8.33872 -7.91263 -8.98925 -7.66049 -9.76149 -12.1998 -11.8218 -11.386 -11.177 -11.177 -9.22246 -9.20557 -8.20808 -11.067 -9.68555 -10.2861 -10.9126 -11.4222 -12.4185 -11.9914 -12.0025 -9.66462 -9.29844 -9.98794 -10.6661 -9.15965 -8.63443 -8.81481 -9.18466 -7.97749 -5.73675 -6.2535 -4.54562 -2.55843 -2.50432 -4.6001 -3.51412 -2.94885 -1.41877 -0.624112 -2.77958 -2.21855 -1.70563 -3.59741 -3.94839 -4.66464
 -13.2131 -11.5093 -10.7773 -11.4112 -12.2424 -11.7935 -10.0266 -9.23083 -10.2895 -10.7178 -10.9137 -11.3314 -12.2851 -12.2851 -11.59 -9.29106 -7.87777 -5.99397 -6.18377 -4.57372 -3.16149 -4.15554 -3.11906 -5.52063 -6.29478 -6.29478 -7.06542 -7.62816 -7.14029 -6.70874 -7.92037 -7.64397 -8.16869 -7.52603 -9.79874 -9.46139 -10.893 -10.9789 -12.796 -12.1297 -11.192 -8.21088 -8.36063 -7.86895 -8.28514 -10.2786 -10.2847 -10.8875 -9.52945 -8.74588 -9.53115 -10.6374 -9.9507 -9.70654 -8.54004 -8.13925 -8.65651 -7.87364 -8.22386 -7.36631 -4.63438 -4.62082 -2.70685 -2.19563 -1.67907 -2.56723 -3.08887 -2.46034 -1.89022 -1.37414 -2.37937 -1.88279 -0.863743 -2.74518 -3.78329 -2.46907
 -12.1785 -12.9714 -14.1593 -12.4224 -11.8099 -12.242 -12.3114 -11.0184 -9.15104 -9.62317 -9.40627 -11.8778 -11.648 -11.59 -11.59 -9.20761 -8.85096 -6.19636 -5.86545 -6.40608 -5.43222 -4.06769 -4.06769 -5.85998 -8.66205 -6.09761 -8.25395 -9.50941 -9.45566 -9.07577 -8.3478 -7.94708 -7.89178 -7.33437 -6.1371 -8.44954 -9.31182 -9.71768 -11.4085 -13.376 -11.2469 -6.74094 -8.07617 -6.69834 -8.8289 -9.10854 -8.69191 -10.3387 -7.57544 -8.59274 -8.16282 -9.10647 -8.70095 -7.89508 -8.68103 -6.92985 -6.61835 -7.52114 -8.58622 -7.33493 -7.48303 -6.32349 -4.55572 -3.28408 -4.15037 -4.56429 -3.52851 -1.89022 -1.80837 -0.657602 -1.12013 -1.2996 -0.811141 -1.32041 -1.97778 -2.14381
 -13.5483 -14.7117 -14.7117 -12.4101 -12.2085 -12.6787 -11.6976 -9.46933 -8.43262 -8.2432 -7.8466 -10.9509 -10.7366 -11.1543 -10.5542 -9.85008 -9.47231 -5.28106 -5.76391 -6.41533 -6.26464 -5.76843 -3.21408 -4.7288 -6.79713 -6.58672 -9.06955 -9.92952 -9.60188 -11.2294 -11.7892 -9.80788 -7.03757 -5.69858 -6.19326 -5.822 -7.44076 -10.0461 -9.70918 -8.59007 -7.88657 -6.66468 -5.22645 -5.90765 -5.45103 -8.23774 -9.30592 -8.26285 -8.30364 -9.09517 -10.0332 -9.92208 -8.06376 -7.63578 -6.07545 -5.55365 -5.82758 -8.13387 -8.89312 -10.6267 -9.36299 -7.63158 -5.58102 -4.51605 -4.42721 -4.40746 -4.54271 -0.713732 -0.571198 0.579566 -0.911828 -1.9158 -1.15538 -0.371992 0.816112 -2.37374
 -14.4225 -13.1394 -13.5772 -11.8095 -11.1758 -11.1758 -10.6391 -8.75229 -9.43901 -5.78973 -8.46462 -9.07673 -12.0616 -10.4641 -11.1012 -9.72681 -8.83365 -6.54029 -5.83182 -6.52024 -4.47203 -4.7021 -4.89553 -7.00554 -6.59168 -5.92647 -7.62912 -8.13223 -10.1782 -11.7907 -11.9809 -12.4253 -9.77731 -7.60444 -5.95796 -7.19798 -6.96428 -7.87873 -8.79717 -8.74471 -8.25235 -8.16234 -5.29062 -3.42782 -3.03127 -2.01159 -4.42946 -5.80042 -7.37658 -8.40777 -8.40777 -7.77294 -8.15175 -7.05304 -6.88221 -7.273 -7.87617 -9.2113 -8.77579 -10.6267 -8.25037 -7.76251 -6.95286 -6.51984 -5.57097 -3.76268 -1.93961 -0.871432 0.142812 0.164377 0.206775 -1.72318 -2.37077 0.190292 0.256939 -2.37374
 -12.6283 -13.0662 -11.4538 -11.2985 -11.2985 -10.2269 -9.60118 -10.9875 -8.90331 -7.92255 -8.9768 -8.38714 -10.9316 -10.4641 -10.1682 -9.91132 -9.44755 -7.24066 -6.80937 -6.66811 -4.18077 -5.38398 -6.607 -6.38917 -7.33899 -7.54954 -7.25427 -8.37341 -8.617 -9.60155 -10.5615 -9.12613 -8.74008 -9.43605 -8.06712 -7.71099 -7.744 -7.30529 -6.36049 -7.59015 -6.46408 -5.96017 -6.1764 -2.03439 -1.99665 -1.65089 -2.57752 -4.03617 -4.55867 -6.08275 -5.78163 -7.75096 -9.05225 -8.04924 -7.38064 -8.40964 -9.21036 -9.72644 -9.33037 -9.13884 -7.84429 -9.19772 -6.51328 -5.99235 -2.62798 -2.35188 -1.7973 -2.52879 -1.46537 -0.403969 0.169536 -1.78317 -1.10219 -1.5849 -1.26119 -1.26119
