# name: MAT
# type: matrix
# rows: 104
# columns: 105
 -8.93038 -8.47878 -9.27997 -10.2204 -10.4969 -11.5149 -8.99593 -8.11677 -7.5004 -4.39468 -5.17394 -4.16735 -3.05434 -4.05872 -5.24593 -3.46025 -3.45483 -2.06913 -2.46741 -2.73109 -3.97566 -3.96787 -5.42637 -5.0632 -5.68728 -5.52224 -4.44283 -7.74809 -8.55808 -8.75972 -7.73429 -8.81948 -8.85977 -7.92125 -8.162 -8.8264 -10.5363 -10.9227 -12.6268 -14.7166 -13.7878 -13.2199 -13.69 -14.1407 -13.4887 -13.1362 -11.701 -10.3016 -8.96566 -9.61109 -9.00732 -8.91395 -9.34321 -9.19572 -11.7475 -10.8019 -11.4253 -12.312 -11.0904 -9.98859 -11.2298 -11.6 -11.7896 -9.25252 -9.69231 -9.13078 -8.45944 -6.20867 -6.08688 -6.09961 -5.76343 -6.01744 -3.45971 -2.42592 -0.981747 -0.665182 -2.15099 -3.08244 -2.78146 -3.53735 -4.27936 -7.44454 -6.61051 -8.94811 -10.7668 -12.058 -11.5548 -11.9804 -14.2675 -11.8045 -14.2944 -13.5319 -14.2181 -11.9047 -11.239 -12.0612 -10.2133 -10.7946 -7.66587 -8.53942 -8.63923 -7.38302 -9.9519 -9.55447 -10.6886
 -7.14818 -7.1458 -8.21163 -8.10319 -9.44633 -9.79136 -8.74898 -6.40379 -7.06108 -5.66071 -6.15904 -5.99235 -3.79397 -4.17315 -4.73661 -3.46025 -3.37314 -1.70758 -2.95179 -4.55585 -3.9398 -4.10416 -4.3232 -6.07693 -4.96252 -4.29677 -5.48925 -7.18603 -5.47687 -6.26572 -8.07262 -10.1923 -9.09127 -7.70932 -7.74294 -8.11558 -7.4433 -9.54813 -10.4857 -11.7668 -12.2212 -12.1547 -14.2788 -15.2901 -13.9563 -13.0303 -12.4591 -11.699 -9.72632 -10.9616 -8.47762 -9.07157 -10.1858 -11.7601 -12.301 -10.4479 -10.5565 -11.4649 -11.5197 -11.0633 -10.5333 -12.1037 -12.0803 -11.1991 -8.84614 -8.89131 -6.48571 -4.71541 -5.14944 -5.13382 -4.70421 -5.86294 -4.2896 -1.85085 -1.08015 -1.94238 -1.51393 -3.15033 -2.2704 -4.98083 -4.24208 -8.58832 -9.35161 -9.36733 -11.5264 -12.8767 -12.2429 -10.8686 -14.492 -15.947 -12.5944 -13.044 -11.7554 -11.2304 -11.7857 -10.807 -10.8333 -11.7546 -10.66 -9.00491 -10.7784 -9.80187 -10.2218 -11.2408 -11.2676
 -5.83609 -6.01015 -7.09342 -6.7903 -8.64572 -9.86571 -9.64507 -8.76804 -8.98368 -5.62987 -4.70647 -4.73145 -5.86807 -6.47638 -4.85154 -3.16706 -1.0767 -1.76019 -0.810004 -3.58765 -2.85616 -2.55822 -2.11382 -5.57553 -5.05442 -5.48236 -6.21786 -7.29315 -7.17848 -5.88618 -5.83491 -8.12472 -8.66576 -8.20004 -7.20541 -8.74243 -7.92682 -10.1405 -9.99201 -10.8076 -11.0747 -12.7648 -11.8111 -14.3316 -12.4373 -11.9585 -12.1399 -9.96357 -10.8255 -10.0234 -9.18423 -9.75851 -9.75887 -11.3476 -9.70851 -9.89536 -10.3275 -11.5026 -10.5447 -8.9627 -10.4414 -12.4246 -13.3892 -11.73 -7.39186 -8.86393 -8.19226 -5.46872 -7.12282 -4.6855 -4.80996 -5.17801 -3.00973 -3.05238 -1.51781 -2.81658 -3.98178 -4.25177 -4.66578 -4.08762 -4.58148 -8.56789 -10.563 -10.0707 -12.3794 -13.2429 -13.899 -13.2889 -15.8448 -16.4262 -15.1443 -13.8443 -13.4212 -12.3067 -12.3067 -11.4034 -11.4034 -12.842 -11.1077 -12.6504 -11.3485 -10.1998 -11.9843 -12.1152 -13.1547
 -5.37173 -5.63758 -3.3296 -5.19149 -6.7575 -8.36139 -8.38207 -8.68392 -8.2277 -6.39523 -6.14848 -5.29529 -5.24881 -6.14314 -3.99251 -3.16532 -2.21269 -0.675914 -2.60591 -3.59202 -2.86053 -1.51457 -0.494507 -2.16244 -3.69538 -2.70897 -3.61242 -5.17425 -6.72957 -6.62417 -6.07771 -7.74697 -5.68864 -6.15529 -7.20541 -9.17314 -8.55528 -9.01715 -8.44952 -10.6426 -11.7805 -11.8001 -13.3447 -12.1242 -13.1998 -12.9041 -12.1399 -11.0018 -10.5731 -10.5402 -9.02965 -11.7899 -9.70123 -8.85619 -9.28545 -10.5819 -9.94818 -11.3323 -10.377 -8.9627 -10.206 -10.4336 -12.514 -12.0273 -9.73568 -9.44496 -9.20824 -8.09544 -7.06479 -5.86987 -6.08272 -7.03232 -5.58023 -4.06118 -3.26085 -3.81753 -3.2573 -4.86481 -4.8037 -5.53134 -6.92389 -7.74132 -9.31318 -12.2454 -12.4271 -13.3969 -14.3366 -13.6192 -15.2462 -18.5933 -14.9278 -14.2495 -14.6816 -12.2451 -11.5806 -11.9047 -11.2182 -12.6567 -13.0333 -13.9406 -12.6757 -10.9444 -12.1288 -11.1604 -12.3432
 -6.46502 -5.486 -4.52061 -5.05535 -7.23244 -5.79204 -7.56646 -7.61725 -6.08581 -8.10912 -6.32358 -6.32758 -6.41178 -6.6424 -5.09768 -2.50154 -1.67286 -4.52868 -5.44151 -4.26048 -4.92612 -1.89795 -1.89431 -2.44095 -3.69538 -4.04551 -4.23992 -4.05821 -4.56864 -4.44258 -6.74067 -5.39919 -5.68642 -4.5835 -6.87988 -8.46681 -8.8048 -7.68661 -6.77376 -7.94264 -10.7118 -10.985 -12.1068 -11.1356 -11.752 -11.2883 -11.6182 -10.9301 -11.0166 -10.6312 -10.3961 -10.1508 -9.70123 -9.70123 -10.1223 -10.2067 -10.185 -10.6881 -11.3051 -11.1107 -11.3808 -9.89618 -12.9866 -12.432 -10.8059 -9.71019 -10.5833 -9.98913 -8.28284 -8.83972 -7.88778 -6.36565 -7.68687 -5.60717 -4.36219 -4.33058 -4.26682 -4.9253 -5.81717 -5.21346 -5.09445 -5.78879 -9.69061 -11.6069 -13.2493 -13.4738 -13.2017 -12.7639 -13.5664 -16.0153 -14.4156 -13.9925 -15.1165 -13.346 -12.0617 -12.273 -14.7958 -15.306 -16.0685 -15.2746 -12.7824 -10.9974 -12.1818 -11.9632 -11.2306
 -5.86359 -6.71771 -5.53658 -4.62742 -5.5854 -5.59658 -6.3417 -6.53563 -8.67295 -8.03223 -8.54879 -8.29336 -6.71009 -6.81135 -5.49133 -3.7703 -2.01421 -3.78804 -5.25189 -2.91232 -3.0105 -1.89795 -1.60569 -2.34234 -2.97266 -3.98031 -3.04931 -3.3338 -2.86945 -5.54332 -5.54332 -3.87296 -5.46951 -6.35587 -5.45202 -7.3407 -7.83196 -8.37208 -7.89434 -8.99003 -9.76156 -10.8772 -9.82465 -9.99668 -10.3214 -11.6844 -11.2893 -10.9301 -11.5994 -9.94599 -10.89 -10.8289 -10.5544 -10.0967 -9.49991 -9.92917 -9.99119 -10.6163 -11.4797 -12.068 -13.8611 -12.3355 -13.3478 -14.1 -12.9115 -10.8506 -12.3447 -11.7814 -9.99918 -9.36083 -9.09074 -8.17604 -8.17604 -6.26106 -5.1872 -5.28093 -5.7618 -6.2571 -5.67799 -2.94663 -4.00382 -6.15619 -9.11395 -12.3064 -13.2623 -14.4916 -13.3043 -12.7639 -11.5872 -12.1321 -13.268 -14.4156 -11.7183 -12.6594 -11.9807 -14.2508 -18.2162 -17.6953 -15.3076 -14.0559 -13.1502 -10.2722 -12.5009 -11.9632 -12.8879
 -5.2309 -6.36899 -4.67129 -4.27879 -5.5854 -4.82232 -5.71339 -6.82919 -7.18011 -7.19117 -6.00947 -7.05732 -6.29494 -5.88459 -5.28984 -4.07774 -3.3924 -3.60646 -3.50503 -3.50503 -2.44925 -2.0282 -3.79534 -2.7722 -4.27957 -2.85843 -2.17881 -4.7607 -5.58193 -5.66291 -3.77509 -4.73944 -4.39456 -5.86135 -7.06342 -5.811 -5.79874 -9.04908 -7.90059 -7.44826 -9.07588 -9.4897 -9.43745 -9.03158 -9.25722 -10.4312 -11.2064 -11.4495 -11.2025 -10.1204 -12.6163 -12.1053 -12.5552 -11.91 -10.2622 -12.505 -11.3318 -11.0579 -11.264 -11.6182 -12.549 -13.8472 -13.7311 -14.7873 -14.1842 -13.5593 -13.588 -12.9486 -11.0926 -11.7494 -10.2942 -9.45394 -9.2825 -7.35638 -4.79544 -4.22952 -5.06703 -5.04539 -2.33924 -3.67796 -3.93658 -3.73025 -8.54075 -12.5847 -14.1763 -14.1763 -11.8538 -11.78 -11.2899 -11.4345 -12.1851 -13.7185 -12.0751 -11.5208 -13.8584 -15.6662 -16.9598 -16.2262 -15.4646 -14.9767 -12.6993 -10.7344 -12.3392 -13.2592 -14.6435
 -6.297 -4.99579 -5.33682 -4.70171 -6.06611 -4.31815 -5.78511 -4.57027 -4.11283 -4.42719 -2.59515 -3.87631 -4.83155 -2.39692 -3.77887 -4.77875 -4.24313 -2.4009 -1.60365 -3.63075 -4.21053 -2.55218 -3.81368 -3.87327 -4.9949 -5.61456 -5.67121 -6.95803 -5.93987 -5.0574 -5.56498 -4.43885 -5.91048 -5.63687 -4.55456 -5.45035 -7.08073 -7.77452 -7.61125 -9.83926 -10.4284 -9.13289 -10.284 -9.64505 -10.2098 -9.24 -10.7684 -9.59285 -10.0712 -10.1924 -12.4105 -12.1053 -12.547 -11.852 -10.3181 -10.4736 -9.31266 -10.9062 -14.275 -12.684 -13.5493 -13.5167 -15.4976 -16.0834 -13.9939 -14.5209 -12.4229 -10.4129 -9.46986 -7.96381 -9.18134 -10.0711 -10.5822 -10.4974 -7.4255 -5.90022 -4.04899 -5.09028 -4.74187 -3.84819 -5.51924 -6.10675 -9.41382 -13.0055 -13.9079 -13.401 -11.6269 -10.8202 -9.64353 -10.985 -10.6177 -9.98585 -11.1489 -12.4548 -13.6669 -16.2255 -16.177 -16.7839 -16.1226 -14.6284 -13.1626 -12.7293 -12.9046 -14.9192 -13.3733
