# name: MAT
# type: matrix
# rows: 84
# columns: 120
 -7.94297 -7.36988 -6.71847 -7.06297 -8.19993 -7.26787 -6.46474 -7.41306 -7.67919 -8.11607 -6.36164 -6.611 -7.06142 -7.39931 -7.01899 -6.35723 -6.37163 -6.98801 -7.62137 -8.25845 -7.51883 -8.39791 -6.75506 -8.5892 -8.41571 -6.39123 -4.25053 -1.69973 -1.42421 -4.34018 -3.0034 -5.8493 -5.42136 -2.34592 -2.58317 -3.3362 -1.9723 -3.81475 -6.79434 -6.09682 -7.52728 -10.019 -10.1594 -11.9133 -13.1168 -12.1069 -11.4707 -10.8543 -11.2114 -10.8888 -9.55156 -8.57552 -8.73798 -11.6357 -13.4474 -13.9118 -12.8233 -14.4763 -13.4183 -15.4183 -14.9 -14.9 -13.8886 -14.7309 -15.576 -16.0809 -15.7073 -15.8304 -13.7806 -13.3855 -12.3696 -10.2758 -11.0645 -12.2273 -12.6631 -12.6758 -12.6935 -12.766 -12.766 -12.9181 -12.7423 -13.6041 -12.9999 -12.4804 -13.0968 -10.8831 -13.0129 -11.6649 -10.7132 -10.3122 -9.98811 -11.5349 -12.1205 -13.4648 -13.2717 -13.5585 -12.8475 -15.5351 -14.3483 -14.4311 -12.4255 -12.8413 -11.182 -11.2724 -9.3178 -9.67498 -9.95424 -9.91453 -9.47873 -8.02357 -8.59665 -10.6804 -10.2161 -12.3281 -14.8513 -14.8513 -12.5511 -11.4333 -12.5747 -13.5922
 -6.62136 -6.51847 -6.08921 -6.41372 -5.74095 -5.2766 -6.0822 -6.0822 -6.35662 -6.79446 -5.6847 -4.66489 -4.8081 -6.0777 -4.74822 -4.99553 -5.38595 -4.84158 -5.10038 -7.51883 -7.03958 -5.74275 -7.17587 -7.18094 -7.61588 -7.38433 -1.84305 0.416496 -2.68986 -3.76656 -4.23676 -4.75018 -2.88686 -1.67475 -0.512767 1.07723 -0.53709 -2.28317 -5.29955 -4.77907 -8.11646 -9.96209 -9.55574 -10.9078 -12.7574 -12.2478 -11.6438 -10.7646 -11.8037 -11.5016 -10.497 -10.3473 -10.3907 -12.4041 -13.2693 -13.8856 -13.1426 -13.9562 -13.5407 -16.0266 -16.5211 -15.0871 -14.399 -15.3199 -16.0552 -15.0059 -15.7073 -14.2181 -14.7218 -12.5511 -10.3461 -9.23315 -11.0472 -11.7307 -11.0846 -12.2577 -11.7338 -12.766 -13.8781 -14.3726 -13.3022 -14.2042 -13.0889 -13.0399 -11.9646 -12.4893 -12.5013 -9.30285 -10.5146 -8.29031 -7.32002 -9.28374 -11.7685 -13.528 -11.1983 -12.3424 -15.1429 -16.0184 -15.0434 -13.785 -12.1199 -13.3324 -12.2449 -9.87198 -9.97924 -8.78352 -9.71861 -10.7831 -10.5908 -10.9633 -10.8726 -12.1569 -13.6447 -13.8492 -14.3392 -13.8045 -12.0915 -12.0915 -12.9636 -12.163
 -7.30946 -7.77967 -7.64076 -6.91395 -6.41263 -7.5694 -7.30921 -6.63754 -7.16242 -5.32207 -5.70902 -5.23798 -5.71535 -5.43212 -5.46285 -4.088 -4.21706 -3.48558 -5.08549 -6.83909 -6.31437 -5.42485 -5.48319 -5.22142 -4.12532 -2.83167 -1.84148 0.298507 -2.81572 -5.45502 -4.29128 -2.61326 -2.76565 -1.57174 0.192908 0.71384 -0.470713 -1.6702 -5.0831 -5.26818 -7.56685 -9.09697 -9.55574 -11.2953 -11.2953 -11.8557 -11.7396 -10.5366 -12.2526 -11.5517 -10.9642 -12.0435 -10.2676 -12.1175 -13.8856 -14.4096 -15.1501 -15.5859 -13.8771 -14.4143 -16.0266 -16.97 -14.5984 -15.3464 -16.4601 -16.4601 -14.6353 -14.6974 -15.2011 -10.6913 -10.2962 -10.1078 -11.9483 -12.5557 -12.0991 -13.0962 -13.2048 -11.0085 -11.9289 -12.2697 -10.7898 -10.7035 -12.5097 -12.0304 -11.4643 -10.6133 -11.8526 -11.3648 -8.78108 -6.89083 -8.81116 -10.2489 -12.0964 -12.5343 -10.653 -12.2971 -12.7873 -14.8923 -15.017 -12.7523 -10.7334 -10.9338 -10.8694 -10.0746 -7.91804 -6.69205 -8.9999 -8.57701 -8.29155 -9.24225 -10.2499 -12.3415 -12.7911 -13.5695 -13.8046 -12.3832 -12.9071 -11.5184 -11.9887 -12.5428
 -9.24346 -9.78764 -9.30287 -8.62859 -8.05847 -8.15858 -8.36275 -8.5657 -7.03472 -7.40938 -5.62085 -5.62085 -5.32902 -5.36016 -5.65792 -4.13722 -3.38904 -5.32256 -4.25962 -5.41682 -5.91898 -4.78927 -5.43937 -5.81783 -3.63451 -0.618079 -2.34602 -2.22651 -1.71023 -1.72974 -1.94216 -2.88105 -3.77636 0.285177 0.734086 1.57913 -3.31182 -1.74587 -3.52041 -8.36099 -7.56144 -8.20403 -9.55574 -11.2953 -10.3479 -10.2869 -10.7133 -11.8735 -12.6501 -11.9766 -11.0897 -11.5843 -10.3699 -12.1959 -14.9046 -15.4286 -14.9217 -14.3631 -12.6543 -12.9923 -13.5587 -15.4687 -14.9431 -16.5196 -15.3494 -14.9243 -14.1454 -14.1996 -12.0062 -10.6173 -9.2709 -9.15585 -11.4243 -12.0817 -13.5928 -11.7746 -11.8324 -9.77126 -10.8287 -10.6302 -9.61541 -9.93265 -11.2705 -10.0493 -11.3506 -9.96452 -10.6887 -8.67004 -8.19326 -6.63095 -8.71992 -9.8004 -11.6172 -11.5183 -10.7455 -11.3839 -11.8123 -14.8923 -14.3369 -11.7187 -9.39386 -9.97403 -8.79456 -10.7713 -8.01559 -8.76715 -8.10126 -8.86513 -6.96366 -8.39361 -8.6761 -9.27245 -11.207 -11.9621 -10.9058 -10.6356 -10.7271 -11.4371 -11.9073 -11.6536
 -10.6623 -10.233 -10.1775 -10.6777 -9.30178 -8.73167 -9.94142 -9.64125 -7.60781 -6.57249 -6.68902 -6.24062 -6.67642 -7.09911 -7.21361 -5.84406 -4.68053 -5.11263 -7.08604 -5.84712 -5.50293 -3.97838 -4.0171 -5.28606 -2.41209 0.644436 -3.4142 -2.17189 -2.13982 -0.505711 0.437941 -2.4773 -3.78995 -2.76215 -0.973674 -0.527739 -2.23373 -2.68264 -4.6538 -7.98278 -7.68233 -7.72822 -8.01262 -9.80184 -10.1963 -10.1963 -11.6486 -11.715 -11.8373 -12.2798 -11.0824 -11.1951 -11.0453 -11.2556 -12.0852 -13.7568 -15.2361 -14.733 -14.3173 -15.7816 -14.4844 -13.6923 -12.7401 -13.5388 -12.4721 -13.6027 -14.3776 -13.928 -12.6761 -10.2596 -10.7361 -9.984 -12.576 -11.4239 -12.8676 -11.4456 -9.03977 -9.63989 -8.47048 -10.1265 -9.61541 -10.0216 -9.56857 -11.657 -10.266 -9.46911 -9.19759 -8.05366 -8.09194 -6.04178 -8.1013 -9.47311 -9.85297 -6.89549 -7.98692 -9.10267 -8.61631 -8.78153 -8.4246 -8.96752 -8.32855 -6.77036 -7.76107 -8.49543 -5.62616 -6.34851 -7.9548 -8.26872 -6.96729 -7.80973 -6.57241 -6.04769 -10.367 -10.2852 -8.22266 -8.95871 -8.86341 -8.81626 -8.78855 -9.68329
 -11.9297 -11.8453 -12.4617 -11.1888 -10.6875 -10.6119 -10.3129 -10.3129 -7.28198 -7.06907 -6.51373 -6.24062 -7.2004 -7.96423 -8.3066 -5.82529 -5.19004 -4.32659 -7.69982 -9.95461 -7.08775 -3.99703 -3.94003 -3.43923 -2.90692 -0.597921 -1.6937 -1.3514 1.41382 0.741937 2.05412 -0.366879 -0.756659 -0.607017 -1.08793 -1.96661 -2.54663 -4.10186 -4.6538 -5.24273 -6.45481 -7.20062 -8.9263 -9.72831 -11.2199 -11.6682 -12.1719 -11.1061 -10.8712 -10.6554 -10.8241 -11.5491 -10.1801 -12.1207 -12.053 -13.5415 -13.9323 -13.242 -13.2325 -14.3959 -13.9364 -13.3925 -13.887 -13.6512 -13.3372 -12.7244 -14.5112 -13.9237 -11.4433 -9.60267 -8.75763 -9.09348 -10.2529 -11.4156 -10.7379 -8.95879 -8.90018 -8.08187 -7.35743 -6.90978 -9.09027 -9.45622 -9.13417 -7.91279 -6.70069 -6.87219 -6.80003 -6.35112 -5.8902 -6.37814 -6.94055 -7.91146 -7.64292 -7.06983 -6.80408 -6.80408 -8.6791 -8.25514 -7.49127 -7.56984 -6.26914 -6.26979 -6.14358 -4.58657 -6.42581 -4.63744 -6.50099 -7.17798 -6.88046 -7.24365 -6.47978 -6.9835 -7.43309 -8.96362 -7.59767 -8.27336 -8.86087 -8.43583 -7.78917 -8.6506
 -11.5527 -12.6135 -13.1166 -13.2956 -12.7943 -9.65984 -10.2961 -9.24764 -7.32965 -6.57588 -5.91161 -7.60957 -7.9305 -8.47529 -5.0757 -5.91258 -5.29703 -7.43544 -7.86754 -7.11794 -5.6255 -3.4874 -3.99311 -2.53683 -3.53168 0.105059 -1.74181 -1.22544 -0.130436 -0.205638 -0.296157 -0.130804 2.77569 1.20114 -0.693621 -0.844378 -3.06204 -4.6538 -4.6538 -4.17455 -6.26694 -6.41682 -5.95924 -6.82569 -8.75139 -11.2806 -12.8756 -11.8236 -12.3202 -13.6231 -12.2995 -11.1692 -11.7318 -11.942 -13.9397 -11.3912 -13.1264 -12.503 -13.2325 -12.8045 -14.3959 -12.8815 -15.4994 -14.1895 -14.9322 -13.7745 -13.7745 -13.3279 -11.8385 -10.5871 -9.59006 -9.59006 -9.67434 -9.58554 -8.52095 -8.02964 -7.97961 -6.9611 -6.36241 -6.40669 -7.46921 -9.13501 -9.13417 -7.91279 -6.10057 -6.30855 -6.30855 -4.74968 -3.83063 -4.23234 -4.46018 -4.84892 -6.05139 -5.71678 -4.5984 -5.51382 -7.32605 -8.16294 -6.40034 -6.49418 -5.1526 -3.54027 -3.32027 -5.1765 -6.93261 -5.57862 -6.74014 -6.24883 -7.39332 -7.24365 -6.57871 -7.4156 -6.92203 -6.48419 -5.5243 -6.72467 -7.75166 -7.304 -7.7361 -9.18129
