# name: MAT
# type: matrix
# rows: 56
# columns: 164
 -6.79036 -3.87834 -2.5393 -3.44617 -3.12286 -3.18841 -5.015 -6.19359 -6.13705 -5.34443 -2.75845 -5.17614 -3.63743 -5.47499 -6.36668 -4.39768 -2.12825 -3.50667 -6.85868 -7.39482 -6.69821 -6.80527 -6.90679 -6.6975 -7.18602 -5.20617 -6.09268 -5.71169 -6.52535 -5.41073 -7.49754 -6.91087 -8.45985 -7.24926 -7.46777 -7.06474 -7.98833 -9.75591 -6.48587 -7.5897 -7.23539 -8.69106 -8.96922 -8.26038 -11.0179 -5.98467 -3.56291 -3.60491 -2.49263 -2.60642 -2.68388 -5.70149 -5.70243 -6.899 -6.35204 -5.36497 -3.42891 -3.60664 -4.64187 -7.38271 -7.46885 -5.20836 -6.81308 -8.79925 -7.17279 -5.57251 -5.57564 -7.51108 -6.97781 -5.75186 -5.80332 -6.47937 -7.21263 -8.24616 -8.75722 -7.98079 -8.8012 -7.51146 -7.08102 -6.57731 -6.84433 -6.93186 -6.37603 -7.01667 -6.38826 -5.71777 -7.49729 -8.17887 -7.54421 -6.63158 -6.55377 -6.34138 -7.65783 -8.5964 -7.80504 -8.99344 -8.6846 -9.45205 -8.02747 -7.70624 -7.82136 -8.06554 -6.75914 -6.17439 -5.67068 -5.29754 -3.75851 -3.59035 -5.83941 -6.4027 -6.72416 -6.73074 -8.36833 -9.0074 -9.45421 -7.83327 -6.75999 -9.4264 -9.61198 -9.49872 -9.49872 -8.65919 -8.65919 -7.69909 -9.51334 -10.6663 -12.0164 -11.3213 -11.4017 -13.632 -12.2887 -11.2437 -9.63046 -8.89223 -7.56337 -8.07315 -7.81577 -7.3895 -7.76726 -6.32889 -8.92439 -7.67048 -7.93026 -9.04585 -9.01216 -9.52758 -10.2149 -11.534 -12.724 -13.1839 -12.5185 -10.6939 -7.03243 -7.34067 -6.51472 -5.12231 -5.21396 -3.99414 -6.1844 -7.91616 -6.23404 -7.59373 -8.20964 -6.93153
 -5.22945 -5.10426 -4.24643 -6.31692 -5.1637 -5.62337 -8.10227 -8.45461 -7.84903 -7.79445 -6.70548 -6.92204 -5.47686 -6.41429 -7.47667 -3.88157 -2.73903 -5.12869 -6.39707 -8.07595 -7.71285 -6.75395 -4.96994 -6.52583 -7.15249 -4.8741 -5.41106 -5.83833 -7.04847 -5.47054 -7.60866 -7.00034 -6.75614 -7.71451 -7.70533 -8.39387 -8.96415 -10.3608 -8.14497 -7.4511 -8.59014 -8.105 -8.0682 -8.61238 -8.40508 -7.0531 -2.88441 -3.01878 -1.90298 -4.04532 -2.64126 -3.63513 -6.4 -6.46406 -6.54231 -3.3806 -1.93083 -3.82887 -4.0945 -6.3351 -7.90097 -5.70288 -7.77218 -7.49571 -5.74209 -4.56826 -7.50975 -7.59793 -8.95393 -7.61943 -6.27746 -9.04739 -8.89448 -9.25854 -9.76311 -7.08598 -8.29809 -7.7542 -7.08102 -6.57731 -5.53202 -8.08314 -8.84701 -7.86685 -6.63331 -6.65847 -6.42912 -5.57982 -7.03524 -6.1076 -5.44196 -7.73321 -7.68586 -8.33141 -8.27531 -8.3804 -10.4051 -9.88666 -7.96185 -8.50727 -5.91188 -7.69954 -6.98564 -6.5077 -4.8404 -4.71089 -3.77197 -3.6038 -5.35154 -5.3403 -8.12365 -6.53917 -7.40262 -8.73042 -8.40372 -7.324 -8.4079 -10.7432 -11.3433 -10.432 -9.81561 -9.79856 -10.382 -6.78641 -8.76153 -7.11631 -9.19301 -9.95621 -12.0113 -12.8054 -12.3017 -10.2964 -9.93378 -10.2245 -7.7624 -6.88697 -7.92142 -7.40475 -7.91244 -7.91918 -7.7489 -7.7489 -8.51276 -9.8999 -9.18215 -9.26323 -9.68532 -11.3364 -12.678 -13.3135 -12.7926 -8.4538 -8.4538 -7.13813 -6.99813 -5.59614 -4.17529 -3.10854 -5.68217 -6.94958 -7.39833 -8.5317 -10.7546 -8.0497
 -8.24199 -8.65689 -7.1616 -6.84869 -6.74809 -6.23281 -6.95368 -6.96208 -8.13887 -9.37812 -7.15381 -7.50075 -7.21429 -6.82758 -6.25129 -5.77669 -6.22815 -4.60074 -5.93473 -7.63666 -8.19209 -7.18191 -6.36988 -6.42016 -6.42159 -5.91331 -6.35438 -6.95752 -6.44465 -6.64436 -8.65915 -8.69385 -7.99074 -6.32111 -6.75458 -6.98184 -8.83042 -9.77328 -10.9013 -8.35075 -7.33176 -8.91092 -8.7266 -7.13655 -7.97627 -8.0398 -4.95395 -1.90321 -2.41263 -2.78636 -2.77309 -3.91094 -3.58831 -5.78852 -6.41981 -3.82504 -2.73553 -3.41281 -4.40663 -6.5425 -7.06648 -4.96163 -7.34216 -8.27843 -7.27517 -5.08368 -7.97411 -8.7287 -10.713 -7.62484 -8.95848 -10.2965 -10.399 -9.69999 -9.75842 -8.61346 -8.70308 -9.35097 -8.70489 -7.85248 -6.2638 -6.44761 -7.23173 -7.3421 -7.64534 -6.23056 -5.85332 -3.35488 -4.43046 -5.6645 -7.14812 -6.24397 -7.68558 -8.40463 -8.72786 -9.74882 -11.1275 -10.3817 -10.093 -7.72575 -7.29257 -7.31326 -6.78298 -5.84858 -5.24847 -3.59393 -3.17098 -3.07912 -3.59578 -4.14626 -9.17949 -8.37434 -7.11729 -8.54377 -8.32274 -9.0694 -8.34547 -10.0697 -9.59049 -9.96091 -9.74391 -10.2877 -8.4431 -8.4431 -6.86291 -7.02327 -9.06466 -9.45101 -10.678 -11.3941 -12.6006 -11.5764 -9.27703 -9.71487 -7.7624 -6.81581 -7.33391 -7.3258 -7.61768 -6.85429 -8.35236 -8.25852 -10.9351 -8.96898 -9.82619 -9.6931 -8.97488 -8.97488 -12.6972 -12.6972 -12.1747 -10.1412 -9.50743 -8.95269 -6.90286 -5.49975 -3.50057 -2.96933 -6.68335 -7.01643 -9.03621 -8.98628 -12.1489 -8.54015
 -12.1322 -10.4255 -9.32045 -8.51409 -7.46201 -9.36223 -8.10605 -8.80103 -9.97782 -9.38864 -9.48168 -9.80243 -9.57418 -10.0162 -6.95703 -7.85735 -5.85908 -7.11973 -7.57941 -7.32109 -7.67352 -8.14158 -6.31809 -5.23675 -6.15275 -7.42861 -7.9056 -7.62388 -7.60769 -8.17244 -7.75824 -9.11128 -6.21732 -5.78349 -6.85732 -7.65991 -7.77899 -7.29112 -8.97968 -7.30501 -7.10841 -7.59631 -8.34494 -7.3046 -7.89211 -5.47937 -1.75316 0.260449 -1.74389 -4.53848 -2.77309 -3.99244 -5.55392 -8.55979 -4.88219 -3.18698 -3.18698 -3.68897 -6.02722 -5.39346 -5.74908 -7.36133 -8.43995 -5.9646 -6.13465 -6.53565 -6.98419 -10.0279 -12.413 -11.7682 -13.0142 -11.461 -12.8826 -12.1888 -10.2315 -10.2382 -8.63717 -10.5955 -10.4094 -9.02966 -6.94646 -7.04845 -5.88149 -7.84892 -7.17099 -8.56656 -5.87059 -5.42205 -5.62494 -3.57791 -6.32874 -6.77213 -8.25238 -8.58622 -9.27554 -9.62613 -9.16893 -7.13222 -8.58725 -8.91917 -6.76004 -6.76658 -7.48876 -6.13332 -5.91813 -4.77407 -5.1401 -4.46822 -5.09999 -5.71086 -7.23253 -8.21907 -8.73611 -7.69034 -9.79957 -9.29645 -8.54916 -9.41364 -9.40793 -9.17246 -9.75624 -8.32838 -8.10967 -7.67387 -8.80235 -9.74866 -8.46521 -10.4356 -11.1073 -12.0896 -11.0067 -12.0057 -9.71925 -9.00991 -6.93383 -6.2283 -7.19581 -7.32523 -7.0937 -8.67775 -8.2441 -7.66572 -7.76984 -9.2203 -8.48687 -7.9976 -8.45601 -9.39885 -11.3723 -13.3242 -12.6192 -10.1081 -9.47182 -8.30588 -5.40612 -6.22861 -3.99455 -4.38082 -7.17995 -7.31444 -10.2593 -11.0142 -12.7708 -10.2854
 -10.9649 -10.2987 -9.69484 -9.33395 -8.83836 -8.11938 -8.64326 -9.4148 -8.84468 -8.89492 -9.32267 -7.50503 -10.4014 -7.42476 -7.52698 -5.79014 -7.41278 -8.4782 -8.3836 -8.79152 -8.91029 -9.43444 -6.21942 -5.50192 -7.31562 -5.62294 -8.23342 -9.04903 -8.77125 -9.20876 -10.3061 -8.40715 -5.73307 -6.09674 -6.70924 -7.4993 -5.85867 -6.94114 -8.13463 -7.42666 -7.65974 -6.25254 -6.65985 -6.29015 -5.34525 -4.16409 -1.61457 -0.997735 0.090003 -1.53139 -1.5181 -1.50644 -4.54255 -6.89765 -4.76565 -4.03385 -3.27869 -4.16106 -4.62617 -5.85886 -5.28503 -4.44668 -4.70241 -2.28342 -4.4603 -6.59459 -7.77763 -9.53171 -10.6978 -12.1343 -12.6532 -11.8957 -12.2341 -11.5112 -12.6171 -9.10494 -9.65641 -10.5346 -8.86063 -7.71098 -7.58083 -3.90251 -5.7915 -5.67402 -7.26219 -8.33032 -4.97527 -4.74015 -4.74015 -3.22182 -6.39597 -8.65765 -9.4234 -9.38691 -8.85526 -8.13556 -7.5926 -6.34516 -7.61245 -9.12371 -5.96281 -6.24991 -7.20502 -8.10794 -6.14126 -6.38819 -4.78589 -5.73586 -4.34436 -5.88313 -6.56748 -6.42285 -7.96779 -8.45508 -8.44843 -8.79674 -7.73428 -8.60218 -8.09847 -8.03764 -8.12119 -5.77619 -7.08192 -8.5138 -9.48448 -8.81628 -9.00476 -8.91963 -9.95094 -11.6492 -12.1634 -12.3519 -10.0532 -9.39729 -6.41911 -8.38315 -6.84783 -6.79069 -7.95899 -8.63302 -7.56696 -7.67998 -8.45643 -9.07733 -8.78466 -10.502 -8.78801 -8.75781 -10.431 -12.4094 -12.044 -9.57876 -8.41127 -8.46409 -6.92588 -5.35119 -6.17174 -8.33565 -7.76928 -7.32259 -9.52968 -11.0837 -14.8263 -11.9896
