# name: MAT
# type: matrix
# rows: 71
# columns: 126
 -7.3192 -8.2936 -9.26173 -9.948 -10.1 -11.7162 -11.3218 -11.8871 -10.1988 -10.9382 -11.705 -12.8258 -12.4437 -11.9633 -12.345 -12.345 -10.288 -10.0592 -8.1318 -7.37338 -7.4577 -6.3414 -5.20377 -2.95096 -3.08646 -4.26396 -6.92239 -8.67459 -8.67777 -8.70996 -6.4599 -6.48769 -8.29033 -8.80809 -7.82178 -7.81822 -5.42806 -4.82645 -4.74024 -4.66517 -6.39884 -6.24847 -7.36376 -10.1605 -10.2098 -8.04062 -7.63854 -8.87327 -9.81139 -10.1626 -9.62066 -7.51279 -7.05867 -8.17203 -7.47515 -5.30069 -2.84022 -3.82766 -4.16435 -4.87457 -8.57407 -9.22146 -10.2977 -11.3086 -10.7852 -10.7728 -8.97803 -8.26584 -10.4965 -10.9323 -10.7803 -10.1304 -7.88368 -8.36417 -8.5147 -8.51673 -7.90637 -7.92612 -7.17382 -7.82553 -7.74224 -6.61929 -6.04621 -5.95652 -6.96088 -6.88144 -6.19486 -6.26908 -6.90324 -6.14944 -4.9881 -6.41409 -6.81041 -6.21407 -7.81742 -8.66657 -8.28495 -7.02891 -5.78615 -5.9235 -5.44762 -7.25904 -6.1235 -5.27227 -4.34005 -4.86612 -4.45355 -2.26173 -1.46453 -3.2439 -3.2439 -0.826701 -3.49572 -4.65188 -5.60973 -6.97489 -6.65525 -5.65366 -9.21673 -7.99766 -7.12443 -7.23948 -7.14985 -8.4026 -7.23002 -7.96851
 -8.87239 -11.4466 -9.3634 -10.0497 -9.28436 -10.547 -12.4678 -11.2845 -11.4502 -11.0587 -11.6098 -12.1307 -12.6757 -13.1246 -12.9812 -12.345 -10.7793 -9.06191 -8.65578 -7.85715 -7.36263 -6.53515 -3.81729 -2.90274 -1.8305 -2.751 -4.54175 -7.30068 -8.06602 -6.49532 -4.43817 -5.81316 -7.01024 -7.51156 -7.11276 -7.16102 -4.40064 -3.72296 -5.84168 -6.01383 -5.36881 -4.84483 -6.47464 -7.35009 -7.97303 -7.04852 -7.56366 -6.49411 -10.0662 -9.55689 -11.8572 -10.7064 -9.08225 -9.53184 -8.66655 -6.294 -5.26974 -3.68493 -4.82336 -5.25562 -8.02419 -9.66148 -12.2717 -11.8112 -12.2399 -9.97916 -9.02293 -9.45787 -10.5376 -11.111 -10.2169 -7.82636 -9.38526 -8.91827 -9.95747 -9.07208 -8.33572 -6.78222 -6.79683 -6.82517 -5.4629 -5.45147 -5.98224 -6.07856 -6.93143 -6.88144 -6.88144 -6.91925 -5.77681 -6.01263 -5.09683 -6.02507 -5.27874 -6.23383 -10.3279 -8.94827 -8.34753 -7.42268 -7.73407 -7.32368 -8.1819 -8.13542 -8.53395 -5.2997 -5.02713 -6.28036 -4.15887 -4.45165 -2.35729 -2.67118 -2.76997 -2.87201 -2.78563 -5.03901 -6.32855 -6.38439 -5.77602 -5.47808 -7.60176 -7.46484 -6.33346 -8.41335 -8.1867 -8.43323 -10.1462 -8.91922
 -8.69651 -9.29561 -9.28875 -6.85933 -6.74422 -7.29467 -9.91455 -9.79857 -9.92315 -9.44347 -11.5432 -11.4445 -11.8676 -12.4014 -12.8701 -11.7214 -9.19015 -8.17104 -8.18692 -7.94973 -8.92472 -9.62743 -5.64326 -5.41425 -3.00544 -3.76537 -4.69824 -5.53675 -4.42679 -5.9252 -5.5287 -4.71166 -6.82497 -6.82497 -7.75565 -7.76537 -6.54124 -5.74836 -5.7131 -8.31294 -5.96893 -5.36881 -5.62763 -6.60246 -8.52838 -7.47646 -7.56366 -8.59171 -8.75438 -9.12772 -11.5444 -11.1114 -11.1114 -10.7055 -10.0321 -8.20174 -6.63889 -7.77648 -3.88389 -6.79284 -7.78204 -8.82148 -10.4196 -11.4268 -10.5695 -10.0395 -10.4825 -10.3232 -9.43974 -9.2735 -8.96393 -11.4228 -10.7858 -8.84343 -9.23615 -9.04428 -6.96779 -5.7734 -6.77734 -6.39205 -2.21455 -2.70591 -3.88479 -5.06675 -6.55799 -6.508 -6.99576 -7.24194 -7.235 -6.20264 -4.5786 -5.53595 -5.75799 -7.05638 -9.92788 -9.10666 -9.26193 -7.81779 -9.37903 -9.82699 -8.2663 -10.4295 -8.6767 -6.27221 -5.26713 -5.3058 -3.41238 -4.58921 -4.46753 -2.84595 -2.01166 -2.46636 -4.20545 -5.72094 -5.96053 -5.97782 -6.25169 -6.87696 -6.71383 -6.23943 -5.02006 -7.7656 -7.98819 -10.0798 -10.5061 -9.4209
 -7.68069 -8.60249 -9.28875 -7.1887 -5.59249 -6.42938 -7.99162 -9.84162 -10.2206 -9.20563 -9.42057 -7.23903 -10.4808 -11.4246 -11.2292 -12.0477 -10.1651 -9.59985 -9.58529 -11.7234 -11.0284 -10.0758 -7.83554 -5.81312 -5.49403 -3.95297 -3.43412 -5.47814 -4.69179 -5.59679 -4.20875 -5.62952 -6.51319 -7.705 -6.64011 -5.44917 -4.48634 -5.62456 -5.76741 -6.1605 -6.18275 -5.34904 -5.17768 -6.2467 -8.60241 -8.51558 -8.51558 -7.44948 -8.6602 -12.2116 -11.8186 -11.5285 -11.6275 -11.1264 -11.3418 -8.14801 -8.14801 -7.63838 -6.93603 -7.31669 -8.87755 -8.87755 -10.3648 -11.5661 -11.7242 -10.9011 -10.2218 -9.51267 -8.95733 -9.42152 -9.47471 -10.6832 -11.0318 -9.03687 -8.14249 -7.40577 -3.93454 -1.78115 -5.51827 -4.56964 -2.3028 -3.44247 -4.99832 -6.18206 -6.69862 -6.29019 -7.24089 -6.19187 -6.13465 -5.60253 -4.80408 -3.54862 -5.37334 -7.54105 -8.21272 -8.74003 -10.1325 -10.9359 -11.574 -11.4895 -8.35029 -8.78287 -7.97526 -6.33142 -6.06403 -5.3058 -3.35731 -5.7619 -4.92623 -4.24864 -6.3935 -6.19472 -4.91274 -4.59 -6.10782 -6.90225 -6.7495 -6.78791 -7.78187 -7.91725 -7.00916 -8.51366 -8.49821 -9.05506 -10.5771 -10.5771
 -6.33716 -9.16556 -7.57335 -6.0678 -7.34844 -7.58801 -8.45597 -7.70616 -9.33572 -9.33268 -10.3117 -8.33295 -10.5136 -12.2993 -12.6237 -12.6237 -11.7468 -12.0563 -11.7575 -11.1204 -10.805 -10.1163 -8.6613 -5.42811 -4.21334 -2.30123 -3.65312 -6.02552 -6.10468 -4.75529 -4.75612 -4.35869 -8.40039 -8.15942 -7.25184 -5.48692 -4.34712 -6.18163 -5.12363 -6.73393 -6.09316 -5.73752 -6.33751 -5.80803 -8.19555 -8.10731 -7.64125 -9.08645 -9.97428 -11.4078 -13.442 -13.5482 -11.364 -11.799 -9.53862 -7.4934 -7.24946 -7.37591 -5.38233 -6.52149 -8.2284 -9.28166 -9.90065 -10.5423 -10.5527 -10.4991 -10.4868 -10.4033 -8.02813 -9.9181 -10.2311 -10.7384 -9.74672 -8.3911 -5.28084 -4.97206 -3.84385 -3.54451 -4.83169 -4.7068 -3.00382 -2.08424 -3.95313 -5.18676 -7.023 -4.67328 -6.14055 -6.20314 -5.23699 -5.33468 -5.51896 -4.73022 -3.9611 -7.30083 -8.82927 -8.25618 -10.1304 -12.0395 -11.0644 -11.9926 -9.92096 -10.5319 -9.25193 -8.35247 -6.93611 -5.34088 -3.95372 -4.78816 -3.97189 -6.12881 -5.90406 -5.90458 -5.57701 -6.14853 -7.3972 -6.45963 -7.86811 -6.77349 -9.30566 -9.09692 -9.32114 -9.20235 -8.14288 -8.56595 -10.5771 -11.0063
 -5.73989 -6.19015 -6.20848 -6.51634 -8.51778 -8.728 -7.97818 -7.9712 -8.15646 -10.3453 -9.45193 -10.2637 -11.4819 -13.1896 -11.7187 -12.316 -10.5098 -13.1167 -11.844 -11.0858 -9.60408 -10.2069 -6.81069 -4.53195 -3.46278 -3.91698 -3.3317 -5.55869 -6.53694 -6.06711 -5.59183 -3.97534 -4.85749 -5.91071 -6.88653 -4.99246 -6.51974 -4.4589 -5.60128 -8.79421 -7.86523 -7.59467 -5.35412 -6.16899 -7.23572 -7.23083 -8.81611 -9.2978 -11.1431 -11.1288 -13.5642 -13.5783 -13.873 -11.9892 -10.0996 -8.04912 -6.65632 -5.30861 -5.96016 -7.54769 -8.65513 -11.454 -10.4591 -10.0092 -9.35633 -9.50414 -9.87044 -7.44984 -7.38758 -8.82014 -9.13733 -8.45619 -7.26813 -6.0416 -5.06022 -4.14261 -4.34601 -3.30531 -3.44889 -3.97818 -4.66477 -3.03287 -3.78622 -4.83215 -5.46626 -5.32124 -6.39019 -5.2952 -6.37826 -5.9044 -4.91069 -4.20634 -3.68887 -4.72796 -7.09447 -9.37172 -10.4381 -10.9565 -10.5753 -11.5035 -11.0877 -11.5631 -9.70046 -9.4973 -8.22063 -5.8354 -3.33536 -4.21507 -3.97189 -7.1647 -6.39253 -7.25439 -10.2791 -9.63214 -8.54493 -8.19948 -8.29575 -6.73568 -9.38754 -10.458 -9.57867 -10.1554 -8.14288 -8.56595 -9.61775 -11.4546
 -4.42066 -5.71764 -4.53621 -5.42039 -7.60019 -9.59051 -10.4651 -9.19977 -8.95743 -9.20361 -8.34734 -10.252 -12.1682 -11.7376 -11.1173 -11.5662 -11.4552 -12.4773 -11.913 -10.7234 -10.0353 -8.37756 -6.17816 -3.24706 -4.24932 -6.93231 -6.26574 -3.21948 -4.75609 -6.53259 -7.74901 -8.18916 -6.62681 -6.28199 -6.95685 -6.42828 -6.2086 -4.38935 -4.51151 -7.22778 -8.16412 -6.27381 -7.64415 -7.73281 -7.82279 -6.1166 -6.88253 -7.72699 -9.23567 -11.6141 -11.5121 -12.7428 -10.8743 -10.9177 -7.892 -5.53556 -5.13932 -5.80666 -6.07397 -6.62951 -9.34324 -11.6244 -10.4794 -9.43573 -9.94613 -9.25621 -9.39146 -9.10258 -7.38758 -9.32325 -9.21433 -8.24025 -7.36492 -7.42295 -5.75531 -4.8377 -4.44098 -4.47777 -3.70099 -4.33971 -4.92889 -3.70128 -3.67522 -3.04126 -3.54112 -5.40033 -6.39019 -5.38077 -6.75552 -6.24564 -5.15308 -4.63652 -3.81378 -6.04898 -6.69403 -8.27457 -9.49505 -8.36205 -9.67007 -10.6171 -10.3891 -11.6284 -8.865 -7.23272 -6.61296 -4.89537 -3.78272 -2.0173 -3.34576 -6.12531 -8.24221 -9.99025 -8.56934 -10.5119 -9.18666 -10.2184 -7.95954 -8.00433 -9.10678 -10.974 -12.3711 -11.0207 -8.48318 -8.47415 -10.5757 -11.9643
