# name: MAT
# type: matrix
# rows: 83
# columns: 130
 -10.442 -8.64451 -9.19986 -8.27191 -9.86258 -9.61469 -12.3594 -12.8801 -12.1425 -11.9073 -7.23846 -8.63333 -8.7914 -8.48045 -6.48616 -7.90437 -8.82249 -10.9436 -10.6657 -9.6335 -9.67062 -10.0444 -8.61762 -8.89667 -11.4477 -12.8849 -12.4397 -8.63108 -9.02721 -11.0489 -10.2186 -8.22367 -9.91748 -8.39182 -8.90113 -8.70186 -8.62937 -9.07556 -8.98196 -8.35568 -8.88726 -11.7277 -10.0324 -9.77514 -10.2208 -10.7067 -10.8181 -10.4118 -9.25758 -7.67671 -9.50037 -10.0213 -8.91812 -9.37765 -10.6654 -10.1225 -9.91227 -11.4857 -11.0565 -9.41886 -7.17698 -9.01088 -8.77698 -9.80295 -11.2018 -8.97991 -7.43363 -6.34023 -4.96515 -5.46254 -8.47498 -11.6742 -11.2426 -8.87051 -7.6573 -6.66598 -6.35217 -8.33076 -9.34711 -10.3969 -8.47763 -8.26342 -8.73758 -6.33605 -6.83868 -5.24757 -5.81941 -5.38648 -5.63069 -7.92084 -7.42426 -7.06713 -7.09434 -10.3702 -10.3796 -12.891 -12.3897 -13.4984 -12.7921 -9.45807 -8.87006 -9.3921 -8.86368 -8.0252 -7.16935 -5.93409 -4.83428 -7.06409 -7.65647 -7.96822 -7.4651 -10.0074 -8.26847 -8.8658 -9.35367 -8.7091 -8.9172 -10.1607 -9.81277 -8.80785 -8.79 -9.76246 -7.65015 -7.58323 -5.76204 -8.28883 -11.1613 -10.608 -10.4867 -10.1628
 -10.87 -9.70948 -10.1909 -7.99765 -8.53231 -10.3681 -11.0051 -13.3575 -11.7813 -12.2263 -7.70394 -9.63423 -8.70168 -7.06107 -9.23503 -7.90437 -8.39192 -10.871 -10.7947 -10.2407 -10.6546 -10.8872 -9.58622 -9.37592 -11.1631 -13.4562 -12.2458 -10.669 -10.2046 -10.0435 -10.1979 -9.08532 -9.96243 -7.92614 -7.46065 -9.67133 -10.2495 -9.85306 -8.96573 -7.93262 -8.44573 -9.19482 -8.75922 -9.69803 -9.26593 -11.3733 -10.2794 -8.80308 -9.48678 -8.63881 -8.60848 -7.4328 -7.95514 -9.44086 -8.70737 -9.01927 -9.41094 -9.47791 -9.98505 -8.864 -7.10347 -8.44079 -6.08638 -7.75114 -8.05714 -7.71377 -5.48871 -6.37062 -5.06663 -7.29959 -7.29959 -11.0659 -10.5709 -8.69907 -9.19896 -9.61324 -6.35217 -8.28836 -7.5161 -10.1806 -9.41671 -7.74249 -7.89529 -6.85261 -6.83868 -6.12855 -6.9592 -6.57678 -7.11226 -8.68973 -7.68944 -7.07364 -7.09434 -9.74304 -11.9998 -11.87 -12.8928 -12.3869 -10.4556 -9.45807 -9.01053 -11.5079 -11.4728 -9.26586 -8.76637 -6.16532 -6.58451 -6.08428 -8.00653 -6.45571 -8.40357 -11.5737 -9.37074 -7.2488 -9.35367 -9.90825 -9.92145 -11.773 -12.4506 -9.88381 -10.2964 -9.02942 -9.25461 -8.81677 -9.60643 -10.8019 -10.6957 -9.04801 -7.60187 -8.02065
 -13.2314 -13.1822 -9.36569 -8.3387 -9.93833 -11.6101 -11.0868 -12.2825 -12.1241 -12.8724 -11.5198 -9.53848 -8.43671 -7.82154 -9.71467 -10.6253 -11.8017 -12.3104 -11.314 -10.6546 -10.5538 -11.7728 -9.69659 -9.52598 -11.4307 -11.7937 -10.6947 -10.199 -8.74248 -10.8283 -9.33591 -10.564 -10.5544 -9.1077 -8.64222 -9.6015 -11.355 -11.355 -9.36147 -6.47475 -8.49193 -7.98263 -10.1478 -9.22783 -9.51487 -10.2724 -7.488 -7.04282 -7.14962 -9.26388 -9.3353 -7.49683 -7.95514 -8.93123 -8.49412 -8.44917 -8.39127 -8.84085 -9.46412 -8.19053 -7.85219 -6.27753 -5.98444 -6.68986 -7.53242 -7.12501 -6.36174 -6.81427 -5.53237 -4.88299 -8.72052 -11.0659 -11.1601 -9.33283 -8.19536 -9.6174 -7.20293 -7.86408 -7.46878 -9.01587 -10.3418 -8.70362 -7.76253 -7.3547 -7.69298 -6.95823 -7.33733 -6.02135 -7.85188 -9.20487 -7.76472 -6.81936 -8.9982 -10.418 -10.7563 -10.7895 -12.9415 -12.8674 -11.1601 -11.1601 -10.0696 -13.0391 -11.4728 -9.71477 -7.84295 -6.8114 -6.24041 -5.53281 -8.00653 -7.48509 -7.63839 -11.5253 -11.9945 -9.43867 -9.46143 -10.016 -11.7149 -12.3377 -11.3861 -12.2086 -9.68811 -10.1992 -9.48551 -10.1437 -10.079 -9.57931 -9.24528 -9.67832 -8.51447 -5.88283
 -11.3533 -9.11346 -8.06026 -10.8382 -9.74591 -13.1487 -11.319 -12.7257 -11.8194 -13.4078 -14.6671 -10.6203 -8.91489 -9.39318 -10.412 -9.62612 -13.0146 -15.1098 -12.5261 -11.6037 -11.5138 -12.2674 -11.1048 -11.3627 -12.3808 -13.0671 -9.40309 -8.38843 -8.94386 -10.073 -9.45661 -9.11721 -11.4279 -9.87406 -11.6547 -11.7802 -12.0946 -12.0946 -10.6115 -10.6048 -9.27057 -8.74659 -9.86401 -8.59303 -9.08126 -5.64265 -6.24606 -5.73644 -6.88108 -9.00986 -8.38945 -7.42234 -8.5483 -7.53961 -9.08163 -8.97047 -8.90641 -8.38548 -7.67855 -7.23466 -6.71952 -6.73173 -5.94288 -6.62582 -7.54419 -6.92009 -5.82406 -5.24696 -6.08017 -4.91729 -6.34986 -8.98674 -8.96334 -7.44596 -8.16453 -10.2425 -9.72703 -8.20573 -5.74153 -8.35842 -10.3432 -9.22119 -8.30984 -6.1184 -7.64641 -6.44839 -7.33733 -7.11701 -7.86548 -7.60047 -7.59175 -7.87916 -9.63447 -11.2833 -9.5619 -11.2187 -12.3664 -12.7957 -10.9873 -11.6638 -12.4886 -12.043 -12.4771 -11.5652 -8.58257 -7.64358 -6.98141 -7.4867 -7.05583 -6.88366 -8.19373 -11.3224 -12.8598 -10.3761 -9.92095 -10.3087 -11.9756 -11.1823 -11.6382 -10.648 -9.4848 -10.272 -9.71744 -12.1292 -8.88578 -9.09732 -9.34293 -9.21696 -6.74423 -5.52161
 -10.257 -10.6699 -9.11534 -10.8382 -10.1893 -13.3578 -13.1069 -12.2021 -11.3776 -13.0466 -14.9901 -12.269 -9.88404 -9.43513 -10.3108 -11.3643 -13.9276 -15.1043 -12.253 -12.1837 -12.0691 -12.7676 -12.5256 -12.702 -9.66563 -11.644 -9.81943 -9.54892 -10.6276 -10.073 -10.0929 -10.364 -11.4279 -10.11 -11.4263 -13.5255 -11.8035 -12.103 -11.1899 -9.61139 -8.24636 -9.19654 -9.74592 -10.7065 -7.05233 -4.64455 -4.58437 -5.75695 -6.31094 -9.46938 -8.11807 -8.46937 -8.47079 -8.01815 -9.08292 -8.38538 -8.52466 -6.70834 -7.42207 -5.90974 -5.91193 -5.00986 -5.00986 -5.04833 -7.2785 -7.22055 -5.31474 -3.46425 -3.91061 -3.36934 -3.22629 -4.24174 -6.22657 -6.81141 -10.5612 -8.97374 -10.1684 -9.66606 -7.69537 -7.71976 -10.5122 -9.30011 -8.26491 -5.69047 -6.47038 -5.94384 -6.76338 -6.99397 -6.33439 -7.10389 -8.65155 -8.39199 -10.4991 -10.8603 -9.77589 -13.3927 -12.7957 -12.7829 -10.9873 -10.9873 -11.8087 -13.2922 -12.5402 -11.0098 -9.5531 -7.73948 -7.11492 -8.79424 -8.15697 -9.36907 -10.3853 -10.603 -10.4763 -10.0893 -10.5716 -11.1261 -10.9868 -10.9868 -9.55381 -11.8426 -10.3389 -10.7004 -8.92822 -7.07025 -9.11887 -10.88 -8.94346 -8.429 -4.65977 -4.1363
 -9.48174 -10.8335 -12.171 -12.7477 -12.1108 -11.9102 -13.7678 -14.0401 -13.1312 -13.3231 -14.2263 -11.0459 -10.8348 -9.28334 -9.84364 -10.6142 -12.069 -13.6851 -10.8338 -12.324 -12.8071 -12.7159 -11.9883 -13.1496 -9.66563 -13.3426 -11.3772 -9.99725 -10.073 -10.5418 -9.35326 -10.1347 -10.9119 -11.1689 -11.4717 -11.5087 -11.5087 -11.628 -10.2624 -7.73122 -8.6814 -8.2456 -11.0129 -10.9996 -5.71456 -3.95223 -3.90587 -5.72139 -6.41149 -10.0177 -8.66642 -8.16984 -6.69788 -5.97627 -7.16569 -6.09796 -6.50987 -6.20829 -3.8664 -3.20506 -3.0811 -1.55221 -2.07619 -5.20458 -4.89525 -7.64362 -7.46501 -4.4392 -2.70001 -3.06973 -4.61602 -6.13981 -8.19088 -9.205 -10.8312 -10.3963 -10.5442 -10.5097 -7.63835 -8.15661 -10.3164 -9.60117 -9.70483 -8.97335 -8.06732 -6.27213 -6.14411 -5.98547 -5.78245 -5.8316 -9.28003 -11.0108 -10.4991 -9.88527 -10.376 -12.9697 -13.2994 -13.9363 -11.4246 -14.0787 -12.6908 -14.2767 -13.2869 -11.7624 -11.2813 -9.75311 -7.32319 -7.69309 -8.92665 -9.40761 -9.90932 -9.88486 -10.2604 -9.8955 -9.22025 -9.48774 -11.6031 -12.0515 -12.0515 -10.229 -9.79086 -10.1484 -7.79613 -8.24595 -9.91001 -8.45781 -6.24864 -6.86152 -4.64714 -2.55817
