# name: MAT
# type: matrix
# rows: 75
# columns: 122
 -8.96621 -9.05519 -9.54095 -9.14812 -7.38895 -8.46621 -7.00934 -7.1578 -7.45286 -9.30252 -10.3292 -8.32936 -7.31218 -5.93109 -7.03544 -7.08333 -5.4179 -6.57369 -6.17076 -7.43451 -8.73189 -6.71306 -3.45749 -5.13508 -4.66031 -5.49766 -4.5601 -5.1151 -7.19262 -5.34426 -5.64001 -3.69926 -5.20879 -3.55588 -3.56838 -3.46518 -4.63495 -5.00036 -5.45588 -5.69602 -6.0542 -5.40267 -5.36788 -4.68531 -5.48647 -5.2853 -5.29906 -6.01787 -8.16094 -8.71125 -11.0626 -11.8985 -11.1787 -13.5583 -13.3303 -14.5172 -13.0556 -14.7109 -12.3485 -12.283 -11.772 -10.7405 -10.9975 -9.83525 -9.67384 -8.01205 -9.45804 -9.40287 -9.77506 -10.6211 -8.08923 -8.16035 -6.87608 -6.87801 -7.44582 -3.87137 -3.11544 -4.06846 -4.80988 -6.45296 -5.94551 -6.09346 -4.89224 -3.6248 -2.25661 -1.64299 -2.51707 -3.47969 -5.31101 -5.65511 -6.4322 -6.09457 -8.69764 -7.3364 -8.55975 -10.0812 -10.066 -10.054 -8.22183 -9.98454 -8.90422 -7.81106 -8.40832 -7.73127 -9.10607 -6.91954 -4.73892 -6.09911 -5.20188 -4.35647 -2.96497 -3.36454 -5.23012 -4.88866 -3.93796 -5.78191 -3.31809 -3.86006 -5.05335 -2.59286 -1.93037 -2.5164
 -8.14192 -8.38603 -8.27388 -8.23521 -5.98778 -6.38895 -7.756 -8.21814 -10.2174 -12.2879 -10.4715 -8.81847 -7.49092 -5.98236 -5.92362 -6.9055 -6.01258 -6.02487 -4.82204 -8.64826 -8.31649 -6.04798 -4.04667 -6.15352 -4.92816 -6.41603 -5.47715 -5.55004 -7.59058 -8.05038 -4.92019 -4.56271 -5.63672 -3.90284 -4.7867 -5.52103 -5.135 -5.04594 -6.29528 -6.90931 -4.96238 -2.33975 -3.80283 -3.75287 -5.69151 -6.97665 -6.51116 -6.02837 -6.66759 -7.78451 -11.1435 -11.0191 -10.4299 -10.8426 -12.4191 -11.448 -12.9049 -12.7381 -13.254 -12.2705 -11.9234 -11.8652 -11.463 -11.1279 -11.3786 -8.83879 -9.5573 -9.20654 -9.96482 -8.1062 -6.12701 -7.12263 -7.32994 -6.21333 -6.87666 -6.59127 -3.11787 -3.52712 -3.67914 -5.81613 -6.52079 -5.94574 -5.42987 -5.36026 -4.39375 -2.53487 -2.56491 -2.84342 -3.70871 -7.21025 -7.59991 -6.66466 -8.35255 -8.45823 -8.45823 -9.61092 -9.94583 -9.81326 -7.56575 -8.27313 -8.48538 -8.52987 -8.40832 -8.1458 -6.91479 -5.84083 -3.52475 -4.71868 -4.71402 -2.84362 -4.38345 -4.4046 -5.43324 -5.26575 -3.93796 -3.36607 -2.22242 -0.569262 -3.17486 -2.26814 -2.14708 -3.58272
 -9.63386 -7.69233 -6.5748 -5.73456 -5.41269 -5.95401 -4.59575 -7.76192 -10.6485 -12.3007 -10.0262 -8.672 -8.74535 -5.55703 -4.95001 -7.04158 -6.23179 -6.90834 -4.36958 -5.03207 -7.55305 -6.89303 -4.55598 -4.36514 -5.37158 -6.41603 -7.78879 -7.27069 -6.13875 -7.212 -6.94088 -5.86243 -4.00491 -4.45345 -4.42723 -4.96944 -5.71005 -7.89081 -7.25609 -9.18896 -6.90352 -4.99315 -3.23735 -2.85518 -4.73019 -5.52402 -4.55389 -6.06617 -6.06617 -7.10429 -10.0408 -9.05134 -9.62404 -11.6178 -11.814 -11.8684 -13.4605 -12.2115 -11.6979 -12.8419 -11.4689 -11.8035 -12.29 -11.8849 -10.6297 -8.48027 -6.89168 -8.20206 -7.25505 -5.80677 -4.02007 -7.56905 -6.69338 -6.48518 -7.14799 -7.02646 -5.8516 -4.23112 -4.45302 -7.04648 -6.63062 -7.89253 -8.29833 -5.82726 -6.22889 -5.32063 -5.64957 -6.91935 -6.06907 -7.98208 -10.0362 -9.08636 -9.47438 -8.77878 -7.97898 -9.61092 -10.459 -6.74856 -7.06359 -7.28186 -7.47391 -8.74655 -8.61057 -7.35092 -4.30133 -4.65787 -3.45361 -1.34625 -1.71268 -3.14133 -3.88893 -4.4046 -5.43324 -5.40441 -3.70934 -3.81955 -3.19553 -1.7497 -2.22038 -4.0535 -1.96252 -1.72447
 -8.64276 -7.80823 -6.31935 -6.11489 -7.30364 -7.8061 -6.44784 -8.45883 -10.3008 -8.93183 -8.13607 -7.23275 -6.76216 -5.49092 -4.34734 -5.69916 -7.51538 -5.52092 -2.98215 -4.18771 -5.66177 -5.01912 -5.90541 -6.36156 -6.92458 -6.92535 -7.34537 -7.35378 -6.12884 -6.55808 -5.07358 -6.27352 -5.44925 -4.97 -4.99898 -6.6315 -7.19265 -7.1944 -7.68818 -7.84998 -7.88584 -4.5676 -6.09137 -4.30041 -5.56524 -5.58153 -5.99631 -5.9683 -7.42092 -10.4209 -10.5525 -10.2625 -11.2221 -11.4735 -12.0842 -14.2812 -13.8108 -12.2674 -10.8953 -8.81225 -11.5991 -12.2833 -11.4216 -10.0331 -8.5439 -4.86871 -3.82102 -2.97534 -4.31253 -3.42957 -4.32634 -5.43491 -6.98541 -9.11676 -7.95833 -6.8315 -5.12947 -4.70947 -4.40052 -5.72377 -6.46166 -9.11029 -8.42968 -5.14067 -5.5423 -4.53943 -7.43518 -7.00594 -7.15009 -8.53933 -10.6364 -10.2789 -10.1932 -9.33413 -7.54972 -8.93472 -8.24756 -6.74674 -6.57254 -6.7653 -7.46047 -7.29671 -7.25632 -6.44836 -4.40376 -4.81467 -2.88352 -1.90429 -1.71268 -3.05533 -3.89777 -4.4046 -5.0486 -4.88177 -4.07544 -5.23378 -3.06548 -3.19585 -2.08708 -2.91512 -2.75025 -1.1069
 -8.42264 -6.17092 -7.31357 -7.07658 -7.64182 -8.06392 -7.43124 -9.02892 -7.60492 -8.42166 -7.32605 -6.34016 -5.33433 -5.90374 -7.17672 -6.13496 -7.13558 -4.9728 -2.92534 -4.4753 -5.18252 -4.4944 -6.32134 -7.20661 -7.51376 -6.48193 -8.14837 -6.91611 -7.05123 -7.43016 -5.41109 -7.39029 -5.44925 -4.97 -5.39984 -7.59465 -7.51815 -7.2136 -7.74134 -7.31014 -5.76243 -5.22302 -6.4959 -4.89134 -5.09856 -5.83285 -6.79857 -8.1188 -9.07702 -8.35858 -8.84698 -10.5164 -10.6806 -11.0028 -10.2583 -11.4849 -13.2059 -11.9559 -12.111 -11.1669 -10.1968 -11.8615 -10.0271 -6.78198 -4.95677 -4.37479 -3.29411 -3.14222 -5.92643 -3.78107 -2.57805 -2.42933 -6.40712 -8.94974 -7.4988 -6.37198 -4.66995 -3.77454 -5.89633 -5.20873 -7.02311 -9.11029 -9.48754 -5.43224 -5.68256 -5.76721 -5.67255 -7.4726 -9.9545 -9.45855 -10.018 -9.58877 -10.7703 -10.8809 -7.17751 -8.36873 -6.91563 -6.56025 -6.66705 -6.8943 -7.17228 -6.84713 -6.75416 -4.7009 -5.15049 -5.84688 -4.47695 -1.95431 -3.47171 -3.83784 -5.10987 -4.60024 -5.05435 -5.10169 -3.00726 -3.51787 -2.56753 -2.3256 -0.47193 -2.06718 -3.7127 -2.91322
 -7.3025 -7.08245 -5.45587 -7.43684 -7.35533 -7.35533 -6.85437 -5.3934 -6.31457 -5.07452 -3.82799 -5.21632 -3.61119 -3.95379 -7.61252 -6.12098 -5.5046 -3.93493 -2.42222 -3.93924 -5.05585 -4.33826 -4.45735 -7.83557 -6.764 -6.31695 -8.13626 -7.6027 -6.61914 -4.36975 -5.03514 -6.15098 -5.96591 -6.15455 -5.98405 -7.28613 -8.54587 -7.4416 -6.06768 -5.59977 -5.35876 -4.10245 -4.25411 -4.02338 -5.30882 -6.57485 -6.42256 -7.25369 -8.15218 -9.52221 -7.23465 -9.27004 -8.18626 -8.25428 -9.53348 -10.4979 -11.4358 -9.34623 -10.3509 -5.56608 -6.94688 -7.86345 -7.01316 -4.43697 -3.15836 -3.6882 -1.20379 0.545343 -3.24032 -2.65281 -3.49705 -4.19453 -7.88181 -9.68122 -8.49473 -7.87593 -6.01576 -4.39185 -5.16295 -3.42759 -5.70149 -6.33854 -7.09996 -5.25081 -4.10185 -5.74442 -8.75052 -11.6606 -10.0421 -11.0026 -10.9029 -9.13919 -9.30298 -10.1874 -7.55546 -8.90489 -7.89768 -7.47052 -8.07257 -8.59783 -8.15079 -7.25501 -5.40767 -3.05362 -5.6033 -7.14938 -5.77741 -4.35248 -4.27576 -3.25551 -4.97762 -3.89072 -3.88114 -2.66924 -4.0044 -5.22329 -2.78971 -1.67395 -0.59437 0.746356 -2.57859 -0.909207
 -7.361 -6.84352 -6.9904 -6.79076 -6.4444 -5.94128 -5.99481 -3.89239 -3.68326 -4.55054 -3.90106 -3.96207 -4.25727 -4.86368 -7.4224 -8.7686 -6.17154 -4.38186 -3.54513 -3.87404 -3.75135 -4.86224 -4.41883 -3.78043 -5.0602 -7.50387 -8.73638 -7.31119 -7.18279 -5.39294 -4.01917 -6.15098 -7.71671 -6.15455 -5.98405 -5.69188 -4.19297 -5.96687 -4.97071 -4.67122 -4.72803 -3.73391 -3.7252 -3.37501 -4.44401 -6.11049 -5.84947 -6.6806 -8.15218 -8.1796 -7.30269 -6.0008 -8.26527 -7.00486 -8.12697 -7.9995 -7.20831 -3.74749 -4.78566 -4.76115 -5.13581 -7.57309 -7.46148 -4.3069 -2.48794 -1.87165 -0.57155 -0.349156 -2.7156 -2.12809 -2.60753 -0.959885 -5.1477 -8.93682 -4.88399 -6.30391 -5.43026 -4.97979 -3.09504 -5.04866 -4.62559 -5.72217 -5.66141 -4.12627 -2.85142 -4.03647 -6.87591 -10.3026 -10.269 -11.3755 -11.6682 -11.2947 -10.2968 -9.3666 -8.73453 -8.81369 -8.48746 -8.47735 -7.97616 -7.92172 -8.72088 -7.90121 -5.91873 -3.51357 -5.28288 -7.04203 -5.0586 -8.63773 -7.11911 -4.7185 -3.49128 -3.11667 -1.30442 -0.968492 -4.61121 -4.68895 -4.65211 -2.23555 -2.70084 -2.35921 -3.58988 -0.931028
