# name: MAT
# type: matrix
# rows: 109
# columns: 97
 -9.19652 -7.6802 -7.9214 -7.69186 -7.45594 -9.25109 -9.13838 -10.3043 -7.75956 -8.01847 -9.65081 -10.1901 -10.8381 -9.65902 -9.65902 -9.55159 -9.6303 -9.04717 -10.8138 -10.5843 -10.764 -9.51348 -7.43127 -6.65212 -7.17753 -7.5604 -5.33484 -8.11186 -10.6421 -11.7299 -12.9358 -12.4801 -10.5353 -7.00037 -10.5344 -9.18531 -9.45241 -9.93343 -9.34593 -8.82984 -11.442 -12.6608 -9.42181 -8.99255 -8.76657 -8.27746 -8.06386 -10.1798 -9.86819 -9.11838 -7.56899 -9.33031 -8.88835 -7.72956 -8.95853 -10.6228 -11.3062 -11.3715 -9.14749 -9.8626 -10.4038 -10.3431 -10.2797 -11.9969 -14.6114 -12.4765 -11.8237 -7.70915 -9.03209 -6.56251 -7.514 -6.48122 -5.89101 -4.31889 -1.17446 -1.31111 -0.104578 -1.80187 -5.06353 -8.3741 -9.60435 -9.05843 -8.40334 -9.55623 -9.58046 -9.64958 -8.60707 -8.47272 -7.50813 -7.07442 -8.11611 -5.82967 -5.8531 -9.70625 -9.10243 -7.83056 -7.37976
 -8.38276 -7.2646 -7.2646 -6.70627 -7.91025 -9.98859 -9.21211 -8.05982 -8.11365 -6.88596 -8.42298 -7.84505 -9.85455 -10.1815 -10.8174 -10.4771 -11.8615 -12.0511 -11.3453 -10.3907 -10.545 -8.35253 -7.53628 -6.05079 -7.23687 -7.14069 -9.91023 -8.26823 -9.18434 -10.7398 -11.9988 -11.9127 -10.3473 -10.1404 -8.92913 -7.61755 -10.4605 -9.00843 -9.34593 -10.2382 -11.4756 -12.3043 -10.8487 -9.83027 -10.1935 -9.52179 -8.61831 -9.24226 -11.1179 -8.93583 -8.4842 -8.32181 -8.45908 -7.87601 -8.13326 -9.07162 -10.6999 -11.7253 -10.6946 -10.798 -10.7804 -10.2762 -12.3386 -10.9197 -12.1474 -11.9891 -10.7097 -9.59863 -8.64713 -6.31033 -6.87943 -8.25342 -8.48933 -4.63656 -3.48312 -0.970749 -2.06137 -3.8051 -5.53903 -6.9136 -8.84784 -8.52478 -8.16393 -8.73402 -9.3219 -9.11632 -9.24083 -8.35524 -7.44861 -7.56633 -6.38755 -5.13583 -5.54656 -7.47102 -8.62057 -7.26047 -7.82971
 -9.37622 -7.2646 -6.7018 -5.31307 -7.30582 -9.20699 -9.34828 -9.0005 -10.3531 -9.61997 -10.059 -9.49219 -11.5852 -10.4196 -13.6184 -12.6016 -13.5705 -11.9576 -11.6602 -9.89361 -9.74658 -7.97623 -5.95558 -4.29203 -5.94507 -7.02263 -8.55782 -10.8497 -10.3283 -10.1837 -11.3884 -12.6905 -11.1118 -7.81072 -8.92913 -9.49478 -8.66957 -6.87365 -6.94116 -7.86504 -10.0765 -11.7421 -10.7843 -9.83027 -9.76553 -10.3656 -9.25382 -11.3591 -12.4764 -12.0063 -10.2582 -8.01512 -9.68142 -8.5798 -7.44515 -8.51705 -10.7662 -12.1609 -12.8099 -12.2368 -10.569 -11.1882 -13.5079 -14.62 -12.9971 -11.7884 -12.5341 -11.2293 -8.59837 -6.64543 -7.23248 -9.24986 -9.20519 -5.95154 -4.29737 -4.29737 -3.56507 -4.66131 -6.78936 -7.42563 -7.86592 -7.99009 -8.54255 -9.38634 -8.49078 -10.2594 -7.50656 -7.72371 -6.71949 -6.64624 -5.08201 -5.88307 -7.63557 -7.63557 -8.13146 -7.4652 -6.54862
 -8.08804 -7.27032 -6.58737 -5.03181 -6.63415 -8.53532 -9.34111 -10.6034 -9.51609 -8.55727 -10.2614 -10.6175 -10.9029 -13.1753 -12.4954 -12.6145 -11.941 -13.4131 -12.4875 -12.0911 -8.62437 -7.97623 -7.57271 -5.71769 -5.08636 -7.80403 -11.6685 -12.4957 -12.4613 -12.1708 -11.1832 -12.757 -10.1874 -10.9414 -10.0098 -7.02125 -9.50835 -6.31153 -5.8487 -5.8487 -10.0994 -11.7421 -11.1059 -10.4431 -10.9531 -10.8866 -10.3712 -12.278 -12.9143 -13.4188 -10.3943 -8.45552 -9.91525 -9.25148 -7.8991 -10.8414 -10.398 -11.5445 -9.55198 -9.71852 -8.9147 -10.796 -12.3823 -10.9152 -11.828 -9.69068 -11.4005 -11.5763 -9.37745 -7.46104 -7.23248 -8.16726 -9.50632 -8.31711 -6.27254 -5.75161 -4.10918 -7.26247 -6.71627 -7.59598 -8.30106 -9.03544 -7.62548 -7.46364 -6.9394 -8.79452 -6.26304 -7.87995 -7.93992 -7.22923 -3.85172 -4.66039 -5.5043 -8.16244 -7.69458 -6.66199 -7.32677
 -8.11349 -6.59865 -4.12139 -5.53601 -6.62781 -8.79346 -7.92166 -8.70471 -7.75884 -9.10878 -8.60663 -9.14551 -10.9291 -12.7806 -12.8312 -11.2962 -12.3629 -12.3629 -12.3892 -10.9692 -8.66045 -7.86713 -7.36497 -7.42658 -7.33339 -3.94556 -7.08885 -10.1205 -9.64641 -9.64641 -10.1073 -12.015 -12.3849 -10.2552 -10.4547 -9.17985 -8.34075 -6.84937 -5.79903 -5.20262 -9.9686 -11.7421 -10.6779 -9.69332 -11.9274 -11.483 -9.97211 -10.5961 -12.9151 -13.4188 -10.3077 -7.44759 -9.21696 -10.8395 -11.2874 -10.5841 -9.58528 -10.1411 -10.516 -9.8214 -9.75784 -10.1519 -10.2749 -10.764 -12.8838 -13.7209 -10.0758 -10.9401 -9.80458 -6.86954 -8.06556 -8.47038 -9.06769 -6.09868 -5.16615 -4.25235 -4.13445 -7.09923 -7.02588 -5.93481 -8.14824 -6.73533 -5.77188 -7.46364 -6.90907 -8.37831 -8.36334 -7.91332 -8.02572 -8.36682 -5.16683 -5.0659 -5.6513 -8.63272 -8.77822 -8.86706 -5.34703
 -8.39884 -6.92478 -6.47098 -6.98177 -6.93757 -6.63393 -7.47081 -9.4728 -8.11395 -8.96257 -6.85539 -8.84836 -9.04613 -12.279 -13.3777 -11.7011 -11.3569 -11.8054 -13.4091 -13.1328 -9.84906 -8.09712 -6.52679 -6.32719 -5.53054 -4.09368 -5.19879 -7.05312 -10.8138 -10.2233 -8.26712 -10.8529 -12.4738 -11.7767 -12.0165 -9.65949 -8.02886 -7.72366 -6.7512 -7.38131 -9.96312 -11.7023 -11.2743 -10.8451 -11.7614 -11.8498 -11.0523 -11.1216 -12.7826 -13.2854 -10.0096 -9.98787 -10.2929 -10.3889 -12.3208 -10.56 -10.56 -11.6672 -11.7344 -10.7733 -10.1075 -10.113 -10.921 -11.7956 -11.4804 -11.8638 -10.5697 -9.68046 -10.2793 -8.57959 -8.31308 -8.48659 -8.01189 -5.85413 -4.96018 -4.82374 -4.61467 -6.61914 -7.41416 -6.57811 -7.49428 -6.24178 -5.79422 -5.82589 -6.45191 -8.08616 -8.59019 -8.60143 -8.11175 -7.79339 -6.14636 -6.21965 -5.77189 -8.67753 -9.28222 -8.39109 -8.06695
 -8.24499 -8.93165 -8.01609 -5.17814 -5.70646 -6.56923 -6.06707 -7.06154 -6.86124 -5.79591 -6.54058 -7.70759 -7.22834 -7.63956 -11.063 -11.2664 -11.8308 -11.8178 -13.1193 -13.6995 -11.1945 -9.15613 -8.58396 -6.10066 -4.86125 -3.17423 -3.16373 -6.52468 -8.56739 -10.1949 -8.80397 -11.5163 -11.0711 -11.8547 -12.0759 -8.9024 -7.60092 -6.51156 -8.81372 -8.1169 -9.59421 -11.0312 -10.7633 -11.7953 -12.7545 -13.4183 -11.1644 -12.0326 -13.4206 -12.14 -9.21894 -8.49872 -7.06079 -10.713 -9.27626 -9.98994 -10.3001 -9.73799 -9.93546 -8.74867 -8.77102 -10.0907 -11.7952 -11.8393 -9.55821 -10.341 -9.87814 -10.7209 -10.8698 -10.4006 -7.79991 -7.74417 -8.03327 -5.1931 -4.1361 -2.31544 -2.78271 -6.09665 -5.53972 -6.30093 -8.17662 -7.4446 -5.51938 -4.76065 -5.48921 -8.86349 -10.0072 -8.91925 -7.28442 -6.84314 -6.97538 -6.53314 -6.53314 -8.1755 -9.28222 -9.22158 -7.49351
 -9.38858 -8.29026 -8.94534 -5.72104 -7.4319 -7.54422 -5.71942 -6.37091 -5.9544 -5.59082 -7.39555 -9.59364 -9.59364 -9.36515 -11.8607 -10.7296 -11.9061 -11.5318 -12.9105 -14.4365 -14.0128 -10.2221 -8.79326 -4.88313 -4.59954 -2.91252 -3.73966 -6.5317 -9.64349 -9.59006 -8.80399 -11.4995 -11.4444 -9.83666 -11.8958 -7.8828 -9.64426 -10.1619 -9.31943 -9.22785 -11.7915 -10.0695 -12.7762 -12.8845 -12.6607 -11.7956 -8.61595 -11.066 -11.4024 -11.7779 -10.2179 -9.72657 -7.33324 -7.20838 -10.2197 -11.1704 -9.89029 -10.5417 -11.0203 -11.8981 -9.87596 -10.8213 -11.3357 -9.87534 -10.7087 -11.3473 -9.83318 -10.0035 -10.0454 -11.5368 -11.4 -7.43966 -5.6259 -3.07369 -1.9067 -1.81171 -3.73294 -4.54568 -3.89111 -5.19049 -5.71083 -6.8394 -7.90529 -4.93115 -5.27867 -7.07295 -9.46054 -8.17263 -5.37941 -7.17316 -4.57179 -4.89685 -5.92224 -7.51076 -7.56275 -7.77725 -6.47174
 -9.94393 -9.5389 -8.38205 -6.45694 -7.65875 -8.58668 -8.21976 -6.86649 -7.90892 -7.28392 -8.45365 -8.54224 -9.62366 -10.1682 -10.3079 -10.8256 -9.75963 -11.6889 -13.4254 -13.067 -12.6267 -11.6666 -7.921 -5.09488 -5.11944 -3.54923 -2.39092 -4.12408 -9.2824 -9.90066 -10.2333 -9.95301 -12.9002 -11.7409 -11.4184 -9.54383 -8.54712 -11.0874 -11.3949 -12.3608 -13.0846 -12.984 -13.796 -11.8294 -11.8182 -11.7463 -9.17164 -9.84062 -10.8265 -9.43033 -8.60179 -8.7106 -7.49339 -8.91309 -11.504 -11.3726 -12.1642 -10.2108 -10.861 -11.8981 -11.7894 -10.9886 -10.2729 -10.9285 -9.66802 -9.62812 -8.83488 -9.53149 -8.56274 -9.22268 -11.0016 -6.9074 -7.90702 -3.95145 -2.30139 -0.836466 -3.27252 -3.49862 -4.06864 -3.20538 -3.62363 -3.53673 -4.12491 -4.19404 -4.66156 -3.46686 -4.59085 -7.10163 -7.09777 -7.44963 -4.66488 -3.94939 -4.12966 -5.29846 -6.19999 -7.64998 -8.58475
