# name: MAT
# type: matrix
# rows: 68
# columns: 69
 -10.6862 -7.74352 -7.47637 -7.20803 -5.38354 -7.86069 -8.18073 -7.26221 -7.89544 -8.09105 -9.10522 -11.0212 -11.4072 -10.9577 -11.8775 -13.13 -12.0431 -13.801 -14.0935 -13.2562 -13.4707 -12.313 -11.9019 -10.2414 -8.528 -8.01544 -7.77776 -7.94374 -7.62747 -9.45464 -8.2549 -8.28088 -6.52505 -4.89082 -2.79004 -2.97987 -0.785885 0.835763 0.921126 0.956323 1.68417 -0.673985 -2.89527 -1.42127 -2.88699 -6.91828 -9.62669 -6.89316 -8.99886 -8.38854 -8.32506 -6.86329 -8.0031 -9.79646 -9.75602 -8.37317 -8.39333 -8.97083 -8.34848 -8.89634 -6.17266 -5.84811 -4.78122 -5.92436 -5.90536 -6.45683 -5.99835 -8.2944 -7.24939
 -9.40326 -8.83851 -8.76237 -7.65861 -6.92714 -8.49103 -9.09838 -8.81397 -6.98105 -7.73866 -9.10522 -9.72814 -9.71336 -11.9292 -11.4279 -12.0176 -13.5719 -13.7684 -14.0943 -13.6184 -13.9652 -13.273 -12.3965 -11.168 -8.9521 -9.09562 -8.89228 -10.0824 -8.45576 -10.4457 -9.38648 -9.79395 -7.40977 -5.33973 -5.05564 -3.45718 -2.03287 0.120153 1.40421 1.02499 2.52371 -0.00127716 -0.583265 -3.0528 -3.88636 -6.06136 -9.67129 -10.3878 -10.1927 -10.8708 -8.32506 -9.98487 -10.3743 -11.1843 -7.9509 -9.01742 -7.44456 -9.08699 -7.25211 -5.98486 -7.19967 -6.28306 -4.95313 -4.00911 -4.56455 -5.94176 -3.23637 -5.4396 -7.62591
 -9.47076 -9.49601 -9.62749 -8.90706 -9.49094 -9.00209 -8.73666 -9.30913 -8.85954 -9.05064 -9.57543 -9.7605 -10.1592 -10.7854 -12.3788 -13.3945 -13.5555 -13.2169 -14.132 -14.2554 -14.8305 -15.0756 -14.199 -10.9172 -10.7398 -11.2558 -11.0233 -13.9094 -11.7382 -12.1864 -10.9838 -11.2634 -8.24044 -8.24044 -6.44565 -4.76589 -3.43159 -2.47724 -1.04251 -0.866562 1.18999 0.544957 -2.69639 -4.09399 -4.9517 -8.4405 -9.02304 -9.88649 -10.0185 -10.4079 -9.02321 -9.7183 -10.5378 -9.91486 -9.51204 -9.05595 -7.44456 -8.42135 -7.15767 -5.58305 -5.02762 -6.87212 -4.37632 -3.69316 -4.83872 -4.28844 -3.60913 -7.84489 -5.39449
 -11.0293 -10.0446 -8.64838 -7.7697 -9.02546 -10.1816 -9.65058 -10.3222 -10.1726 -9.72299 -10.0243 -10.8439 -11.2425 -11.6963 -11.1645 -13.8743 -14.3928 -13.6834 -14.118 -14.7822 -16.8939 -14.3593 -13.4841 -10.9172 -11.2248 -11.9196 -12.2145 -12.5953 -13.1104 -11.695 -11.5077 -11.189 -9.70452 -9.63367 -6.95339 -4.67522 -3.08243 -2.78638 -2.83155 -2.21889 -0.98591 -1.80419 -3.52831 -6.46536 -7.437 -8.30122 -9.15978 -8.69112 -11.0718 -10.7923 -11.7029 -11.1239 -11.5627 -9.22829 -9.04589 -7.5826 -4.44849 -5.38637 -5.7812 -4.16383 -4.09049 -7.32995 -5.2655 -5.42921 -5.28348 -5.76438 -5.85866 -6.76872 -4.359
 -8.5382 -8.67801 -7.30919 -7.6035 -8.7575 -10.4931 -9.52657 -9.77031 -10.3872 -9.25004 -10.6863 -10.8081 -10.7888 -11.8053 -11.7164 -12.6523 -13.8896 -13.6694 -14.6273 -14.369 -15.1662 -13.7119 -10.509 -9.40649 -13.9531 -11.9095 -13.0471 -13.1104 -13.1104 -13.9195 -11.9209 -12.3384 -9.50481 -10.1027 -5.98691 -5.01104 -4.87459 -3.12013 -3.6078 -4.33867 -6.93419 -4.2583 -4.87468 -7.56931 -6.29453 -8.97182 -9.19194 -9.34097 -10.2083 -11.9751 -13.3215 -13.0616 -12.2389 -10.2321 -9.73083 -6.79221 -6.50033 -5.23964 -5.35112 -6.86423 -7.4537 -7.27997 -6.35335 -5.47901 -4.8134 -5.23732 -5.93929 -4.66968 -5.30187
 -7.38057 -7.78923 -7.30919 -6.67292 -8.32256 -10.0336 -9.94162 -9.59148 -9.28561 -9.25004 -10.3687 -11.6402 -12.1898 -11.2635 -11.8366 -13.2768 -13.3256 -11.823 -11.1756 -12.0521 -14.28 -15.6025 -12.0777 -12.8948 -12.2104 -11.7393 -12.8281 -12.2406 -12.5608 -12.5546 -11.3872 -10.473 -9.08733 -9.4167 -6.69668 -5.26717 -5.26166 -6.12884 -3.57756 -5.49804 -7.26203 -3.60023 -4.68756 -5.14186 -7.82584 -10.4358 -9.98974 -8.29479 -10.8786 -12.1423 -13.5818 -14.3623 -12.9251 -10.4305 -9.22711 -7.66993 -7.44295 -7.41564 -5.55279 -9.17183 -9.17183 -9.13021 -8.58287 -6.92425 -4.30969 -5.82153 -5.30185 -4.93716 -3.32211
 -5.92396 -5.48507 -6.32278 -5.68651 -2.83315 -7.64471 -10.0788 -8.99472 -9.07888 -9.36671 -9.84117 -11.8562 -12.7733 -12.5988 -12.9115 -13.9043 -14.8213 -12.4394 -11.1756 -13.2398 -15.4372 -14.5111 -14.1373 -15.4497 -13.4759 -13.5941 -11.9619 -12.3691 -13.9298 -14.9882 -13.2328 -13.1556 -12.4058 -10.0082 -8.4685 -6.96921 -7.81717 -6.87682 -5.48466 -6.23005 -7.41414 -4.64186 -4.55227 -5.18578 -7.39836 -9.25004 -9.88091 -9.83492 -11.5737 -12.8288 -14.7615 -14.7886 -13.4614 -10.951 -8.51441 -7.33914 -6.94183 -8.20414 -6.28427 -9.80559 -9.34011 -8.69869 -7.04075 -7.70501 -7.47483 -7.43933 -5.63967 -5.33495 -3.32378
 -7.56613 -4.94837 -4.59515 -4.07418 -2.45539 -5.19673 -8.87388 -7.92087 -8.68012 -11.0575 -12.53 -13.2251 -12.294 -12.5988 -13.36 -14.3698 -14.8213 -12.9603 -11.9117 -12.1531 -12.6175 -11.6914 -17.354 -15.193 -14.7455 -12.3183 -11.8036 -13.797 -13.9906 -14.9736 -13.7219 -13.7672 -14.181 -11.0432 -7.16206 -7.17064 -7.76035 -7.58442 -6.11609 -6.56935 -5.20553 -5.27213 -7.75849 -8.76495 -8.06986 -9.38471 -9.13971 -9.8263 -11.895 -13.2507 -13.7612 -15.0276 -13.3928 -13.7895 -9.88914 -8.4026 -7.54779 -8.20414 -7.47549 -9.34011 -9.34011 -10.0319 -8.92947 -9.08218 -7.82698 -7.66506 -6.21383 -5.68337 -6.02243
 -6.01641 -5.96536 -4.41886 -2.75211 -3.32222 -4.92774 -6.17272 -9.66155 -9.29169 -11.514 -11.514 -12.6746 -14.2556 -12.585 -13.7561 -14.37 -13.4984 -11.9616 -12.0278 -13.9201 -10.6754 -11.9556 -15.6322 -15.469 -14.7992 -11.4329 -9.97937 -13.9668 -13.9668 -15.4115 -16.0258 -16.0258 -14.7685 -12.7242 -11.0168 -9.1815 -8.83211 -5.24749 -6.53835 -7.73448 -6.27753 -7.08585 -9.11969 -7.19734 -7.98375 -7.16048 -8.18848 -9.26138 -10.5647 -10.6196 -14.5015 -15.3761 -15.3432 -14.0459 -12.5355 -10.97 -10.3716 -9.42235 -8.6818 -8.99429 -11.9753 -10.9255 -9.48242 -10.2338 -7.53718 -9.52948 -8.74411 -8.81508 -8.13755
 -10.231 -6.56374 -4.49404 -2.91663 -4.39812 -6.69599 -7.91919 -9.09499 -9.67971 -10.9309 -12.196 -13.2242 -12.7205 -13.0881 -12.1614 -13.8607 -12.7877 -10.5169 -12.2122 -12.6766 -11.8425 -11.8425 -12.3152 -13.1223 -12.9676 -11.5377 -12.566 -13.6026 -14.6983 -16.203 -16.6975 -16.6134 -14.4908 -12.8167 -12.0354 -10.1774 -8.20216 -7.39429 -6.26865 -9.75814 -8.93397 -9.56853 -10.5634 -9.12166 -8.61728 -6.8856 -9.00721 -9.26138 -10.428 -11.3696 -14.119 -13.2483 -13.8029 -13.8165 -12.4089 -11.2173 -9.68529 -8.91869 -8.14597 -8.08627 -9.69951 -9.33772 -9.13687 -10.2514 -8.89208 -8.51218 -9.14954 -8.66523 -9.03831
 -9.63832 -7.75024 -4.48239 -3.88087 -4.76266 -6.4095 -7.94847 -8.63474 -10.2471 -10.4789 -12.1408 -13.2111 -12.2108 -13.2222 -13.1135 -13.7395 -11.4627 -10.6512 -12.7881 -12.3631 -11.8425 -11.3273 -12.3152 -13.1223 -11.6311 -12.0398 -12.7172 -13.6521 -14.5605 -16.7602 -17.2071 -17.285 -13.5674 -11.9171 -12.3614 -11.0744 -7.0211 -5.87953 -9.32069 -10.3609 -9.35057 -11.0578 -10.5629 -8.84941 -7.87861 -7.41452 -7.89189 -9.79253 -9.68854 -9.68794 -11.404 -13.5315 -13.2236 -13.7694 -11.167 -11.2078 -10.3809 -8.96447 -7.574 -8.86353 -7.83823 -6.73086 -8.90192 -9.56756 -6.48732 -7.49168 -7.8288 -8.17022 -6.10769
 -9.65626 -10.0621 -4.89188 -3.5188 -4.43423 -5.54605 -7.08503 -8.63474 -10.2471 -10.8885 -10.8897 -11.391 -10.4389 -10.3767 -12.9487 -12.057 -10.0048 -11.2169 -11.4038 -12.3906 -11.2804 -11.8295 -12.8174 -13.6244 -12.1324 -11.5616 -12.2293 -13.2725 -13.2966 -16.7602 -17.1869 -16.9106 -14.3383 -12.4099 -13.6937 -11.1803 -9.60409 -9.30663 -8.88489 -9.44187 -8.8256 -10.4845 -10.3699 -9.02067 -6.06627 -6.77004 -9.27863 -8.56368 -9.41358 -9.34661 -9.54301 -11.2355 -12.2223 -12.4747 -10.5778 -10.478 -8.77661 -7.81525 -5.95987 -6.7011 -7.42898 -6.74088 -6.23955 -7.21477 -5.39551 -3.92958 -5.38492 -6.56968 -4.72185
