# name: MAT
# type: matrix
# rows: 64
# columns: 148
 -5.47049 -7.84736 -7.46497 -7.46176 -9.16759 -9.65754 -10.3944 -10.7489 -11.8377 -11.4994 -12.0739 -13.2923 -11.5696 -9.01813 -7.76411 -5.98675 -6.59878 -6.79468 -7.14666 -8.09693 -6.78362 -6.68197 -7.70676 -8.07405 -7.52019 -8.19186 -8.333 -6.32194 -7.45494 -9.66607 -8.38443 -9.48389 -9.43198 -9.32089 -8.29522 -5.94957 -7.41313 -8.3218 -8.02717 -8.75403 -7.57039 -6.73446 -4.69416 -5.73717 -5.14391 -8.39102 -7.72044 -8.56448 -10.6027 -9.79215 -10.2714 -8.56362 -8.55843 -8.02171 -7.99359 -8.26181 -7.61876 -9.27431 -9.25407 -9.27645 -10.2416 -14.2988 -15.2448 -14.2131 -12.4311 -11.9417 -12.0195 -14.4408 -14.6077 -16.1791 -14.4816 -12.9539 -12.023 -11.5951 -9.92412 -9.92412 -13.8722 -14.5488 -14.9748 -15.0355 -15.7226 -15.7226 -17.3349 -17.474 -16.6695 -16.7423 -18.1126 -18.0195 -15.8393 -15.3729 -11.4788 -10.6342 -10.7692 -9.18347 -9.48973 -9.7536 -7.66513 -6.33705 -6.23916 -6.68436 -6.23441 -5.73417 -6.2312 -5.74661 -7.24541 -8.69701 -8.12692 -8.12692 -8.18106 -9.4745 -11.5636 -11.3833 -13.2021 -11.7921 -10.0424 -9.46515 -10.4466 -9.00753 -9.67238 -11.1454 -12.4762 -13.1364 -13.0053 -13.2138 -16.8432 -14.8895 -15.3357 -16.0676 -15.8832 -11.7585 -11.7585 -10.091 -6.94374 -9.16617 -9.17131 -8.67309 -7.93331 -7.32437 -6.94368 -8.16233 -8.15262 -9.01606 -7.78724 -8.24343 -8.84939 -9.58279 -9.34157 -7.87603
 -6.36987 -4.82263 -5.55413 -5.18302 -7.46263 -9.83222 -8.27593 -8.06833 -7.66572 -11.2423 -12.0739 -10.5428 -9.6779 -8.96263 -8.22585 -7.06439 -6.54197 -6.83533 -7.04271 -6.48736 -7.56043 -6.19066 -7.70676 -6.38103 -7.37845 -7.8844 -7.54776 -6.00106 -6.88185 -6.10601 -7.61309 -7.38688 -9.58892 -9.41256 -8.11807 -5.97963 -5.39856 -4.97354 -9.43531 -7.45902 -7.08344 -8.25805 -6.98126 -7.71759 -6.45502 -8.3794 -9.27203 -8.19266 -8.95899 -8.4093 -9.14607 -8.56362 -7.96203 -6.9895 -6.64565 -8.18563 -8.11267 -8.22159 -8.20134 -9.20027 -12.5599 -13.5452 -14.7952 -14.7162 -13.8611 -12.3035 -14.7182 -13.621 -14.6077 -16.1791 -14.4816 -11.8642 -10.9115 -12.023 -9.92412 -9.92412 -12.8775 -13.3777 -14.4509 -15.9765 -16.1715 -16.1715 -17.0305 -17.9461 -15.7659 -16.2828 -18.1126 -15.8419 -15.8393 -14.3337 -11.8805 -11.4883 -9.56752 -8.27967 -8.53985 -7.89377 -7.39798 -7.121 -6.53227 -6.93717 -6.948 -6.02784 -4.34758 -5.74661 -6.68767 -7.61586 -7.61586 -7.61586 -8.4687 -8.39337 -12.0763 -11.5029 -10.7496 -11.1971 -9.53133 -8.89506 -10.8951 -8.9787 -9.101 -9.55059 -11.9377 -10.5058 -12.01 -12.8828 -12.0457 -14.7264 -14.6963 -16.4472 -15.3333 -12.8304 -11.2947 -10.227 -8.23682 -7.15865 -7.32702 -8.88319 -7.43329 -6.76303 -6.77101 -8.97382 -9.52119 -9.39226 -7.79062 -8.29612 -9.46884 -8.30101 -7.92897 -8.46205
 -6.35106 -6.57718 -4.9852 -5.94267 -6.51337 -7.78407 -8.55274 -8.53946 -8.15449 -8.62548 -7.49552 -8.15978 -7.96825 -8.08801 -9.54265 -7.08414 -7.29055 -6.93446 -7.53087 -5.32259 -7.4984 -5.64939 -6.68542 -4.64859 -6.17939 -6.3376 -7.31485 -6.43241 -5.90187 -4.75467 -7.27199 -7.94543 -8.29645 -8.68108 -7.98299 -5.85513 -6.77132 -6.04172 -8.32349 -7.08344 -7.08344 -7.08344 -6.7109 -7.24022 -6.97016 -6.16334 -8.70508 -8.29739 -7.03663 -6.30419 -6.30419 -6.45771 -7.8461 -7.36278 -9.03533 -8.08037 -7.97092 -6.92105 -8.91823 -9.43642 -11.8981 -12.8735 -14.2801 -14.3511 -11.8554 -12.9338 -12.9713 -13.3752 -12.4689 -14.4511 -14.4175 -12.3402 -11.2843 -11.7994 -9.75116 -9.58095 -11.9389 -13.9024 -13.8567 -15.302 -15.0492 -15.0707 -16.5852 -16.1685 -15.7457 -17.0467 -15.6785 -13.2506 -13.7791 -12.1513 -11.3401 -10.8017 -9.56752 -8.19348 -7.98451 -6.91458 -5.38981 -5.61214 -5.1743 -4.38195 -4.33326 -4.84432 -4.23437 -4.16571 -5.63062 -6.59988 -7.61586 -8.4011 -7.44171 -9.50258 -10.0376 -10.9918 -10.5712 -10.509 -9.49576 -8.54954 -9.42416 -7.82902 -6.90972 -9.41162 -10.8084 -10.3669 -12.0541 -12.6878 -12.1109 -13.2908 -14.771 -15.5091 -13.9654 -12.8304 -10.34 -8.96286 -8.18327 -7.40989 -6.71203 -7.76285 -5.33287 -5.33287 -6.14848 -7.56727 -9.38383 -8.20166 -7.87003 -8.39064 -8.64235 -9.43806 -7.28896 -8.83757
 -6.34223 -4.88799 -5.87754 -7.80758 -8.25832 -7.08262 -8.12248 -8.63066 -8.18578 -6.77507 -5.73595 -6.93562 -8.3458 -9.26444 -8.66803 -7.88519 -7.3527 -6.20831 -6.24396 -4.56474 -4.95786 -3.91211 -5.22905 -5.07652 -7.11091 -6.40383 -4.93358 -4.30335 -5.34667 -4.62921 -4.6232 -6.90977 -8.52783 -7.69136 -8.57192 -6.78822 -8.53985 -7.0538 -8.27668 -8.26735 -7.20247 -7.20247 -7.90908 -7.71972 -7.213 -7.60848 -8.82105 -9.42482 -7.56061 -6.30419 -6.30419 -6.40683 -7.30969 -9.64625 -8.48345 -8.08037 -9.94531 -7.78797 -8.9401 -11.6106 -12.5835 -13.6841 -13.68 -12.5826 -9.60448 -11.392 -12.3071 -14.4997 -16.6264 -14.9608 -14.9608 -13.409 -12.9253 -11.3097 -11.3213 -11.353 -11.7843 -14.8992 -15.2854 -15.7965 -14.6913 -12.5925 -15.2163 -14.7996 -14.266 -13.7757 -12.7732 -11.5919 -11.0472 -11.6162 -10.8249 -10.2316 -9.48133 -8.46283 -8.81693 -7.68029 -4.5703 -5.16643 -4.40538 -3.66621 -4.31229 -4.7612 -4.85419 -5.84402 -6.48168 -6.49657 -7.51255 -7.69978 -7.69978 -10.366 -11.4771 -11.0693 -10.6156 -11.0646 -8.50678 -7.87767 -9.19012 -7.31951 -8.82416 -7.82656 -10.3204 -11.6101 -11.0444 -11.484 -11.4298 -12.925 -14.9628 -14.5491 -13.4623 -10.8548 -9.02321 -8.52105 -7.75398 -7.48192 -5.80922 -5.28053 -5.37957 -5.81537 -5.76838 -6.17325 -7.89126 -6.36018 -7.86505 -6.55817 -8.78655 -9.5178 -8.84215 -7.79125
 -4.6709 -6.5101 -7.37548 -8.07057 -8.5201 -8.49792 -8.49792 -9.13122 -7.7247 -7.21088 -7.18484 -6.73663 -7.23321 -8.86246 -8.28129 -9.25323 -7.15364 -5.3806 -2.80118 -3.05543 -5.12841 -3.78387 -5.35043 -5.07117 -5.27861 -3.7563 -5.25964 -6.78353 -5.2793 -3.91073 -3.10072 -6.3724 -6.97759 -7.42592 -5.65749 -6.52278 -6.53555 -7.31234 -6.46729 -9.52267 -7.87414 -9.00009 -10.6483 -8.52852 -7.62034 -7.7758 -9.84024 -9.36204 -7.36643 -7.36643 -7.58926 -7.24229 -7.81931 -8.05876 -8.48345 -8.45866 -9.50163 -7.61794 -10.1056 -13.4096 -13.0478 -13.1689 -12.4597 -12.1096 -12.8596 -14.2473 -15.1458 -14.4997 -16.5887 -15.2671 -15.048 -14.5004 -13.9003 -11.8336 -12.6608 -11.8533 -13.9003 -13.1497 -14.9957 -15.5068 -15.3462 -12.6504 -14.9265 -15.5433 -13.9399 -13.9399 -8.23533 -8.63353 -7.69915 -8.76385 -8.8297 -9.76429 -8.92478 -8.88992 -8.84526 -4.98369 -4.57378 -5.43381 -4.23562 -4.60776 -4.16992 -4.816 -5.22386 -4.45317 -6.29458 -6.49657 -5.8328 -6.6838 -8.25512 -8.70366 -10.2095 -10.432 -8.44309 -9.15287 -8.72542 -7.94403 -9.3343 -8.43735 -9.64433 -8.08741 -8.72279 -10.721 -10.3155 -10.7948 -10.2313 -11.9828 -13.3047 -14.0489 -11.8038 -9.9895 -8.15792 -7.65598 -8.53174 -8.21137 -6.72249 -6.05082 -4.9858 -5.68873 -6.72987 -6.72987 -7.15917 -5.55245 -6.15776 -8.19985 -8.40982 -8.81696 -7.90578 -6.84898
 -5.38041 -6.7551 -7.32819 -6.89518 -7.76277 -8.32031 -9.80089 -9.61453 -7.29544 -6.77878 -7.69999 -7.26061 -6.38146 -7.71363 -8.3249 -8.49721 -5.04304 -3.66812 -4.11702 -4.15206 -4.26312 -4.76444 -5.1659 -4.17476 -4.30367 -4.44095 -3.94643 -4.82319 -5.49666 -4.63322 -4.01154 -5.29001 -5.38726 -6.3141 -6.95878 -3.66409 -5.86098 -6.38496 -6.21159 -7.54771 -9.3935 -9.49867 -9.90256 -8.10545 -7.62034 -6.36195 -9.41717 -9.36204 -9.06373 -7.60001 -8.20563 -8.45438 -9.0314 -7.4376 -7.81157 -7.11512 -10.1921 -9.42127 -10.7019 -13.3977 -13.3965 -12.5285 -11.1063 -12.611 -13.325 -15.6495 -15.6495 -15.9479 -16.0317 -14.7652 -15.2636 -14.063 -12.2194 -13.6242 -13.6328 -13.1543 -11.5912 -12.3617 -12.126 -13.653 -13.4233 -13.9697 -14.0781 -15.0991 -10.9084 -11.4623 -6.87346 -8.16669 -8.52925 -7.51414 -8.89097 -10.5596 -8.89074 -7.89021 -6.56011 -4.8762 -4.8762 -5.31569 -4.82438 -5.68783 -3.74066 -5.29933 -6.75059 -5.61333 -6.90674 -6.53799 -5.53212 -6.64444 -6.43592 -7.90043 -10.3982 -8.98636 -9.48088 -9.67764 -9.04137 -9.94377 -9.31664 -8.80378 -7.8434 -8.29955 -8.76427 -9.42853 -10.2709 -9.71558 -9.70738 -10.9438 -11.9242 -12.7353 -10.4363 -8.1165 -8.15792 -8.44289 -7.47003 -7.61126 -6.21143 -4.89236 -5.75656 -6.12462 -6.58607 -6.70509 -7.60749 -5.55119 -5.76634 -9.02351 -8.40982 -5.55475 -8.55736 -8.22264
