# name: MAT
# type: matrix
# rows: 77
# columns: 85
 -5.94454 -4.33395 -3.74602 -5.3515 -4.6724 -2.84122 -3.34183 -1.17929 -2.9456 -3.99677 -7.67075 -8.10137 -6.85648 -5.89727 -7.535 -8.75 -9.19007 -6.26183 -7.73357 -8.86966 -4.69539 -5.6852 -5.02093 -5.92297 -4.79818 -5.42891 -7.26769 -7.44875 -5.04899 -6.40591 -5.5777 -5.38294 -4.44417 -3.50042 -5.82589 -3.57608 -3.43431 -2.73267 -0.13119 -1.15834 -3.59949 -2.16947 -2.56361 -4.54229 -5.61046 -7.10616 -7.60626 -7.62932 -6.64528 -6.63729 -6.32544 -6.48368 -6.94661 -7.40029 -7.91135 -7.85893 -7.85893 -8.15651 -8.60609 -7.64651 -5.96197 -7.08074 -6.37163 -7.2317 -7.40958 -7.51802 -8.71607 -9.53895 -10.964 -10.815 -10.6997 -10.5398 -11.1714 -9.63603 -10.0394 -10.4587 -10.6964 -8.50669 -6.96297 -6.41206 -6.50984 -7.40371 -6.88042 -6.20139 -7.61271
 -5.2301 -5.64119 -5.64119 -4.45462 -6.44966 -3.74164 -2.03562 -2.0713 -3.47032 -4.55093 -8.19403 -7.49192 -6.5048 -6.35996 -7.90921 -9.07966 -8.40714 -6.46546 -6.2076 -6.88107 -5.13203 -5.16911 -5.98947 -5.98141 -4.23553 -6.29947 -5.41751 -4.81705 -4.73363 -5.81874 -5.24986 -3.63512 -2.24284 -3.45494 -3.85855 -6.04302 -2.63413 -0.151482 0.362335 1.90788 1.17566 -0.76593 -1.66455 -3.3615 -3.57848 -7.06549 -6.59565 -6.09542 -5.6538 -6.14277 -5.84806 -6.05581 -6.60054 -6.82587 -6.535 -6.48258 -5.89507 -6.78016 -7.2594 -8.06465 -7.54097 -5.94102 -5.80685 -9.06861 -8.93983 -7.57072 -9.06032 -9.56995 -9.96568 -11.855 -11.5706 -9.1278 -10.1339 -9.11947 -9.79294 -9.0041 -10.1484 -9.37056 -7.48699 -7.03476 -7.88545 -8.07213 -8.57345 -8.57345 -6.99823
 -6.96957 -5.65025 -6.137 -5.87278 -6.52971 -4.95295 -3.84392 -4.70708 -3.35952 -4.24816 -4.62468 -5.45165 -5.65942 -4.64956 -6.54576 -8.16244 -6.74671 -6.02762 -6.88107 -6.13929 -5.13203 -5.45789 -6.24136 -5.5804 -4.77582 -5.93142 -4.79288 -6.70404 -5.76714 -6.24667 -5.78715 -2.24855 -1.74832 -2.96042 -3.85855 -5.0462 -1.83629 0.723135 1.76093 2.99139 2.08899 1.04963 -2.81248 -1.52138 -2.51724 -2.92662 -8.04694 -8.18832 -6.13117 -6.33828 -6.2452 -4.50797 -5.24073 -5.74384 -6.17178 -5.89507 -6.3546 -5.9642 -5.9642 -4.30463 -4.35328 -6.64973 -4.44252 -5.9726 -8.03534 -8.95759 -10.0462 -8.24122 -8.82124 -9.23419 -10.6494 -9.67431 -9.46834 -7.42629 -7.21776 -8.80837 -9.50346 -7.91003 -6.57382 -7.1328 -7.06984 -7.70611 -7.59683 -8.05861 -9.54589
 -7.77752 -6.01754 -7.44391 -7.72752 -6.79277 -8.38675 -5.91789 -6.82224 -3.92134 -4.48403 -3.91643 -5.14891 -5.7468 -4.75944 -6.2277 -7.57652 -6.98234 -6.70109 -6.01762 -4.75976 -4.08336 -3.19682 -3.36224 -5.54477 -6.03003 -5.33003 -5.76787 -7.1333 -6.47318 -5.69465 -3.90035 -2.08087 -2.74513 -3.90554 -3.38888 -2.74161 -1.68679 -0.370443 1.82773 2.51399 2.1029 0.479539 -1.40003 -3.1723 -3.1723 -1.52277 -3.84659 -7.78241 -4.41135 -4.41135 -5.03214 -4.98534 -4.54307 -5.24073 -6.28244 -6.73135 -6.25623 -7.1763 -6.8898 -6.07208 -6.67219 -8.36207 -4.08475 -5.41184 -6.28734 -8.2376 -8.52595 -8.94227 -8.24122 -9.17676 -9.78406 -9.15823 -9.64734 -8.97969 -7.22555 -8.40504 -10.3403 -10.0131 -8.82993 -7.79013 -6.67866 -7.76325 -6.79758 -6.30972 -7.98173
 -8.65211 -8.65211 -9.10206 -8.89148 -7.57976 -8.04421 -8.53457 -7.35381 -7.19678 -4.59162 -4.48947 -5.28244 -5.9162 -4.75944 -6.74379 -7.57652 -7.14715 -6.43907 -5.38386 -4.64076 -2.78204 -1.23215 -3.10022 -3.46055 -3.10564 -4.89693 -5.13559 -5.80795 -4.97236 -5.45827 -5.18799 -3.00865 -4.40577 -4.41299 -4.41299 -4.16083 -1.17012 -1.17165 1.97723 1.44732 0.43008 0.43008 0.127792 -3.33296 -2.62082 -1.13646 -4.20134 -5.72433 -5.03443 -4.04494 -3.5447 -2.63081 -3.09517 -5.31713 -5.48297 -8.86446 -9.01129 -7.39004 -7.94538 -6.57231 -6.57231 -6.82234 -7.26528 -5.44722 -5.2047 -5.94978 -7.34374 -7.97612 -8.87461 -10.5354 -11.4935 -10.6402 -9.99415 -10.1694 -8.86583 -8.48467 -10.5893 -9.51929 -8.79226 -8.19668 -6.68235 -7.30675 -5.87477 -5.42482 -7.94781
 -6.97726 -9.10206 -9.10206 -10.1288 -7.45776 -8.51834 -8.43716 -7.86255 -8.51923 -5.46847 -5.08144 -4.40791 -4.32634 -4.99964 -6.67515 -6.21175 -7.12507 -5.86424 -5.23048 -4.8273 -2.8323 -0.281445 -4.42184 -2.65891 -2.86652 -4.43703 -4.82832 -4.07358 -3.05765 -5.17942 -4.75015 -3.25135 -5.23447 -4.29583 -3.11483 -2.62815 -0.0072049 0.946352 1.6788 2.98567 1.77744 2.27401 -0.0467167 -3.39674 -2.23639 -3.24168 -2.98852 -4.94723 -4.13473 -2.97286 -3.65912 -6.32086 -7.45086 -4.92724 -5.89639 -6.64317 -9.71557 -9.23237 -9.78771 -8.61244 -8.38544 -6.8245 -8.09596 -5.44722 -6.71539 -6.58605 -8.43339 -7.75939 -8.87461 -10.897 -12.3588 -12.4321 -10.6402 -10.6934 -10.1619 -9.03554 -9.51271 -8.93927 -7.93939 -6.97569 -7.66663 -7.85295 -6.84726 -7.27935 -8.6157
 -6.47422 -7.55602 -7.32277 -8.55023 -8.90541 -10.6591 -9.36335 -8.21027 -7.48528 -6.8446 -6.3066 -4.40791 -4.68516 -5.44234 -5.31038 -5.27733 -7.27051 -5.34036 -5.48 -3.06922 -3.18968 -1.79558 -1.50881 -3.84941 -2.3418 -3.85041 -4.68947 -4.52402 -5.55945 -6.06353 -8.05848 -6.01504 -5.01349 -4.57141 -3.89065 -2.01927 -0.313933 3.36783 4.12494 4.0816 2.39984 2.63187 2.03157 0.115769 -2.05547 -3.02819 -3.39371 -3.59938 -4.16974 -5.23597 -4.11969 -5.32525 -5.74172 -6.22776 -8.26951 -5.75843 -6.80626 -8.59649 -8.08686 -9.45527 -8.5777 -7.97218 -7.02565 -8.79105 -9.42486 -8.49879 -10.275 -8.3394 -9.00505 -10.4474 -12.4449 -11.565 -12.5183 -11.3366 -10.1425 -9.63874 -9.58177 -10.6038 -9.16261 -6.4697 -6.46766 -8.75871 -6.79323 -6.85947 -8.13661
 -4.03393 -6.07952 -6.01491 -8.24912 -9.40901 -9.82219 -9.57803 -10.1962 -9.48701 -7.0432 -7.69088 -7.59808 -7.50068 -7.88928 -8.34781 -6.35788 -7.30304 -4.52688 -2.94636 -0.954916 -1.26115 -0.668188 -0.481531 -1.73014 -4.08174 -3.85405 -3.13778 -4.53351 -5.12113 -7.29628 -6.46146 -6.21716 -7.73882 -5.91623 -3.68313 -0.139914 2.07868 4.42522 4.50886 5.1095 2.80962 -0.347451 1.62717 -1.90311 -1.7714 -1.2481 -3.82581 -4.26364 -3.25674 -3.85434 -3.966 -3.60454 -5.05546 -7.25311 -6.59943 -5.64873 -6.42462 -9.08674 -10.2848 -10.7879 -9.42621 -8.56136 -9.32266 -9.20368 -9.30068 -10.56 -10.8625 -9.87856 -9.95669 -10.1456 -11.1503 -10.5333 -11.0572 -10.2933 -8.2379 -8.67574 -7.38824 -8.93827 -7.95252 -7.70778 -6.21308 -7.81667 -7.75521 -7.31902 -8.65537
 -4.56937 -4.83719 -8.11553 -7.74999 -9.10609 -9.78401 -11.5947 -10.0914 -9.44832 -7.90707 -6.12017 -6.5717 -7.84478 -8.3935 -8.31859 -6.73203 -5.4762 -5.11694 -2.08979 -1.30257 0.66757 1.86016 1.75189 -0.781593 -2.65445 -4.57704 -4.39268 -5.21518 -4.86372 -6.6528 -6.77701 -5.46713 -7.14328 -7.14961 -3.98577 -2.36187 0.412064 0.463576 0.604246 2.63542 2.61247 -1.21473 -1.72883 -5.01687 -3.20104 -2.91994 -3.47959 -3.20357 -4.43169 -4.59866 -6.36522 -5.73146 -7.18925 -7.39346 -8.29636 -8.89712 -9.75461 -11.3239 -11.742 -12.931 -11.9923 -11.7934 -11.8229 -10.5144 -9.71882 -10.5749 -10.8774 -10.3937 -9.55662 -9.2248 -10.7402 -10.7199 -11.2439 -9.47075 -8.41599 -7.04685 -6.93865 -7.77177 -5.86967 -4.94562 -5.42216 -5.89953 -5.99168 -6.97344 -9.59005
 -4.88876 -2.88176 -6.73675 -8.12076 -7.60834 -9.51273 -12.1932 -11.0624 -11.1489 -9.94459 -8.87904 -9.49026 -9.68539 -8.63836 -9.49313 -7.07445 -5.19717 -3.61155 -1.82286 0.549356 2.48986 3.29202 2.34022 0.261662 -1.31702 -4.14778 -3.47431 -4.06778 -6.017 -6.63725 -5.88393 -8.50958 -6.53345 -6.78576 -4.35246 -3.6349 -1.94049 -1.14332 -1.12451 0.185502 -1.69844 -2.22074 -3.70318 -4.27845 -3.01782 -4.52583 -3.44977 -4.14609 -6.35397 -6.4466 -6.7418 -8.20092 -9.34637 -10.1316 -10.6481 -11.76 -11.9208 -11.7942 -12.931 -12.4262 -10.3503 -11.0848 -11.5109 -8.78954 -10.007 -8.92436 -10.1203 -10.1441 -10.0457 -11.0447 -11.096 -11.2091 -11.2091 -9.85177 -8.41341 -7.53596 -7.62679 -7.54666 -5.55736 -6.05188 -4.50651 -3.49646 -6.49836 -9.09417 -9.76025
