# name: MAT
# type: matrix
# rows: 59
# columns: 62
 -6.24754 -5.65635 -7.23534 -7.42147 -8.47184 -7.0196 -7.15855 -7.92447 -6.60594 -8.34809 -7.04168 -7.73705 -7.34907 -6.82814 -6.13104 -5.97039 -4.81244 -6.10592 -5.79623 -4.65767 -4.69831 -7.08696 -7.35712 -7.68867 -9.10523 -9.89098 -9.50331 -8.48465 -6.03736 -4.95634 -3.3874 -4.9469 -5.0351 -5.06649 -8.13287 -9.74939 -11.6551 -14.1899 -15.6737 -13.1952 -14.6722 -14.2418 -12.8624 -12.9159 -12.3882 -10.6138 -10.1755 -8.61211 -8.61211 -9.33979 -9.88096 -8.59916 -9.12736 -11.1947 -11.088 -11.0484 -12.0988 -12.2327 -12.3065 -11.131 -11.1657 -11.2435
 -7.84088 -6.27988 -7.94704 -7.67645 -7.74049 -5.67615 -7.60132 -9.07781 -6.7014 -8.47739 -10.4048 -8.94261 -7.92755 -7.38952 -5.28622 -5.92252 -5.57228 -5.0192 -6.21929 -5.66395 -3.38959 -7.61901 -7.16995 -6.08348 -9.02964 -10.3268 -9.05372 -7.27724 -5.60242 -4.02939 -3.47745 -4.07797 -6.11987 -9.25017 -10.9851 -11.8788 -13.0151 -14.1889 -13.2817 -14.2085 -14.2288 -13.7539 -13.9127 -12.3255 -12.1404 -11.2544 -10.3023 -10.3227 -10.4753 -9.72232 -10.4283 -9.33772 -9.72879 -10.3791 -11.7366 -12.338 -12.7151 -12.8491 -12.9229 -11.5978 -11.5978 -10.6705
 -7.67295 -7.09997 -7.02568 -8.07554 -7.07562 -6.82208 -7.97898 -9.05387 -9.59319 -8.77351 -9.40441 -9.01842 -9.30784 -8.13416 -7.01926 -6.01797 -5.54644 -5.03538 -6.00215 -7.65491 -7.64438 -7.95325 -7.02893 -7.88265 -8.77996 -9.51432 -7.35234 -6.41304 -5.3659 -3.56333 -4.25143 -4.02879 -6.83088 -9.42552 -9.92576 -11.7111 -12.9791 -13.1577 -12.8507 -11.7641 -11.3975 -13.4758 -11.9248 -12.4307 -12.0465 -11.4036 -9.74119 -9.19848 -10.0739 -10.3547 -9.86924 -9.04275 -9.4926 -11.0032 -10.9977 -11.8133 -11.6891 -12.8491 -12.2495 -12.2697 -10.7822 -8.96701
 -7.99527 -6.54001 -7.04932 -7.6297 -7.08928 -7.84335 -9.25137 -9.7145 -10.8529 -10.1973 -10.2028 -9.15506 -9.30784 -8.09416 -8.00865 -5.7527 -6.26285 -7.65651 -8.12379 -9.31856 -11.8132 -8.15864 -7.12321 -8.06102 -8.53326 -8.6079 -7.91444 -8.40495 -6.63047 -5.98454 -4.74822 -5.29956 -7.93059 -10.5337 -12.001 -13.4508 -12.5857 -11.5509 -12.178 -11.9716 -11.4399 -11.3768 -11.1701 -11.477 -9.38501 -8.78861 -7.02979 -7.11924 -7.6295 -8.79603 -8.84642 -8.78581 -8.2054 -9.65294 -9.6376 -9.13449 -8.85191 -9.23789 -10.0192 -9.51548 -9.51548 -10.2436
 -8.50628 -6.39306 -6.43689 -8.77422 -9.22204 -10.599 -10.3685 -10.2528 -12.6349 -11.1844 -10.2803 -9.76587 -9.44824 -8.67361 -8.65473 -7.80979 -6.01991 -8.69086 -8.06337 -8.69373 -11.4452 -8.73173 -7.71962 -9.02595 -8.54995 -7.97085 -7.79252 -9.09306 -8.05658 -6.37406 -6.3249 -6.54205 -9.50391 -10.5033 -12.9034 -11.097 -11.714 -11.2959 -10.4068 -10.4697 -9.43166 -9.36864 -8.11326 -8.029 -8.56472 -6.85889 -6.3895 -6.40848 -8.28085 -7.96364 -6.51655 -6.60096 -7.25154 -8.06065 -8.94875 -7.08138 -7.46332 -7.98804 -8.01099 -6.94282 -7.53312 -6.43581
 -6.97127 -5.73726 -5.29385 -8.33397 -9.11252 -11.3347 -9.39472 -10.1925 -11.3822 -9.74398 -9.74688 -7.52091 -8.44963 -7.78502 -7.76613 -6.43351 -7.5307 -8.2471 -9.7868 -11.1616 -11.8544 -10.9808 -8.60503 -9.00681 -9.13664 -10.3929 -9.59959 -9.57862 -7.8745 -6.91478 -8.46837 -9.57925 -9.07793 -9.83041 -10.5012 -9.90111 -11.4936 -11.0437 -10.1214 -8.65528 -7.673 -8.11855 -8.11855 -6.65303 -5.83189 -4.79571 -4.0848 -7.79509 -6.71365 -5.14319 -5.0748 -5.27281 -5.88633 -5.59812 -6.55393 -7.05704 -8.41543 -8.9271 -9.50813 -8.96089 -7.9333 -7.9333
 -6.68494 -6.78239 -6.72752 -9.89561 -10.3554 -10.1003 -10.4893 -10.8388 -12.2419 -11.1184 -10.4968 -10.7917 -9.8017 -7.16538 -8.08657 -7.5687 -8.84826 -10.1108 -11.8477 -11.4931 -11.1411 -11.925 -12.9799 -11.27 -11.5934 -10.6699 -10.8586 -10.4064 -9.05841 -8.2338 -8.13145 -8.8044 -7.57285 -9.09141 -11.062 -11.4606 -12.0215 -11.5715 -11.1275 -7.70458 -7.29239 -7.10257 -7.57202 -6.7017 -7.42179 -5.31619 -6.26621 -7.95368 -3.23697 -4.17607 -3.68595 -4.28731 -5.26497 -6.71352 -6.69449 -7.50699 -8.92618 -9.8642 -9.93823 -10.4583 -8.96089 -7.42367
 -7.43143 -8.05502 -7.4876 -9.87981 -10.5437 -9.59812 -9.83195 -10.9394 -13.7542 -12.116 -12.0893 -9.6824 -10.0128 -9.70473 -7.32812 -8.37801 -9.24687 -10.7382 -12.666 -12.2652 -12.7571 -12.6378 -14.2363 -14.7854 -13.7041 -11.7437 -9.77701 -9.0831 -9.0831 -8.86282 -10.3722 -9.6097 -9.16022 -10.5495 -11.0363 -10.6004 -11.0859 -10.1112 -11.6288 -11.0718 -9.18169 -9.72301 -7.3395 -8.06668 -8.84512 -5.69626 -5.07482 -4.89491 -5.91277 -2.84316 -3.35674 -1.75581 -5.16803 -5.36172 -5.06753 -6.91009 -8.29242 -9.23044 -9.33629 -10.4714 -10.4131 -8.62558
 -9.01296 -9.57176 -6.49666 -8.70809 -10.3316 -8.86134 -10.3398 -10.9364 -13.3128 -12.9761 -11.2151 -10.6066 -11.6262 -10.1248 -9.25794 -9.16146 -7.44346 -6.73983 -11.4494 -11.4338 -12.587 -11.7709 -12.2761 -14.818 -14.1669 -13.0987 -10.1803 -9.73075 -9.22112 -8.25989 -7.95521 -8.39862 -11.0865 -11.0513 -12.0394 -13.3321 -12.4611 -11.5811 -10.9584 -9.02158 -9.36006 -9.00629 -8.92823 -9.51388 -7.65735 -6.13207 -7.58663 -6.07086 -6.44421 -3.16976 -2.94286 -2.49299 -3.47838 -4.80267 -5.06753 -6.85372 -7.31325 -8.74133 -8.81231 -10.6641 -10.1168 -10.9241
 -8.5019 -9.29934 -7.04403 -9.41831 -10.9653 -9.44291 -9.86461 -12.2107 -12.1898 -11.8097 -9.61171 -10.7071 -11.5083 -9.88196 -7.94936 -6.78899 -8.44467 -7.19003 -9.6357 -10.2964 -11.0279 -10.7074 -12.8087 -13.4771 -12.3838 -11.3157 -12.849 -9.24711 -8.73045 -9.54244 -7.56697 -8.67469 -10.5656 -11.5868 -12.4429 -12.9167 -13.2008 -11.52 -11.3472 -9.62121 -10.8623 -9.84197 -10.3377 -9.05468 -7.46086 -5.91975 -7.35141 -7.22965 -8.8787 -4.48562 -2.36284 -5.66697 -3.41282 -4.28174 -6.11389 -6.41878 -6.87831 -7.25974 -8.43591 -9.64886 -10.1545 -9.29662
 -10.3571 -9.44761 -6.78923 -4.82398 -7.38751 -7.07753 -8.99667 -11.8463 -12.1898 -10.672 -11.6886 -11.69 -11.0883 -10.901 -7.6586 -7.84699 -7.58351 -8.0814 -9.34755 -10.2095 -11.1781 -10.0758 -11.7877 -13.7642 -13.1377 -13.9533 -10.2157 -9.76607 -7.87466 -6.50863 -9.10232 -10.944 -9.95078 -11.7756 -10.2708 -10.2158 -8.36928 -10.2077 -9.33815 -8.48717 -8.77147 -9.91352 -9.92857 -6.72732 -5.37424 -5.64743 -5.90115 -6.87469 -6.21092 -5.1951 -5.21302 -4.57949 -2.8895 -5.10623 -5.20194 -6.51827 -5.96293 -7.51075 -8.51611 -8.13527 -7.30985 -7.80643
 -10.1487 -8.6501 -4.78428 -4.9429 -6.40513 -4.30328 -5.68449 -10.8671 -10.6783 -12.7324 -9.40079 -11.2062 -11.1735 -10.4096 -7.90288 -7.98012 -7.50087 -10.5132 -11.3897 -11.9535 -10.9687 -11.0535 -10.7363 -13.2028 -12.9953 -11.9257 -10.0147 -7.69404 -5.69437 -5.57926 -8.24051 -8.63651 -9.75421 -9.9985 -10.1431 -9.9922 -9.87605 -8.31887 -8.73706 -8.43679 -8.23585 -10.365 -10.1022 -7.21057 -6.11717 -7.21931 -6.81026 -6.37446 -5.07147 -6.30849 -6.13814 -5.90721 -1.65399 -4.26976 -4.72141 -6.39131 -6.6364 -6.59079 -9.17056 -8.29969 -7.37717 -7.37717
 -9.09076 -6.4829 -7.53162 -6.155 -5.07513 -5.54816 -5.23491 -7.10898 -7.92938 -10.7457 -9.10253 -8.07926 -8.86676 -8.66894 -7.75126 -7.75701 -7.63231 -8.78366 -10.9735 -12.5236 -10.3175 -10.2293 -10.0646 -10.0899 -10.5191 -8.89412 -9.67939 -6.8022 -5.79035 -6.74342 -6.64798 -7.66767 -6.73321 -9.07324 -9.31228 -11.134 -7.06868 -7.80221 -9.25799 -9.59171 -9.10597 -10.2843 -8.53377 -6.63503 -5.56182 -6.6318 -5.79349 -5.21015 -5.2138 -4.83304 -5.25036 -4.7831 -2.81125 -4.50587 -5.54646 -6.37957 -6.44971 -5.47924 -7.06358 -6.86112 -7.33925 -6.64716
 -7.32953 -7.22653 -5.55511 -6.14274 -2.46416 -3.50816 -4.10745 -6.55161 -7.35007 -8.01382 -7.64967 -9.52246 -8.86562 -9.35973 -7.86432 -9.05016 -9.06785 -9.45534 -11.0797 -10.6052 -7.52485 -8.54842 -7.44939 -8.80901 -9.09862 -9.41258 -8.32924 -5.58618 -4.33071 -6.26417 -6.67899 -6.93215 -6.59542 -7.92038 -9.41014 -7.19258 -7.11581 -7.76527 -9.49115 -9.59171 -9.59384 -8.84847 -7.41067 -5.97008 -4.01374 -5.28435 -5.64595 -5.21015 -4.64135 -3.79411 -4.57672 -4.23164 -3.679 -5.35187 -5.96742 -7.5838 -7.27521 -5.05251 -5.07212 -6.95609 -6.31852 -5.80975
