# name: MAT
# type: matrix
# rows: 75
# columns: 142
 -5.39914 -5.89366 -5.03384 -4.5434 -5.93027 -3.78556 -3.17433 -1.3134 -0.676349 0.310742 -1.30029 0.0213307 0.237411 -0.681696 -1.65578 -0.120452 -0.0443605 -0.763053 -0.816888 -2.91103 -5.587 -5.18749 -5.37386 -5.89479 -3.79831 -5.29946 -5.1578 -7.22784 -7.18824 -5.92304 -6.41534 -8.01019 -9.02957 -7.77629 -6.06771 -4.47166 -4.31002 -7.1541 -6.70634 -5.34336 -4.25107 -4.14183 -6.38318 -7.80316 -7.36532 -7.36511 -7.36689 -5.21713 -6.44627 -7.01066 -5.70708 -6.17176 -8.14195 -8.21848 -6.39941 -6.94678 -7.1998 -7.26086 -8.43035 -7.39902 -7.17552 -7.66683 -8.54459 -8.43521 -8.43521 -8.82111 -7.17926 -6.35042 -5.88249 -6.90963 -9.01863 -10.6974 -10.419 -8.65263 -7.83702 -10.6534 -9.30883 -8.80674 -8.3447 -7.31195 -7.09156 -5.0956 -4.33703 -6.56021 -7.50493 -7.08908 -6.56078 -7.89205 -8.8944 -9.07633 -8.02075 -8.66683 -8.52823 -7.44547 -6.75736 -6.91794 -7.95161 -8.0519 -8.89653 -8.91899 -8.49935 -7.1453 -9.19511 -6.17639 -7.15956 -5.27714 -3.11068 -0.793926 -1.85965 -5.33684 -3.52428 -2.55027 -2.86099 -3.08313 -2.01496 -4.75816 -6.15865 -7.45919 -7.78244 -9.79858 -9.5208 -8.95986 -7.32325 -4.70981 -4.7522 -4.09214 -2.0489 -0.578804 -2.22403 -2.58877 -2.04609 -1.57264 -3.13668 -1.61589 -1.43416 -2.82641 -4.20352 -7.26815 -5.99445 -6.86226 -7.65047 -7.28622
 -4.97671 -5.48612 -6.23375 -6.38367 -4.85305 -4.08056 -3.64909 -2.16834 -2.27167 -3.11301 -1.98387 -0.98749 -0.579174 -0.089784 1.66959 1.30542 2.34685 0.209442 -1.05914 -0.890028 -2.17194 -2.90806 -5.65142 -5.5263 -4.82334 -4.38014 -4.23779 -4.13786 -6.88745 -6.88745 -6.22739 -5.6375 -6.85675 -7.95627 -5.924 -5.30733 -3.89412 -7.29369 -7.18543 -4.84025 -3.10296 -3.63283 -6.92236 -6.91678 -7.55305 -7.83877 -7.37309 -6.75413 -6.97025 -7.53464 -6.98922 -6.53956 -6.76143 -7.5319 -6.22213 -6.87435 -5.9406 -6.97665 -7.48474 -7.95494 -8.84035 -8.61874 -9.77329 -9.70706 -9.1667 -8.70324 -9.11269 -6.901 -5.88249 -6.40831 -8.26581 -11.1298 -9.9645 -11.0423 -10.0349 -10.6964 -9.36981 -8.80674 -8.28261 -7.55176 -6.19337 -4.84809 -4.84809 -5.54853 -8.64512 -8.40567 -8.95912 -8.43019 -9.00338 -10.2001 -8.69404 -8.89184 -8.76169 -8.19555 -6.49723 -7.16288 -8.85114 -10.4747 -10.2468 -8.93515 -8.67762 -10.3879 -7.59205 -7.97898 -8.10253 -7.52934 -7.51348 -4.29113 -2.40468 -2.96438 -4.21845 -2.7934 -3.14221 -3.38472 -3.84908 -4.19958 -3.9987 -4.90639 -5.84787 -6.1096 -6.67637 -8.08335 -4.74874 -3.73206 -4.19457 -4.81686 -2.90497 -2.92128 -1.44791 -2.01394 -3.11468 -1.87455 -1.53841 -1.08554 0.246735 -1.56195 -0.930792 -3.96828 -5.06209 -6.42769 -5.90297 -5.89648
 -5.10963 -6.59699 -5.34257 -6.69068 -5.53489 -5.55514 -4.80057 -5.1648 -4.24201 -3.93807 -5.40153 -1.07517 0.443082 2.38368 2.88878 3.43185 2.30243 2.71323 -1.50057 -0.831337 -1.56994 -3.83108 -5.50352 -5.60196 -5.40172 -4.89066 -3.95778 -3.64334 -4.87866 -5.71446 -6.14357 -5.13618 -7.19231 -7.38056 -7.60773 -5.42274 -4.47204 -5.69213 -5.53863 -4.2736 -3.70938 -3.19719 -5.29776 -5.79434 -7.63282 -8.08114 -6.83797 -9.40279 -7.70174 -7.92869 -6.98922 -5.9286 -5.09722 -5.76889 -7.06249 -6.71492 -5.16321 -5.23999 -7.54811 -7.59842 -8.67774 -9.91055 -10.3336 -8.86374 -9.38846 -9.29551 -9.68745 -7.81519 -7.93283 -9.10707 -8.98517 -9.44121 -10.0075 -9.62245 -11.0023 -10.1867 -11.4528 -10.9548 -7.96181 -6.02073 -6.83714 -5.73509 -5.46986 -7.51303 -9.85785 -10.3553 -11.2721 -10.6755 -10.7129 -11.4864 -9.50822 -8.97496 -6.93301 -7.85422 -6.87413 -7.4905 -9.10881 -10.8651 -12.0583 -10.0198 -10.0404 -11.0645 -8.98587 -10.147 -8.78344 -7.53749 -6.18697 -5.15982 -4.18704 -5.23126 -4.58606 -4.07288 -5.36463 -4.59572 -3.73043 -5.04463 -3.75104 -4.54813 -4.66657 -6.46569 -7.0693 -6.31285 -5.72574 -4.74992 -4.19457 -5.24895 -4.81686 -4.50843 -3.84994 -3.00323 -2.31945 -2.21098 -0.179408 -0.943278 -0.895986 -2.05028 -1.89057 -4.49301 -5.83129 -5.90297 -5.43277 -5.32339
 -5.59662 -5.64018 -6.12196 -6.53007 -5.68645 -5.63306 -5.62325 -3.35531 -4.54345 -4.48058 -3.78068 0.216142 -0.959823 0.460811 1.59639 2.09038 1.01886 0.982971 0.44527 -1.03865 -4.30129 -3.83108 -4.46927 -4.33367 -3.98251 -3.49786 -3.79663 -3.69863 -3.79189 -3.92902 -5.64334 -5.83305 -6.16806 -7.26758 -7.70309 -7.70346 -4.99534 -5.83114 -5.65368 -2.46055 -3.65834 -2.71794 -4.79005 -6.93436 -8.09461 -9.02218 -6.18194 -6.38895 -9.17085 -7.92869 -7.53211 -6.22152 -6.58549 -6.82171 -5.83512 -5.07536 -4.55064 -5.58634 -7.97422 -7.45813 -8.67774 -9.91055 -10.8583 -10.1865 -10.6354 -10.3969 -10.9282 -10.911 -8.36777 -8.65712 -8.71315 -10.5326 -10.0843 -10.2226 -11.0023 -11.3089 -10.9635 -9.94407 -10.1609 -9.42259 -7.17745 -6.73899 -6.47391 -7.80443 -9.17159 -10.2899 -13.755 -12.1562 -11.8788 -12.4561 -9.84928 -8.66755 -9.70403 -10.2703 -9.28794 -9.93305 -10.688 -12.1693 -11.5718 -10.5672 -10.4225 -10.5764 -11.632 -11.1686 -7.57996 -5.93521 -4.67586 -4.67586 -4.13143 -5.23126 -4.4808 -3.46906 -6.07214 -4.24981 -4.23259 -3.28189 -3.87106 -5.62078 -4.73391 -5.22135 -7.60529 -7.12129 -5.20298 -5.32001 -6.13182 -5.18676 -5.74838 -6.73629 -4.52649 -2.69127 -3.57826 -2.20208 -0.681566 -1.39219 -1.39959 -4.06666 -3.8934 -6.27253 -5.04308 -5.43277 -4.8854 -5.70101
 -4.63242 -5.20551 -6.47514 -5.67151 -4.00613 -3.38134 -4.02874 -4.81959 -4.78959 -5.90546 -5.41053 -3.93712 -3.96829 -1.99998 -0.120256 1.97708 1.10274 2.43577 -0.153494 -0.834015 -2.67756 -3.2372 -4.57657 -4.41653 -4.03162 -4.06983 -5.10921 -4.58778 -5.32701 -4.65533 -5.3903 -6.34805 -7.06325 -7.64669 -7.21875 -6.74174 -7.03158 -4.30267 -4.52958 -4.27281 -4.13321 -4.45299 -5.37218 -7.31307 -7.42294 -7.29783 -6.26768 -5.81551 -8.33512 -7.75274 -8.19038 -6.34772 -6.77301 -6.90131 -5.83959 -5.54851 -5.70094 -4.76187 -4.88844 -5.61764 -7.66834 -9.34318 -9.92069 -9.73792 -11.5084 -11.7236 -11.2097 -11.0968 -9.84194 -8.31322 -8.98896 -7.86521 -8.456 -10.5467 -11.9951 -11.2031 -11.155 -10.6656 -10.1609 -9.26239 -7.36181 -6.74819 -6.24459 -7.26438 -10.0386 -10.8542 -13.4085 -12.1681 -12.3395 -11.1423 -9.40049 -10.4173 -11.3385 -11.3385 -9.88466 -9.40541 -8.95752 -10.4764 -10.9244 -10.8468 -11.3482 -9.13749 -10.1189 -9.77434 -9.38308 -6.98875 -5.9513 -5.36212 -5.43863 -5.16819 -5.45775 -4.79091 -5.07185 -5.56843 -2.77817 -3.89826 -6.09977 -5.21837 -6.58495 -5.20244 -7.31999 -6.48808 -5.19662 -6.59408 -5.58455 -6.13703 -6.69865 -7.3241 -5.80198 -5.6674 -4.67601 -3.3114 -1.35928 -1.39069 -3.88071 -5.40133 -6.30008 -5.80232 -5.23852 -5.52447 -4.8854 -5.8874
 -4.63242 -5.07584 -5.56963 -3.9237 -2.28344 -3.34766 -4.00439 -5.32316 -5.40984 -5.26302 -5.76517 -3.93712 -3.61139 -1.99998 -0.0587816 1.6431 1.13204 -0.735932 -0.0366559 -0.260511 -1.39361 -2.25151 -4.65401 -2.87063 -3.03145 -3.05978 -3.9452 -5.69536 -7.47999 -5.5395 -6.31844 -6.30528 -6.91309 -8.18479 -8.35681 -8.37158 -6.84515 -5.2444 -4.78004 -4.32831 -4.68719 -3.82958 -6.10366 -6.41552 -5.89459 -5.9815 -6.49082 -6.10871 -6.61445 -6.43113 -6.86876 -6.69186 -6.56964 -5.51899 -6.89943 -5.71872 -5.21183 -5.78491 -4.82565 -6.11248 -7.26904 -7.69211 -10.683 -10.0111 -9.15777 -10.8867 -9.63904 -10.1697 -8.56446 -10.2473 -8.70304 -7.18037 -9.33202 -8.78142 -9.1357 -9.08835 -8.52173 -9.94263 -8.57722 -7.51753 -6.02588 -5.57629 -7.21255 -7.76798 -9.9636 -10.9257 -11.6563 -8.743 -9.17094 -10.2909 -10.0868 -10.9989 -11.3385 -10.3878 -9.96216 -10.1101 -9.78305 -9.87164 -10.4777 -7.87894 -8.53281 -10.4477 -9.99912 -12.4098 -10.0596 -7.69163 -4.94366 -6.47613 -6.06839 -6.94821 -4.31512 -4.30247 -4.13642 -5.23204 -3.90857 -4.41435 -5.09127 -5.5969 -7.29206 -5.28196 -5.42058 -5.30458 -3.16895 -6.00382 -6.52476 -7.94539 -8.40492 -8.41569 -6.37333 -5.23814 -5.31311 -3.97656 -3.26042 -3.85987 -5.78092 -6.69733 -5.72949 -6.95033 -4.00088 -4.36717 -6.78422 -6.39112
