# name: MAT
# type: matrix
# rows: 88
# columns: 79
 -7.50246 -5.69582 -5.345 -5.32719 -4.7633 -6.53345 -6.95652 -5.12067 -6.95229 -8.26967 -11.4944 -10.9912 -11.6672 -12.2872 -11.9214 -12.686 -12.6801 -12.4585 -11.2159 -11.7104 -10.1184 -10.0389 -9.65779 -8.20453 -6.57067 -8.23653 -8.37861 -6.54657 -8.19697 -5.22103 -4.65091 -5.03714 -4.61174 -1.00226 -2.48761 -6.1794 -6.85107 -7.19607 -5.22202 -5.9086 -7.75499 -7.16747 -9.27616 -9.8914 -9.54548 -9.97028 -8.25892 -8.3674 -9.08937 -8.98786 -12.2363 -13.332 -14.2088 -13.8879 -14.3975 -16.198 -15.8217 -14.4122 -11.7129 -9.88934 -8.58925 -9.08053 -8.86263 -7.45968 -6.05098 -6.49596 -3.89292 -5.44187 -4.54022 -3.29615 -2.1263 -3.77398 -1.64255 -3.91036 -5.7591 -7.37796 -7.12447 -8.90561 -11.3007
 -7.01335 -5.22767 -5.73079 -6.30218 -6.30218 -7.19772 -6.05504 -7.04976 -7.61655 -9.27321 -10.9906 -11.9641 -12.0914 -12.7515 -11.8845 -12.9696 -15.4472 -15.4472 -13.9526 -12.3698 -11.8502 -10.7559 -9.6304 -8.28827 -7.5687 -7.62508 -7.48099 -7.48099 -9.45537 -6.37591 -3.64804 -5.16058 -5.40089 -3.67589 -2.12479 -5.98762 -5.98762 -4.93403 -4.05838 -6.00135 -6.74908 -6.65805 -9.2311 -9.38086 -7.51387 -7.51049 -8.35024 -8.23075 -7.90288 -8.98786 -10.4748 -12.7774 -14.2088 -14.269 -13.7597 -12.7498 -12.822 -12.8815 -12.6332 -8.84991 -8.50053 -8.9465 -7.33952 -6.29608 -6.10967 -4.72295 -3.51907 -3.56362 -4.26717 -5.43897 -3.42772 -1.32255 -1.75049 -4.14992 -6.38402 -6.80708 -7.98791 -10.6141 -11.7388
 -6.01668 -7.308 -7.79711 -7.00933 -7.45158 -7.45158 -6.85283 -7.76262 -8.67825 -9.57472 -12.4522 -10.8034 -11.3639 -9.84203 -9.21414 -12.5865 -12.5865 -13.4518 -12.482 -11.3044 -11.7231 -9.64041 -10.1551 -7.75218 -7.86524 -6.08376 -6.01056 -6.64761 -8.32288 -6.64975 -4.62578 -4.94391 -5.51658 -2.36957 -3.73708 -6.57513 -5.94137 -5.32997 -3.8812 -5.54554 -7.14509 -7.00864 -9.2311 -9.27328 -8.52762 -7.63766 -6.8305 -7.75636 -8.29393 -7.18529 -9.43106 -12.3453 -14.7573 -12.1924 -12.0403 -9.42224 -9.75261 -11.0339 -11.0861 -11.0004 -9.22471 -7.10777 -4.82778 -3.38255 -4.16799 -4.10436 -3.48548 -3.56362 -3.80282 -4.63471 -2.06221 -3.19331 -0.972779 -4.72943 -6.49758 -6.92064 -7.87565 -10.8904 -11.6351
 -5.80566 -6.88007 -7.5985 -5.60561 -5.68574 -5.68574 -5.58915 -6.73202 -7.40608 -8.22927 -8.89872 -8.81492 -10.27 -9.20827 -10.3651 -11.477 -10.6136 -12.3123 -11.1876 -11.4581 -12.6466 -11.755 -11.1819 -9.78527 -8.34883 -6.67294 -6.67294 -6.97451 -6.34982 -7.52018 -5.77872 -5.4077 -5.34853 -3.12164 -5.38449 -5.49763 -4.26613 -6.6259 -5.74825 -7.0317 -7.64642 -7.64642 -9.11413 -9.4828 -9.06915 -7.19538 -5.68419 -6.72807 -6.70358 -7.32581 -9.49286 -10.5466 -12.209 -12.6069 -12.0403 -9.42224 -8.937 -8.53636 -9.68924 -10.0843 -9.39301 -5.28479 -2.5997 -3.12114 -2.663 -3.80968 -4.84435 -3.62632 -2.26769 -2.42871 -3.70925 -2.23482 -3.07367 -4.33689 -6.49703 -8.43201 -8.44159 -10.4183 -12.5805
 -8.06406 -7.75631 -7.45311 -5.32017 -7.20387 -7.65241 -6.8456 -6.8806 -7.3952 -6.32633 -6.78122 -7.59784 -9.32371 -9.71138 -11.1413 -12.2378 -11.8029 -11.7554 -9.83569 -12.7697 -12.507 -10.8915 -10.3185 -10.2967 -8.606 -8.04392 -7.28712 -7.15996 -6.50128 -6.44661 -6.22004 -3.65946 -3.65021 -3.86876 -6.89426 -5.49763 -5.56367 -6.14994 -6.82585 -6.34616 -7.41673 -8.28018 -9.0528 -10.1257 -6.33642 -6.59526 -6.93679 -5.4905 -5.60812 -8.06073 -8.06585 -10.0105 -10.0481 -12.1277 -11.5402 -8.12926 -7.92102 -7.8547 -9.69894 -8.02769 -7.90451 -6.58229 -5.01759 -3.58695 -2.96449 -2.5995 -2.61735 -2.07336 -2.87849 -2.21325 -2.51444 -4.09802 -4.67449 -4.33689 -6.89701 -7.4671 -8.29458 -10.4183 -11.4698
 -10.3147 -7.13017 -7.29934 -5.81484 -5.39659 -7.32708 -7.31362 -7.32763 -9.29934 -5.94023 -4.28431 -7.673 -8.59223 -9.59308 -11.0776 -12.0095 -11.584 -10.4991 -12.2496 -12.3208 -11.7177 -10.2259 -10.8915 -10.9212 -9.17908 -9.32495 -8.99178 -8.31874 -6.79366 -5.95873 -5.90546 -2.28825 -2.76045 -4.52044 -8.08192 -6.24745 -5.56804 -8.54758 -6.88589 -6.65433 -7.47104 -8.11775 -10.1537 -8.28312 -6.95713 -5.12996 -6.12275 -5.87608 -5.34083 -7.74521 -6.71414 -9.29108 -8.25779 -9.33472 -9.616 -9.01961 -7.84595 -7.91074 -7.58454 -6.09776 -7.20205 -7.08341 -7.61137 -2.04807 -3.02743 -2.48006 -4.07409 -2.88021 -1.91309 -2.64446 -4.11514 -4.35872 -5.87678 -4.56923 -5.02796 -7.86813 -9.20037 -8.82695 -9.24903
 -9.84446 -8.40731 -8.40978 -7.92182 -8.7587 -6.65063 -8.21815 -7.82786 -7.90037 -6.28053 -6.1596 -8.49345 -9.49685 -8.85073 -10.0897 -10.918 -10.2524 -10.845 -12.1526 -10.874 -11.0716 -10.7355 -11.4012 -10.9212 -8.81797 -9.11352 -8.95283 -8.78092 -7.5629 -8.1743 -6.72907 -4.27583 -6.2223 -6.73275 -4.71129 -6.10948 -6.20405 -7.56934 -6.4344 -6.2989 -5.75338 -8.05951 -9.39468 -8.7486 -8.47079 -5.64335 -6.42033 -6.56266 -5.67389 -6.49315 -6.73928 -8.30746 -5.73345 -7.3316 -9.27771 -10.1318 -9.61805 -8.94255 -8.74602 -8.60879 -7.83272 -5.68404 -6.21278 -5.29563 -3.26125 -3.26125 -5.33985 -3.24252 -3.46413 -3.26424 -4.45129 -5.0048 -5.12696 -4.06552 -4.53885 -6.22554 -9.57868 -8.56706 -9.09231
 -7.35168 -9.18714 -7.22036 -8.47408 -9.23795 -8.26296 -9.40254 -8.7331 -7.90037 -6.19375 -8.19314 -8.2509 -8.84872 -5.77371 -8.04981 -9.18233 -9.00102 -10.5281 -11.5372 -10.5985 -11.1533 -9.56852 -10.8679 -11.1987 -11.0627 -10.0761 -7.23679 -7.90984 -7.90392 -6.5301 -5.25654 -5.778 -6.45114 -4.90116 -5.65617 -5.00251 -8.77026 -7.22289 -7.17874 -7.01418 -7.86802 -9.28352 -9.46421 -8.32777 -8.5853 -6.79104 -7.37855 -7.99859 -5.52689 -4.05121 -3.56969 -7.68666 -6.01256 -7.42493 -8.21667 -10.8143 -9.3063 -9.36496 -9.24967 -11.3602 -8.898 -6.78041 -6.67541 -5.84462 -6.51355 -4.02524 -3.44251 -3.92435 -2.22583 -5.87201 -3.87791 -6.42243 -6.59057 -6.37658 -6.21577 -5.12146 -5.67178 -7.12625 -8.67852
 -7.83093 -9.21372 -8.19659 -8.37397 -9.21086 -8.99973 -8.32318 -8.52699 -6.97791 -6.97791 -5.74963 -7.26751 -7.40322 -6.11622 -7.30093 -8.94035 -7.70927 -9.28022 -9.80274 -9.9976 -9.06029 -9.76812 -11.387 -11.8358 -9.95229 -9.34847 -7.99539 -7.6195 -8.2137 -7.10813 -4.59932 -4.2363 -3.59131 -4.70496 -6.04236 -2.40678 -5.97108 -7.58755 -7.03409 -7.00306 -9.52407 -6.70075 -8.08843 -9.60778 -9.43191 -6.62954 -4.33019 -4.42522 -2.88363 -3.2341 -5.17103 -6.54856 -6.41541 -6.92715 -7.37824 -9.88509 -9.82239 -9.06976 -9.66453 -10.273 -10.3873 -8.77909 -6.03505 -7.29696 -5.51495 -5.96597 -3.32905 -3.15327 -3.03865 -2.3988 -4.56172 -5.69323 -6.39437 -5.88 -5.45554 -5.04984 -6.46568 -8.24683 -9.7458
 -6.83543 -7.78708 -7.37711 -10.2187 -10.076 -8.75046 -8.75046 -7.88534 -6.91066 -6.07347 -7.81847 -7.28858 -6.79027 -4.93062 -6.80709 -8.41942 -8.41563 -6.82917 -7.02943 -8.86511 -9.19476 -10.6072 -12.1106 -10.5906 -11.0535 -7.30821 -6.85187 -6.97049 -7.56121 -6.0642 -6.54345 -3.86743 -4.48985 -2.85581 -3.39069 -1.70786 -2.85846 -4.77888 -5.91542 -6.58781 -9.11322 -9.725 -10.7259 -9.77996 -9.01785 -5.86872 -5.38947 -4.69695 -5.36228 -5.59097 -5.34103 -7.19651 -6.96199 -8.33131 -9.05565 -10.1514 -9.9567 -9.10565 -9.67053 -10.7685 -10.7646 -9.16473 -6.90305 -6.45125 -6.36145 -4.35634 -2.94468 -4.79842 -2.96311 -2.82729 -4.35144 -5.61237 -5.7227 -3.83457 -4.78387 -6.5955 -6.46568 -9.63592 -10.8955
 -6.35806 -7.64474 -8.23569 -8.30097 -10.5016 -9.6139 -9.38673 -8.52161 -8.04029 -8.35776 -8.3077 -7.07121 -6.86626 -5.41973 -4.93062 -5.94365 -7.2466 -7.44561 -9.17588 -9.51185 -7.77019 -10.9501 -11.6179 -10.7756 -8.97092 -8.39179 -7.42531 -6.13012 -7.53842 -5.30844 -5.60256 -6.32889 -3.28584 -4.09686 -3.66136 -2.04295 -1.64775 -4.07332 -3.96463 -2.78697 -7.70801 -8.43304 -7.10548 -7.88767 -8.26785 -5.89201 -5.16834 -4.58246 -4.06152 -6.63341 -5.26699 -7.71645 -7.86619 -8.12423 -8.10354 -10.8886 -11.0646 -9.08779 -9.22058 -11.4346 -11.0123 -8.105 -7.35353 -6.70773 -6.58974 -4.26647 -4.03724 -3.77648 -4.20517 -3.32352 -4.53739 -3.35294 -3.38049 -4.9682 -5.55805 -6.67654 -6.77046 -9.75308 -11.4919
