# name: MAT
# type: matrix
# rows: 62
# columns: 132
 -9.00774 -12.4295 -11.6737 -9.97757 -11.9455 -11.5194 -11.2972 -10.825 -11.6669 -12.6393 -12.7052 -9.7312 -8.09601 -9.56336 -10.317 -12.5036 -10.6498 -10.6498 -9.37973 -9.37973 -10.1065 -9.40361 -8.7411 -6.33257 -6.97226 -10.5197 -8.48 -8.14248 -8.22322 -7.3577 -4.48182 -5.7154 -3.82599 -4.76295 -5.72471 -5.83424 -7.14116 -5.50599 -5.46229 -4.38648 -4.32205 -3.8431 -3.65309 -2.41072 -2.48531 -3.27248 -5.25147 -6.06602 -5.53526 -5.89494 -6.86569 -8.57612 -5.84726 -6.29015 -4.65825 -5.78153 -5.20842 -4.17481 -4.21736 -6.069 -4.97203 -6.35443 -5.8064 -6.53789 -7.48456 -7.55974 -6.69629 -5.2156 -4.48412 -4.834 -5.37045 -3.65166 -5.57678 -5.67378 -4.91987 -5.25452 -6.00667 -6.3298 -6.29112 -6.89255 -6.47661 -7.19137 -7.30875 -6.62065 -7.42196 -7.20188 -7.3136 -7.8056 -7.9261 -7.97753 -8.79533 -9.05036 -9.27208 -7.20585 -7.99024 -9.38001 -10.9538 -9.91234 -9.41576 -10.4701 -10.6858 -10.9643 -11.0168 -12.8765 -15.2575 -14.5776 -16.8785 -14.1897 -15.6223 -17.5243 -16.1781 -16.2928 -15.7834 -16.0273 -15.367 -13.734 -12.295 -11.2445 -10.5194 -10.8487 -11.6552 -10.1939 -10.0443 -11.6059 -12.3466 -12.8559 -16.0737 -14.6728 -13.7133 -15.1671 -15.8917 -14.88
 -9.94689 -11.2181 -12.4729 -12.3718 -10.9196 -11.6965 -12.191 -11.149 -11.2978 -13.1933 -13.8307 -13.7253 -10.4375 -12.2944 -12.7595 -11.6315 -10.3993 -9.84393 -9.49835 -10.7109 -10.9233 -9.92265 -7.41274 -7.01258 -5.69173 -9.04902 -9.30052 -7.85404 -9.20639 -7.70325 -5.22144 -5.7154 -5.14531 -6.00074 -4.86466 -4.86466 -5.43775 -4.54173 -4.18538 -5.32563 -4.80955 -5.25492 -4.20843 -3.66927 -2.4727 -2.67237 -4.90896 -4.67819 -3.53479 -6.13144 -6.86569 -7.13411 -7.62542 -6.02235 -8.18533 -4.896 -4.30545 -4.90557 -3.93878 -3.37535 -3.49863 -5.10274 -4.11521 -5.30464 -6.71885 -5.66846 -5.66846 -4.69148 -4.41083 -5.65139 -3.88507 -5.00553 -4.55984 -4.34711 -4.65961 -5.30675 -5.82227 -5.894 -6.84647 -7.43398 -7.40261 -6.74796 -7.14537 -6.68398 -7.30036 -7.22651 -7.90582 -8.84566 -7.87067 -7.93015 -10.242 -9.61961 -8.78548 -7.77756 -8.46072 -10.419 -10.1795 -9.871 -9.46451 -9.40248 -10.6028 -11.5609 -11.8803 -12.3457 -15.2489 -14.6538 -16.2924 -15.4363 -15.5472 -15.657 -16.1912 -16.1912 -14.62 -17.164 -17.048 -15.0108 -12.5697 -12.5762 -11.5361 -12.0306 -10.9601 -10.3034 -9.8155 -11.1755 -12.167 -13.4019 -14.7859 -14.6728 -13.7133 -14.7363 -14.5577 -15.3766
 -9.95579 -11.5743 -14.6709 -11.3608 -11.7901 -9.81435 -11.2322 -11.3612 -11.8151 -12.6988 -13.1477 -12.9191 -12.0851 -10.3175 -10.5322 -11.1333 -11.5794 -10.4949 -10.2762 -10.2152 -8.70193 -9.95117 -7.56744 -9.70572 -10.4809 -11.1544 -11.5112 -8.55598 -7.99737 -7.68248 -7.57524 -5.05067 -4.55883 -3.98309 -3.04358 -3.33557 -4.05043 -4.55758 -4.55758 -5.82108 -6.87325 -5.9289 -5.87543 -4.11759 -3.62445 -3.93255 -2.81987 -3.4617 -2.01064 -4.5938 -5.62081 -5.53488 -7.78322 -7.48591 -5.58535 -4.54817 -4.42869 -4.12983 -5.89586 -3.37535 -2.92422 -4.06135 -2.47502 -3.52102 -5.09755 -5.70283 -5.58873 -6.44219 -5.45137 -5.70457 -3.26384 -3.90556 -4.23702 -5.14972 -4.33679 -4.64971 -4.88132 -5.72256 -6.84647 -8.00407 -7.7737 -7.37004 -6.50335 -7.77879 -7.20564 -7.72173 -8.40095 -9.94091 -8.96592 -8.92115 -9.66572 -9.56542 -8.22936 -7.77756 -7.94558 -8.4401 -8.65216 -9.22192 -9.55285 -10.4026 -10.1004 -10.7078 -11.2539 -12.2925 -13.498 -15.1103 -15.1103 -16.3959 -15.8101 -16.1693 -16.3007 -16.3007 -14.2796 -16.148 -15.6089 -14.1362 -13.0857 -12.5109 -11.5361 -11.4358 -10.3249 -10.8195 -9.86723 -10.9297 -11.3966 -14.097 -14.097 -14.4482 -13.9322 -13.4126 -12.4336 -14.1882
 -12.389 -12.787 -12.948 -9.82082 -10.6935 -10.3708 -9.31622 -10.5088 -11.8755 -13.6644 -12.8134 -10.8575 -10.0618 -10.9941 -10.5632 -10.5632 -9.69677 -10.2444 -7.72674 -9.53474 -8.03005 -9.21155 -8.95732 -9.30009 -10.5399 -9.90909 -10.397 -9.94141 -10.1366 -9.54922 -6.20514 -5.13599 -5.06194 -3.98309 -3.84103 -3.84663 -4.51227 -5.10121 -5.06864 -7.2846 -6.72877 -6.26441 -4.02457 -3.4362 -3.81053 -3.2609 -3.01023 -1.99859 -0.417863 -2.61987 -4.40346 -5.60165 -5.69238 -3.29391 -3.96856 -5.07411 -6.10647 -6.00288 -7.29443 -3.58604 -2.72203 -2.96667 -2.82337 -3.41978 -1.95318 -3.98649 -6.78788 -6.81858 -7.01429 -4.96472 -3.73917 -2.53966 -4.48407 -3.31519 -5.62989 -4.94363 -6.23117 -5.35169 -5.9392 -7.46815 -7.89121 -6.91576 -7.80029 -8.26666 -8.78832 -8.20959 -9.478 -8.96592 -8.96592 -9.08342 -9.72697 -9.59691 -8.90986 -9.44585 -7.94558 -9.5992 -10.0341 -8.64022 -8.32662 -8.84835 -9.1752 -6.91641 -11.4695 -11.7706 -11.7276 -13.498 -15.5586 -16.3959 -14.0819 -15.0944 -15.5736 -14.6884 -15.8317 -16.7818 -15.6089 -14.6243 -13.2647 -13.027 -11.8651 -10.2237 -9.73742 -9.27307 -9.27972 -11.3628 -11.9075 -13.5938 -14.097 -14.5613 -12.8336 -11.8744 -9.14259 -9.1235
 -12.587 -12.7979 -12.5201 -11.7388 -11.1424 -9.81989 -9.3604 -11.3741 -12.0029 -13.3381 -11.8196 -11.8119 -11.854 -11.4536 -11.2453 -10.998 -9.04488 -9.76635 -11.5106 -10.5156 -8.53967 -9.09502 -8.96548 -9.72935 -9.12685 -9.78958 -10.5292 -10.5378 -9.66635 -10.4455 -9.28144 -7.94061 -4.70447 -5.86072 -4.49415 -5.01599 -5.01599 -4.52812 -6.05367 -6.54498 -5.98915 -5.64456 -3.74018 -4.35034 -3.37472 -2.91114 -2.11013 -2.75354 -1.74743 -2.82746 -5.90157 -7.5139 -6.7931 -5.32158 -5.67636 -3.89703 -6.60826 -5.94283 -6.15776 -4.70068 -4.50077 -4.95248 -3.98204 -3.38759 -3.38759 -3.05273 -7.87954 -6.87511 -6.20146 -4.96472 -3.77995 -3.76807 -5.56069 -3.93228 -5.08252 -5.13858 -5.54355 -5.05467 -5.52046 -6.0809 -7.53618 -7.05382 -7.78453 -7.53841 -9.00953 -10.004 -9.09706 -8.86508 -8.37722 -8.14221 -9.74161 -10.314 -10.0045 -9.43106 -7.88863 -8.9568 -7.60041 -8.16006 -9.07644 -9.30511 -9.35675 -7.02419 -8.95402 -11.2694 -11.2265 -12.3699 -12.8721 -10.8922 -10.9458 -13.0868 -14.6493 -15.3431 -15.3204 -14.6206 -14.5584 -14.115 -14.1298 -13.1183 -11.5878 -10.5863 -8.78672 -9.53502 -11.0501 -11.7128 -11.9481 -12.6665 -13.5303 -13.4707 -10.8549 -11.3789 -8.11761 -8.16298
 -13.1656 -13.0883 -13.278 -12.4187 -10.9389 -9.90667 -10.0143 -10.988 -11.5798 -11.323 -11.8196 -11.9087 -13.1164 -11.9593 -12.2909 -10.7509 -9.04488 -10.5722 -11.4441 -10.6652 -9.47024 -8.25951 -9.23639 -8.82655 -9.19203 -9.78958 -10.386 -10.743 -12.6062 -8.90367 -8.44955 -9.47017 -6.52468 -5.41113 -5.88301 -5.61779 -3.94771 -4.87441 -4.7855 -4.18538 -4.84074 -4.39116 -4.38282 -3.10788 -3.53552 -2.29661 -2.23754 -3.69679 -1.82061 -3.98614 -5.45266 -5.90157 -6.88198 -7.32546 -7.79042 -6.5705 -7.54633 -6.47347 -6.17236 -5.27077 -6.5838 -5.01294 -5.52257 -4.45577 -4.45577 -5.16077 -4.18877 -4.93283 -5.46998 -5.31084 -3.77995 -3.85218 -5.33213 -4.73818 -5.7312 -5.66783 -6.26933 -5.96881 -5.99533 -6.76349 -6.61347 -7.25296 -8.45852 -10.3817 -8.85152 -9.41477 -9.5119 -10.0359 -8.45199 -7.86448 -9.74161 -10.3343 -10.4541 -9.90261 -9.33492 -8.38422 -8.44527 -8.58857 -10.6658 -10.0293 -8.64385 -6.95975 -7.75516 -10.0515 -8.50941 -11.187 -13.0273 -12.1043 -11.4653 -13.6369 -13.6369 -14.84 -15.7034 -14.7103 -13.1202 -13.6054 -11.8539 -10.8422 -12.5542 -10.6723 -10.21 -9.25778 -11.7764 -13.1361 -13.4088 -12.6665 -11.3449 -11.2844 -10.3808 -8.61448 -8.79398 -9.92175
