# name: MAT
# type: matrix
# rows: 80
# columns: 81
 -9.90068 -8.8334 -6.06028 -8.39433 -8.35231 -6.80004 -5.92086 -5.03673 -5.2489 -7.02174 -7.45284 -9.08848 -9.92804 -9.41148 -8.68565 -7.74038 -7.32897 -7.62626 -7.43982 -7.88183 -6.86661 -3.80301 -4.47758 -3.0413 -2.60346 -3.70744 -3.23621 -5.32475 -3.41602 -4.96468 -6.07194 -3.57273 -5.31505 -6.05256 -7.6539 -6.85389 -7.53559 -8.77182 -9.29579 -7.35037 -8.19692 -6.64173 -9.17162 -7.44034 -6.88836 -7.34743 -10.3374 -9.86724 -9.86652 -13.1317 -12.5754 -12.5381 -12.1238 -11.4987 -13.7064 -11.8382 -11.3004 -12.676 -11.9666 -9.38404 -8.40905 -9.31916 -9.22766 -9.22766 -8.66912 -6.21575 -6.8748 -6.78047 -6.01779 -8.59362 -7.97663 -7.8296 -7.95525 -8.23465 -6.89849 -5.47272 -5.74516 -5.48376 -5.14094 -6.71143 -6.84646
 -9.35161 -8.81561 -7.56952 -8.23891 -9.70657 -6.54658 -7.22318 -7.10468 -6.63186 -7.83762 -6.39935 -7.10766 -8.04393 -8.8297 -9.92689 -8.86938 -6.52009 -5.60861 -4.62086 -5.83169 -7.11807 -4.70981 -4.20045 -3.94474 -2.94756 -3.54299 -3.5051 -4.89681 -4.87416 -5.30069 -5.96541 -4.4239 -4.94092 -8.00443 -9.02521 -8.6069 -11.5657 -10.0692 -9.93694 -8.62723 -7.25804 -6.75151 -8.64764 -8.07552 -7.97227 -10.3146 -10.8824 -8.32689 -10.0241 -10.42 -11.0868 -12.4919 -11.686 -12.2815 -10.8222 -11.8382 -11.3433 -11.0261 -11.8418 -11.3191 -8.8883 -9.33825 -8.67308 -9.22661 -5.0179 -5.34297 -6.43986 -5.22089 -6.36855 -7.9209 -8.83667 -7.80705 -7.56292 -8.29228 -5.21039 -5.4453 -6.80833 -7.17399 -4.22777 -5.09289 -4.91817
 -9.9901 -7.79667 -7.05989 -9.05626 -8.42077 -7.75868 -8.79667 -8.66462 -8.80869 -8.43715 -6.65876 -6.22092 -6.66983 -9.30707 -7.82368 -5.12711 -6.96761 -5.69244 -6.00028 -6.90918 -6.08127 -6.49395 -5.74459 -5.49691 -5.49132 -4.15052 -5.15069 -5.65826 -5.71741 -4.3175 -7.48576 -7.51375 -8.00529 -8.31796 -9.50583 -9.93792 -11.181 -11.9943 -11.292 -8.76645 -9.30493 -7.1961 -7.42067 -7.88315 -7.83613 -8.01221 -8.05499 -9.57318 -10.0435 -10.4784 -9.0699 -10.9405 -9.58742 -9.0403 -9.06372 -9.52435 -10.0227 -10.6009 -11.4068 -11.1901 -9.34697 -9.36766 -9.27585 -8.23709 -5.6149 -5.98905 -5.47814 -7.6822 -8.12054 -7.83978 -8.2014 -7.64946 -7.18994 -6.40324 -4.42437 -3.92779 -6.07684 -6.46609 -6.49539 -6.14522 -4.91086
 -9.68963 -8.08853 -8.20817 -9.32015 -8.43374 -7.76514 -9.01592 -8.00981 -9.41623 -9.64403 -6.77286 -6.77286 -7.36926 -7.34484 -6.24534 -7.35437 -6.44968 -3.99779 -4.97823 -7.42879 -7.84649 -5.75744 -6.76605 -8.34205 -6.23105 -5.37214 -6.31246 -5.09306 -5.01316 -5.32753 -6.47301 -8.04889 -9.33462 -10.4265 -9.25166 -8.73557 -9.97868 -10.6698 -10.1605 -9.41385 -9.30493 -8.22831 -8.05637 -8.75849 -6.70638 -8.17092 -7.13562 -7.70906 -8.99568 -9.37919 -7.97069 -10.188 -8.04994 -9.52552 -9.66526 -10.496 -10.0227 -9.25708 -10.3439 -11.6194 -9.98109 -9.79551 -9.63891 -10.209 -7.15755 -6.02058 -6.27612 -6.6422 -7.15508 -6.45192 -6.71016 -6.97801 -5.98823 -5.38233 -6.02856 -6.48268 -7.90906 -6.71697 -6.37287 -6.96038 -5.77747
 -9.94117 -9.1591 -9.31563 -9.63282 -9.49042 -7.52875 -9.11119 -9.1646 -7.41847 -8.06821 -9.02515 -8.54226 -8.1067 -7.89073 -5.70054 -7.88567 -6.73148 -5.13386 -4.9761 -6.02186 -5.52692 -5.68101 -5.01537 -8.48406 -6.8001 -5.93665 -5.593 -4.45031 -7.28515 -6.88945 -5.82524 -7.09701 -7.50393 -8.59583 -7.63637 -8.54753 -8.12304 -9.8746 -8.8171 -8.99405 -8.33729 -8.01738 -6.42706 -8.31358 -10.2999 -8.74435 -8.2242 -7.70906 -9.87327 -8.99568 -9.52299 -9.38208 -9.69573 -9.0821 -8.7355 -8.49309 -8.29697 -8.7916 -9.50243 -11.29 -11.4963 -10.0334 -10.1221 -10.071 -10.0087 -6.77267 -6.20018 -5.57008 -6.71724 -8.04077 -5.97394 -5.04893 -5.62676 -6.36469 -6.02856 -6.48268 -5.83571 -4.42598 -6.14802 -7.47001 -5.77747
 -9.03878 -8.09134 -9.35089 -9.98421 -10.1469 -7.86378 -10.0897 -9.16691 -8.95215 -8.54558 -10.4618 -8.50817 -7.98345 -7.34337 -6.13263 -6.44724 -4.35564 -5.74395 -5.77882 -6.3607 -5.18711 -4.01391 -5.08109 -7.22298 -7.48614 -5.25296 -4.4391 -4.53849 -5.6958 -6.40368 -6.28009 -7.75063 -5.74608 -6.95818 -9.02678 -8.53547 -8.16909 -8.87112 -8.31577 -8.31577 -10.2291 -5.98821 -6.49801 -7.33981 -9.52297 -10.387 -8.98194 -8.98194 -10.557 -9.1015 -8.94706 -8.35868 -8.73371 -9.29085 -9.16476 -10.0098 -9.28682 -10.1955 -10.1788 -11.1728 -9.13488 -9.48784 -9.46009 -10.0598 -8.46944 -6.76655 -3.5037 -4.0505 -5.42872 -5.74484 -5.45785 -6.02532 -6.15064 -6.43966 -5.08307 -2.26536 -3.28989 -5.28796 -4.3467 -4.76528 -5.84358
 -8.91104 -10.4997 -10.1805 -8.5344 -10.5888 -9.67961 -9.83272 -9.27652 -10.8994 -9.25147 -7.75663 -7.97394 -7.55088 -6.44699 -4.08721 -4.50175 -3.9207 -5.22359 -4.59714 -4.99628 -3.77689 -3.70517 -3.02211 -5.56425 -6.01165 -5.07455 -3.84432 -4.2872 -5.89049 -4.3563 -4.56598 -4.86616 -4.86616 -7.09794 -9.49113 -9.05061 -8.64833 -8.53476 -7.97941 -6.79907 -8.36742 -7.67231 -5.99669 -7.50151 -9.10521 -9.96208 -9.62801 -8.98194 -10.557 -11.6933 -9.36939 -8.82304 -9.14528 -9.86424 -9.98238 -9.98238 -9.31229 -8.54577 -9.17727 -9.6053 -8.00561 -7.5029 -10.0374 -8.43343 -8.52881 -6.92099 -6.11448 -4.0505 -4.67894 -6.99605 -5.23829 -5.33023 -4.40395 -4.83062 -2.95759 -3.04203 -3.85219 -5.47944 -6.40736 -5.91526 -7.60531
 -10.0294 -10.9318 -9.95798 -10.4593 -9.99978 -9.02106 -10.4659 -10.8912 -9.19901 -9.83911 -8.37232 -7.82586 -7.04157 -6.97171 -4.61193 -3.21438 -3.85407 -3.2732 -4.16788 -3.74972 -2.24572 -3.26175 -4.04615 -4.48196 -6.22008 -5.65894 -5.50768 -5.4056 -6.41142 -5.95261 -5.58267 -5.01258 -6.41419 -7.39699 -8.95085 -8.20975 -7.21712 -7.83225 -7.46285 -8.31579 -8.36742 -8.13799 -7.18492 -7.76396 -9.20906 -10.0036 -9.62801 -9.20008 -11.1461 -10.5933 -9.08842 -9.13287 -8.68575 -9.40471 -10.4309 -10.92 -11.7711 -11.5937 -10.0904 -9.99594 -8.86606 -7.67709 -10.3585 -9.39487 -7.44398 -8.10589 -8.06194 -7.61052 -5.96497 -6.12144 -4.88949 -4.33588 -3.48166 -3.73138 -2.94334 -4.11688 -3.85219 -3.85219 -3.87632 -7.10342 -8.06911
 -10.1791 -10.0581 -9.95798 -10.9237 -10.4641 -8.76229 -9.43396 -10.2304 -9.19901 -10.2749 -8.88841 -9.03796 -7.65726 -7.50593 -2.82286 -3.16138 -3.16781 -3.77343 -3.15123 -3.71485 -2.27336 -3.83986 -4.04615 -4.05402 -4.12697 -4.1348 -6.13245 -6.04698 -5.50676 -4.97338 -6.79477 -6.7278 -6.62544 -9.13001 -9.57987 -8.06553 -6.6371 -5.63343 -5.64735 -6.59304 -7.32533 -6.11251 -7.66229 -8.2045 -9.30044 -8.40929 -9.42064 -8.1016 -9.53668 -10.5933 -9.89431 -9.13287 -7.7958 -8.55967 -10.4207 -13.2101 -13.3762 -10.1523 -10.7496 -10.6825 -9.57578 -8.36368 -9.90889 -9.96496 -8.89233 -7.42446 -7.04138 -7.593 -6.44522 -3.53196 -4.87152 -3.8393 -2.89191 -4.21342 -4.64076 -4.11678 -3.85219 -3.85219 -3.31179 -5.76249 -6.09843
 -10.5589 -11.1169 -9.24956 -10.7883 -11.7701 -10.01 -10.2467 -10.2598 -9.79542 -10.2749 -9.32421 -9.03796 -8.10559 -7.04721 -2.53299 -2.03899 -1.66546 -2.77966 -2.42777 -2.5491 -3.78651 -4.3566 -4.18773 -3.53182 -5.16245 -5.93838 -5.83262 -6.15085 -6.83847 -6.29212 -6.29212 -7.986 -6.85338 -8.73677 -9.95991 -8.96578 -7.81651 -6.08175 -5.6458 -6.7475 -5.19022 -5.91821 -6.94721 -6.56887 -7.62587 -7.75313 -9.43615 -11.1765 -9.97922 -11.0059 -11.2368 -8.67884 -9.33521 -9.40096 -10.7523 -12.4432 -12.9542 -11.7039 -10.9505 -8.63075 -8.97566 -9.12619 -8.92276 -8.58846 -8.89077 -6.27989 -5.24808 -5.90535 -5.48928 -3.10683 -0.939652 -1.81148 -1.8532 -2.91715 -4.80995 -5.55424 -6.28572 -6.44595 -4.9411 -4.81179 -4.45925
 -9.82738 -11.9701 -10.7539 -11.7793 -11.2991 -8.58381 -9.69129 -11.1673 -12.2157 -12.0789 -10.7393 -11.3897 -7.62544 -5.39517 -3.41719 -2.68435 -2.80246 -2.76385 -2.98632 -3.51891 -3.94988 -4.96129 -4.30223 -4.26355 -5.22524 -5.86636 -5.80382 -6.15085 -6.89335 -6.80653 -6.48364 -7.01571 -7.53237 -9.52372 -9.40844 -9.94624 -8.48818 -6.24814 -4.6204 -4.63433 -4.00849 -5.1547 -7.19414 -8.75038 -7.18652 -8.7666 -12.2672 -10.4691 -8.9222 -11.5712 -11.3266 -9.34995 -9.20853 -8.70721 -11.496 -12.6717 -12.6717 -12.9168 -10.5789 -7.02902 -7.60905 -8.56735 -7.45878 -8.13908 -9.16006 -6.28847 -5.64098 -4.18732 -2.67503 -1.57298 0.232694 0.523187 -3.24471 -2.70283 -5.91731 -3.23304 -4.66925 -5.40887 -6.53891 -7.05983 -4.89419
