# name: MAT
# type: matrix
# rows: 60
# columns: 156
 -2.84026 -0.600449 -0.576412 1.16788 1.10881 -1.71518 -1.71518 -0.640083 -0.640083 -1.56932 -3.2356 -3.29434 -4.20316 -5.91184 -4.99663 -4.56242 -7.23651 -6.83499 -7.2839 -8.89201 -7.93976 -8.62232 -11.1319 -11.1319 -12.5332 -13.9651 -13.6309 -13.8315 -11.4209 -10.7259 -9.54278 -10.0194 -9.85053 -10.2884 -10.3949 -11.5924 -6.92656 -7.60345 -7.52063 -8.86865 -10.0553 -8.50723 -8.01259 -7.99109 -7.11858 -8.08835 -6.62628 -4.14779 -2.63554 -2.15621 -5.25824 -8.35879 -9.7272 -9.13888 -12.9486 -13.0107 -12.4235 -10.3982 -11.5969 -12.6025 -13.8099 -12.2986 -12.5728 -10.5519 -12.0921 -10.2123 -10.084 -6.3146 -5.35476 -3.97301 -2.95171 -3.51616 -2.99734 -2.99734 -1.48385 -2.76652 -2.9657 -2.40845 -0.491383 -1.63601 -3.64302 -6.62321 -7.95621 -10.4342 -9.31145 -10.1024 -10.1024 -11.6751 -10.8885 -10.4605 -8.28001 -9.32225 -7.44003 -7.44003 -8.25337 -4.85856 -5.98678 -6.67293 -9.68957 -8.07724 -8.30702 -7.06618 -5.72983 -9.29969 -9.35159 -9.44388 -9.58488 -9.63418 -7.84012 -7.59264 -6.21331 -8.45741 -8.2251 -8.72821 -8.25107 -9.20178 -9.59361 -11.3455 -9.93264 -12.4095 -13.1424 -13.1638 -11.5004 -11.9289 -8.27407 -8.76922 -11.0931 -9.69509 -10.4518 -9.69073 -7.66851 -8.78871 -7.04077 -7.23567 -7.93777 -7.07248 -5.21129 -5.39546 -8.26608 -8.97951 -7.56957 -8.0905 -8.91941 -7.41364 -7.68146 -7.68146 -5.31059 -7.58947 -6.0072 -6.3812 -8.83587 -9.5962 -8.98225 -7.9473 -6.47747 -6.15999
 -2.96211 -0.0786527 0.843517 0.220783 -0.00358266 0.055158 -1.55717 -1.55717 0.238576 -2.5502 -3.12329 -4.28922 -6.51226 -6.68073 -5.31556 -5.31556 -6.43106 -8.02161 -7.54236 -7.64356 -9.26836 -8.8391 -10.2573 -10.761 -11.2265 -13.2041 -14.9052 -14.3317 -11.9212 -11.4438 -9.62283 -9.59016 -10.048 -10.048 -10.8855 -11.4345 -9.5208 -10.0344 -8.86598 -10.4684 -10.3515 -9.15617 -8.42872 -8.47508 -7.63734 -8.38518 -9.52361 -6.56037 -5.64422 -7.80589 -8.26779 -9.31343 -10.3626 -11.1825 -13.9639 -15.5245 -11.6265 -10.4793 -10.6369 -11.7391 -11.9134 -12.043 -10.7638 -12.6603 -11.6968 -10.4349 -9.66421 -8.92917 -6.34015 -4.15271 -4.24437 -3.4011 -2.69828 -2.0819 -1.07804 -1.52531 -3.01093 -1.90835 -3.13501 -3.76107 -3.19955 -3.74249 -5.61268 -7.66836 -8.28151 -9.89192 -9.40061 -11.4361 -9.99092 -9.11238 -8.64189 -9.20839 -6.60796 -6.09327 -6.14602 -5.04245 -5.58532 -6.91892 -5.97147 -7.98178 -8.97771 -7.79559 -7.00929 -7.67363 -7.30983 -9.00613 -8.9147 -8.21152 -9.46572 -8.9263 -7.44821 -8.46243 -8.18584 -8.18584 -8.74296 -7.55565 -9.70366 -11.3104 -10.4479 -13.0112 -13.8872 -13.7066 -12.8789 -13.062 -10.3911 -10.1109 -10.8064 -10.4266 -10.5966 -9.69377 -8.1872 -7.66457 -7.32743 -7.76962 -7.51471 -8.48971 -6.49826 -7.26731 -8.89536 -8.52924 -8.01916 -8.89448 -9.80684 -7.53611 -7.23509 -7.09404 -5.67905 -5.70066 -4.42601 -5.81171 -8.07682 -8.15912 -9.02752 -6.73612 -5.9608 -6.67655
 -3.0274 -1.23001 -0.556892 0.493512 -0.963662 -1.56509 -0.614388 -1.12313 -2.73417 -1.53422 -4.21462 -4.94202 -5.67087 -5.69373 -4.32669 -3.84798 -6.07081 -6.07081 -7.01838 -8.50867 -10.0112 -9.7415 -10.6922 -10.5974 -12.4029 -12.3666 -12.8458 -13.3668 -12.4828 -12.4828 -11.4799 -11.4113 -9.35301 -10.8657 -12.1386 -12.06 -8.52748 -9.2912 -9.57401 -10.009 -9.77263 -8.59892 -7.46941 -8.19091 -10.405 -9.76115 -8.69915 -6.89096 -5.97481 -7.63403 -8.67967 -9.3892 -10.918 -11.5385 -11.5695 -14.1065 -12.358 -12.9853 -11.3007 -10.6742 -12.2946 -11.1289 -11.5426 -11.4926 -11.2967 -9.98353 -7.81142 -7.47159 -5.87891 -7.5223 -6.59413 -3.28935 -3.595 -3.1629 0.0965054 -1.12768 -5.77046 -6.15633 -4.45662 -3.8229 -1.57614 -3.74249 -4.27595 -4.70033 -6.91863 -9.11906 -9.05777 -9.93354 -9.99009 -9.38997 -7.17541 -9.41981 -7.47728 -5.73287 -6.10825 -4.60591 -7.01951 -7.5128 -7.79323 -8.397 -8.5566 -8.34663 -6.30972 -6.70565 -7.82771 -8.50134 -9.89367 -8.86798 -9.3625 -8.04005 -6.56378 -7.49264 -7.70659 -7.5202 -8.98756 -9.9268 -10.4123 -12.2396 -10.2856 -13.6702 -13.2215 -13.1052 -13.0597 -12.6889 -11.3659 -10.5592 -9.10375 -10.8546 -11.9571 -8.35927 -9.32386 -7.44529 -8.27203 -6.47833 -6.00096 -7.60017 -6.82638 -7.42395 -9.64518 -9.11456 -9.49838 -8.89448 -8.73028 -8.35172 -7.1686 -7.17961 -5.17593 -5.2626 -5.00061 -5.08595 -5.33085 -7.23246 -6.58818 -7.94822 -6.99576 -6.88128
 -5.77251 -3.65588 -1.74659 -0.884455 -2.34787 -1.36425 -0.461857 0.574513 -1.624 -1.36813 -1.71535 -3.56196 -2.57794 -2.62822 -2.19038 -2.8392 -4.45848 -5.29536 -7.38506 -8.35138 -9.66031 -8.80312 -11.3453 -10.4401 -11.5102 -10.9301 -12.2877 -12.2877 -12.4354 -13.1235 -10.9559 -11.9116 -11.4596 -11.266 -12.13 -9.76781 -8.03695 -7.32596 -8.54683 -9.42145 -9.18512 -8.59892 -7.2541 -8.71184 -10.9657 -11.6302 -9.47762 -8.3035 -7.81248 -8.06329 -9.73881 -9.71356 -12.3672 -12.5595 -12.0423 -13.6706 -11.7472 -11.7102 -12.6265 -12.1491 -12.3336 -12.265 -11.739 -12.0724 -9.97005 -10.5363 -8.76547 -8.69693 -7.68332 -8.18703 -7.0997 -4.64414 -1.79666 -3.41161 -2.13424 -2.09694 -5.66684 -5.21852 -6.77123 -3.69781 -2.856 -3.90266 -4.19455 -3.27125 -5.83982 -4.9989 -6.76165 -7.92826 -9.42503 -9.42472 -7.21016 -7.61702 -6.49665 -6.94498 -6.08554 -6.46023 -7.42476 -7.19747 -8.70567 -6.74793 -8.03262 -5.50558 -5.63125 -4.09434 -5.94205 -7.37688 -9.61193 -9.16198 -7.03447 -6.7773 -8.13289 -8.67073 -7.39471 -7.82265 -9.67567 -9.63699 -9.55742 -12.8565 -11.9832 -13.3979 -13.1897 -14.3645 -14.2334 -13.8615 -9.86121 -10.6097 -9.04722 -9.64248 -9.22942 -9.3169 -9.83317 -7.88596 -9.34309 -6.10331 -6.62424 -6.10331 -7.57917 -10.2418 -10.4579 -12.0426 -10.5171 -9.94948 -8.7156 -7.84771 -7.07861 -4.74553 -6.83449 -8.77584 -5.68871 -5.33912 -6.5065 -7.08017 -7.31703 -7.581 -7.02417 -7.47507
 -3.15805 -1.97285 -2.47886 -2.88091 -4.1186 -1.39717 -0.0598272 -0.026915 -0.566133 -1.2907 -3.09751 -1.23712 -2.7555 -3.24683 -3.24683 -3.23138 -4.34993 -4.70887 -4.90211 -5.48878 -8.0789 -6.86013 -7.31511 -6.88017 -9.33725 -9.49075 -10.3782 -12.9612 -11.5564 -10.4663 -10.9589 -12.2833 -12.3908 -12.8364 -11.9838 -9.62139 -8.77657 -8.68196 -8.03504 -8.02285 -7.36136 -8.68489 -8.06214 -9.73822 -11.0037 -12.2673 -9.47762 -7.84996 -6.9487 -9.313 -9.71356 -9.71356 -12.2127 -14.5175 -13.3572 -13.0535 -11.2239 -10.5985 -11.8152 -11.9782 -11.6454 -12.2595 -11.6254 -12.3534 -11.1562 -9.57341 -10.2663 -8.75067 -8.412 -8.36037 -5.92979 -3.31749 -4.09809 -2.63203 -2.76475 -4.49198 -4.64309 -5.4283 -5.51542 -3.59427 -2.51867 -3.408 -2.66113 -1.78811 -4.28722 -5.17128 -6.65396 -6.31449 -5.87617 -5.97575 -5.23388 -5.74194 -5.99311 -5.18115 -4.25165 -5.37071 -7.37611 -8.53434 -9.38006 -6.78487 -7.558 -4.76596 -4.26938 -4.11869 -5.71044 -7.15658 -7.77294 -8.41216 -6.97276 -7.41979 -8.65434 -8.46578 -7.5371 -7.36097 -8.19982 -9.15278 -8.6417 -11.4415 -11.4267 -11.9418 -12.859 -13.4178 -14.9615 -13.0295 -9.57825 -10.6756 -9.63473 -8.53066 -8.06115 -8.85142 -9.29539 -9.166 -8.23904 -7.26104 -7.30716 -6.81805 -7.75341 -8.81982 -9.45609 -11.5634 -10.1262 -10.0744 -7.1702 -7.44231 -6.6267 -4.72633 -6.40015 -7.97997 -7.83304 -7.85005 -6.83527 -7.08017 -7.96707 -6.73189 -5.64319 -6.34083
