# name: MAT
# type: matrix
# rows: 90
# columns: 83
 -12.3915 -10.5332 -10.4619 -10.9373 -7.36553 -7.2136 -8.77236 -7.67456 -6.84197 -6.38531 -4.63931 -3.99165 -4.74147 -4.88991 -4.36423 -3.84623 -2.81373 -2.46843 -1.46299 0.965405 0.0864025 -0.229593 -0.689118 -0.639357 0.320945 -2.73709 -2.74399 -2.22141 -2.7276 -2.29149 -1.41942 -0.714858 -1.41818 -0.999174 -3.16494 -2.97616 -4.57997 -4.50129 -4.35373 -4.71026 -4.95991 -5.02275 -3.22793 -3.0863 -3.0807 -3.09838 -3.31328 -4.07525 -4.80391 -5.69143 -6.78253 -4.89375 -4.89954 -5.8287 -5.9507 -5.28757 -6.0291 -4.3181 -4.44812 -6.31123 -5.74114 -4.08112 -0.382169 -1.16575 -0.149249 0.988393 2.4131 0.347313 -0.749223 -0.743392 1.35561 0.618833 -0.0592173 -0.328636 -0.597494 -0.293897 0.401192 -1.34662 0.100015 -1.44097 -2.01106 -0.108801 -0.319874
 -12.1925 -13.5382 -11.7983 -10.1314 -9.49695 -8.78495 -8.87062 -8.18404 -7.92288 -7.23476 -5.01032 -5.06755 -5.81737 -3.58269 -3.23503 -3.20908 -1.68447 -0.673864 0.855555 0.741686 0.738575 0.569272 0.738528 0.344871 0.0179155 -1.6743 -2.15353 -1.13388 -0.541499 -0.515275 -0.92046 -0.135358 0.867043 0.20892 -2.98026 -4.67124 -2.3875 -4.22342 -4.20808 -3.7171 -3.96505 -4.29466 -1.9735 -3.7933 -5.10309 -4.11802 -5.81081 -4.80248 -4.08506 -5.76989 -6.62551 -5.68378 -6.4217 -4.69894 -6.22634 -4.65051 -4.27265 -4.54507 -4.11916 -4.38381 -4.50418 -2.78993 -1.8703 -2.06195 -0.528772 1.87491 2.26894 -0.0698144 0.631209 1.18579 1.75654 1.48412 0.0653937 -0.844721 -1.24517 -0.743848 0.53875 0.392295 1.77374 -0.0378534 0.92866 0.252105 -0.553789
 -10.0104 -10.7438 -10.8961 -10.5204 -11.7605 -9.36411 -7.17024 -8.07008 -7.53868 -6.38313 -5.81002 -5.2134 -5.71363 -6.49404 -5.18705 -3.15534 -3.17013 0.317601 0.696372 1.3709 -0.0966162 0.575055 -0.321535 -1.16005 -0.474942 -2.73505 -2.49652 -1.40794 -1.27337 -0.443161 -0.0844756 -0.236622 1.00536 0.143958 -0.559298 -0.492412 -3.65676 -3.34957 -4.36266 -4.41664 -5.23345 -5.75148 -5.09611 -5.11746 -4.07105 -5.36261 -5.23843 -3.41395 -4.95287 -4.86479 -4.94492 -4.23909 -3.72947 -5.82418 -5.35088 -4.68017 -3.96457 -4.19771 -4.59654 -4.66011 -3.30601 -1.92708 -1.72398 -2.56941 -1.44918 1.86633 3.12078 0.875424 0.949281 2.73877 2.73877 1.17207 1.93803 2.40824 0.0517583 -1.35953 0.508549 -1.12583 1.48174 1.04837 2.30455 1.628 0.822102
 -15.2003 -11.7886 -12.4407 -10.4092 -9.18069 -9.70559 -8.72737 -7.33876 -7.94734 -7.42336 -6.03479 -6.55146 -4.24578 -4.75118 -5.54908 -3.7447 -1.64845 -0.697748 -1.05512 -0.273921 0.019622 -0.535724 -0.955513 -1.19705 -2.00879 -3.29048 -2.49652 -1.92308 -1.32668 -0.4949 1.39309 0.50151 1.0505 -0.615248 -1.6301 -1.50997 -0.823136 -0.92405 -2.70616 -4.5326 -5.75011 -8.31368 -7.16206 -5.25908 -4.9523 -5.48573 -4.93115 -5.60428 -7.23329 -6.16138 -5.30251 -5.21941 -6.31339 -6.55889 -6.53517 -6.07502 -4.62793 -4.38955 -3.9238 -3.23569 -2.92617 -2.0957 -1.6536 -1.56374 -0.253422 2.393 2.38707 2.47616 2.13286 2.4491 3.80694 2.64118 1.83205 0.165962 -1.44915 -2.43001 -1.34191 -1.8033 -0.51032 0.808805 1.92727 3.5396 2.05715
 -14.2312 -13.0982 -12.0209 -9.87549 -8.0606 -8.51957 -9.82234 -7.86206 -8.47064 -6.63304 -6.17538 -6.74941 -5.77451 -3.54402 -3.51114 -1.9909 -3.45584 -2.50513 -1.22967 -1.50304 -2.20933 -1.49251 -1.93593 -3.88191 -2.96298 -5.27083 -5.09693 -2.86533 -1.44524 0.851197 0.954858 1.01957 0.354471 -1.07348 -2.13498 -2.61074 -0.823136 -0.92405 -1.68792 -3.54133 -6.24142 -8.31368 -6.13666 -3.70897 -4.46018 -4.46018 -3.9056 -4.57873 -6.20774 -7.82325 -7.80781 -6.9866 -5.20646 -7.14238 -5.57539 -5.54036 -2.6413 -4.2138 -4.89713 -4.21215 -4.5967 -3.3846 -2.84135 -1.18816 1.15737 1.90433 2.41875 2.89611 3.62897 3.06732 3.29086 0.760333 1.34075 -0.442741 -3.42348 -3.42348 -2.33133 -0.800406 0.223728 0.782981 2.36222 1.84565 1.12138
 -13.5829 -13.714 -12.5547 -9.81431 -9.05138 -8.51957 -7.39547 -8.87804 -7.99139 -6.1981 -5.27495 -7.30793 -5.22121 -4.46426 -4.67557 -2.58026 -1.49094 -1.72885 -0.448887 -0.0873118 -2.34675 -2.64142 -2.48032 -3.57439 -2.94512 -3.68083 -2.4722 0.574117 1.30569 1.72564 1.44616 2.55498 1.2031 -1.64847 -2.06866 -3.57048 -1.82819 -0.970187 -3.00785 -3.59536 -5.25063 -7.29543 -7.24599 -5.51345 -5.00979 -4.45521 -5.17812 -7.28431 -8.14457 -8.19809 -7.67397 -6.46262 -4.92619 -5.12365 -6.03788 -7.5876 -5.65653 -4.50125 -4.36849 -4.16717 -3.6352 -3.81393 -3.95692 -1.76983 -0.0278563 1.23086 1.92745 2.42197 2.68934 4.40767 2.94788 -0.557308 -1.22898 -0.0148043 -2.49242 -3.51677 -2.30512 -0.966769 -0.396864 -0.418753 0.0770689 0.426435 0.426435
 -12.6247 -13.1439 -12.1062 -11.3602 -8.80723 -8.95991 -8.45968 -7.59699 -6.15563 -8.1959 -8.68291 -8.25985 -4.88174 -4.84936 -4.36818 -3.69693 -3.59623 -3.14059 -2.11505 -1.84342 -4.10186 -3.5997 -4.09974 -3.29435 -3.47183 -2.47841 -1.00687 0.321507 2.35 2.25323 2.38893 3.0394 2.35129 0.517919 -1.10536 -3.0507 -2.85985 -2.21246 -3.43092 -4.66583 -6.47402 -7.09416 -7.67805 -5.39364 -4.35981 -4.96357 -7.14525 -8.45578 -7.07393 -7.0439 -6.37074 -5.19828 -3.77917 -3.72292 -6.01759 -6.90641 -4.90561 -2.11327 -3.89664 -3.98797 -3.62155 -3.81393 -2.59051 -2.51173 -0.0278563 0.480752 0.574289 0.574289 3.34335 3.8987 1.50237 -1.15371 -1.15371 -2.5334 -3.08883 -3.08883 -1.87718 -1.46129 -1.51095 -0.00669714 -2.35068 -1.11787 -1.19644
 -12.1926 -12.1318 -11.0462 -11.6046 -9.64172 -8.47417 -8.02474 -8.74152 -6.3049 -9.73757 -9.27209 -7.3964 -6.04117 -4.81777 -3.97073 -4.8662 -4.59003 -2.3004 -1.7441 -1.47247 -2.65891 -2.81672 -3.0977 -2.96508 -0.701269 -1.56919 0.0198599 1.29345 3.07044 1.15886 4.01038 2.32694 1.33906 0.390574 -0.641741 -2.73782 -3.64015 -2.19608 -4.18777 -5.43322 -7.58054 -7.49342 -7.01303 -6.12295 -5.10458 -5.60829 -6.74544 -7.07393 -7.07393 -5.45531 -6.15612 -4.28177 -3.92489 -5.22997 -5.97461 -5.32853 -4.14838 -2.87689 -3.65589 -4.58267 -4.56666 -3.64719 -3.69574 -3.5799 -1.13683 -3.01122 0.493025 1.23879 1.29803 2.30769 0.747379 -2.50687 -2.50687 -1.86173 -2.5334 -2.51136 -2.3717 -1.72496 -1.49906 -1.53669 -2.10256 -0.970489 -0.741287
 -12.6371 -11.0671 -11.0584 -11.5263 -10.9627 -8.91759 -7.40296 -8.84276 -7.84658 -9.63208 -8.33266 -8.13602 -6.32144 -4.00239 -4.01857 -4.58187 -4.8087 -4.59188 -2.39139 -2.10873 -2.54083 -3.25088 -2.71955 -1.52785 -1.91337 -2.165 -0.712995 0.56059 1.1056 1.51338 2.88138 2.26941 0.0908084 0.62303 -1.19416 -1.20588 -0.987291 -1.57275 -3.57886 -6.44046 -6.92305 -6.40984 -7.14946 -5.99147 -5.81452 -7.28588 -7.44099 -7.79151 -7.26753 -7.21888 -7.03057 -5.82259 -5.43729 -5.28692 -5.41888 -4.9711 -3.5481 -2.33112 -4.04863 -4.82772 -4.69567 -4.78812 -4.07346 -3.6309 -3.88366 -0.930337 1.04878 1.45708 1.50723 0.722447 0.777579 -2.44681 -1.89138 -0.677207 -2.11626 -1.59969 -1.46004 -2.42514 -3.00283 -1.15426 -1.67082 -0.429039 -0.178464
 -12.1618 -12.1623 -8.58 -8.58177 -9.14021 -8.81097 -7.62165 -9.14883 -6.50673 -8.07355 -7.19975 -6.88974 -6.21407 -5.33132 -4.89922 -5.12607 -4.32649 -3.84153 -3.20783 -1.14435 -1.60388 -2.12684 -2.8981 -2.73995 -1.03673 -2.165 0.065195 2.38068 3.36353 3.09174 3.31123 1.6884 -0.453144 -0.411173 0.869929 -0.508856 -1.55625 -1.52863 -4.13344 -5.17398 -6.21265 -4.96489 -5.83729 -4.95251 -5.5893 -5.6242 -6.76136 -7.74893 -8.74767 -6.45918 -6.02478 -5.00698 -5.39488 -4.09259 -5.26826 -5.43546 -3.60322 -2.29332 -4.50062 -5.26386 -5.26888 -3.7027 -2.89209 -4.58238 -2.02897 0.591576 2.36194 2.20396 2.20396 1.74033 0.206361 -2.43724 -1.91522 -0.701042 -2.11626 -2.11833 -2.7148 -2.49971 -2.07665 -2.63122 -1.1677 -1.26566 -1.88068
