# name: MAT
# type: matrix
# rows: 70
# columns: 140
 -3.59014 -4.01771 -3.39307 -3.81314 -5.52155 -7.23449 -7.27037 -7.78994 -7.7742 -7.88361 -5.83878 -5.16531 -5.42205 -5.68301 -7.22152 -7.75166 -8.10941 -8.30804 -6.29713 -5.83069 -7.07713 -8.90309 -9.67585 -8.26629 -9.25736 -7.61575 -7.6664 -6.8912 -4.74563 -4.74563 -5.17005 -6.5188 -6.81086 -5.40344 -6.0913 -6.95636 -7.71222 -8.17272 -7.42854 -6.11397 -5.08416 -6.65929 -7.06793 -6.94497 -7.60992 -6.74647 -8.05757 -10.7513 -11.1516 -12.3172 -11.631 -13.0931 -11.7289 -10.4484 -8.55658 -8.99805 -9.61354 -8.80377 -6.45966 -6.71718 -6.01557 -4.74915 -6.61428 -8.70593 -9.11205 -8.59338 -7.20911 -6.14314 -4.95984 -3.61448 -3.11136 -7.38352 -5.17443 -4.41626 -5.07694 -4.05494 -6.55559 -6.5947 -5.96995 -7.59577 -9.1539 -11.8415 -9.97938 -9.75128 -8.50962 -6.98283 -5.91358 -5.63159 -9.89048 -10.0212 -6.92924 -9.21243 -8.25264 -7.39116 -3.82625 -6.57226 -7.45863 -7.20685 -7.46577 -5.60795 -6.27424 -4.94987 -5.01134 -5.27225 -4.7353 -6.34763 -4.77272 -5.20198 -5.01821 -3.87685 -4.43079 -4.82639 -5.2118 -5.93334 -6.40517 -8.27421 -8.77637 -7.50289 -6.3926 -8.43702 -7.96682 -8.6534 -9.10299 -9.77323 -9.7621 -9.67777 -11.8433 -12.8761 -11.7815 -13.0939 -13.684 -11.007 -10.5574 -11.17 -11.4067 -10.0982 -10.6857 -9.81111 -8.77469 -9.2778
 -4.05724 -4.63033 -2.80486 -4.10348 -6.30652 -6.51668 -6.32055 -7.78994 -8.20346 -6.61972 -6.19655 -6.62138 -5.59716 -6.57758 -6.28462 -7.23172 -5.46593 -6.61276 -8.83025 -6.25862 -7.66464 -9.03108 -10.1672 -10.2118 -10.3874 -8.97943 -9.14267 -7.51255 -5.9929 -4.74563 -6.17023 -7.55101 -7.26299 -4.91844 -5.65522 -6.36533 -7.95342 -8.55333 -8.61074 -6.20908 -6.19568 -6.63898 -6.21207 -6.72668 -8.7321 -7.94369 -8.05103 -9.88259 -10.663 -11.6407 -10.9544 -12.3879 -11.2758 -11.0661 -9.17424 -8.12437 -8.09716 -6.44291 -3.77891 -3.21252 -3.81413 -3.87453 -6.51925 -6.82925 -7.70019 -6.46585 -7.62895 -7.18191 -6.33619 -3.82517 -4.26026 -6.58552 -3.61927 -5.02599 -4.78183 -4.98441 -7.25912 -5.94963 -6.48538 -4.86174 -7.9822 -9.02623 -6.79501 -7.93658 -7.9543 -5.40274 -4.62991 -7.05937 -9.89635 -10.4698 -8.08576 -8.78316 -7.26795 -7.98581 -6.88857 -5.70876 -7.23678 -6.2214 -6.58943 -6.90077 -5.57916 -7.49254 -6.38572 -5.32281 -6.1312 -6.72954 -6.08346 -4.36783 -4.72272 -3.83505 -5.541 -4.3943 -4.76616 -5.22568 -5.57301 -8.77637 -8.34711 -7.93498 -7.32685 -7.56998 -7.09978 -7.09978 -8.23595 -8.19921 -8.69374 -9.29892 -10.2757 -11.7376 -11.3383 -12.3624 -12.3624 -10.3216 -9.42208 -10.5313 -10.416 -10.6886 -10.6857 -9.81111 -9.38804 -10.0271
 -5.18899 -3.32733 -4.16818 -3.83322 -5.85694 -6.03931 -6.03931 -6.93582 -6.30015 -5.70739 -4.67097 -5.01953 -4.6998 -5.25228 -3.93533 -6.45631 -7.29599 -7.9841 -8.01517 -8.44752 -8.53454 -9.198 -9.65753 -12.6073 -10.6219 -11.558 -9.52254 -8.19914 -5.9929 -6.27441 -5.76269 -7.05078 -6.53151 -5.85557 -5.35424 -7.19187 -7.25168 -7.14978 -8.30414 -7.10448 -6.45173 -6.23917 -5.7808 -7.8803 -11.0895 -9.95359 -11.0536 -10.5361 -11.057 -10.3985 -11.5985 -12.9088 -11.2271 -11.865 -8.16855 -6.59503 -4.83851 -4.04432 -3.48359 -2.17545 -0.713319 -2.95213 -4.63049 -4.80762 -4.74664 -5.69383 -6.38192 -6.89903 -5.16743 -5.21934 -4.55246 -2.75932 -4.20036 -3.32056 -4.91562 -3.88992 -6.2232 -5.7347 -4.42594 -4.30394 -5.19853 -8.38996 -7.69315 -8.41583 -7.87829 -5.41209 -4.41758 -8.16627 -9.8308 -11.7174 -10.7804 -9.36155 -10.4276 -9.73952 -7.01256 -5.70876 -7.22236 -6.55368 -5.13848 -6.46583 -7.59509 -8.96131 -7.81286 -7.11243 -7.9143 -7.9143 -5.91829 -4.80277 -4.72452 -4.38078 -5.63513 -5.29333 -4.79642 -4.79642 -5.63506 -8.17025 -8.667 -7.50905 -7.48109 -7.56998 -7.09978 -7.09978 -8.23527 -7.77905 -7.77905 -10.41 -11.8722 -10.8232 -11.2431 -11.9303 -12.5074 -10.4451 -8.91897 -10.5313 -11.6397 -9.98749 -9.81892 -10.0916 -9.65669 -9.5922
 -4.59586 -4.59586 -4.16818 -4.32233 -4.81639 -6.06582 -6.1749 -7.57332 -7.04142 -5.53609 -5.53609 -4.64162 -3.14183 -4.58661 -5.2305 -6.08414 -7.29599 -7.34994 -7.47825 -7.97015 -10.2155 -10.7565 -10.2318 -11.4567 -11.6014 -11.9691 -8.95978 -9.64266 -7.71236 -5.77128 -5.7598 -6.52105 -5.49115 -6.21586 -4.50788 -6.48598 -7.8421 -9.60954 -9.96017 -7.80316 -4.90547 -6.82962 -7.99987 -10.0118 -12.1541 -12.2 -12.0558 -12.032 -10.212 -11.2336 -12.1081 -13.4823 -11.7219 -13.236 -9.5808 -5.31491 -4.32605 -4.89034 -2.4931 -1.36401 -1.75309 -3.58529 -3.50744 -6.53984 -6.03053 -7.0919 -4.98152 -4.73807 -3.33041 -3.77234 -5.26358 -4.20644 -2.69091 -4.46138 -3.88642 -5.70411 -7.02647 -6.95072 -5.37593 -3.23347 -3.60175 -7.32926 -6.74245 -6.77887 -7.50102 -6.61532 -6.93721 -9.76685 -10.4042 -13.4768 -12.3666 -12.1939 -10.4812 -9.73952 -7.47692 -5.69895 -6.15957 -6.76201 -5.75708 -5.27358 -7.72384 -10.9895 -9.87981 -10.9209 -8.61886 -7.23887 -6.33784 -4.22648 -4.64955 -6.01012 -6.08404 -4.72902 -5.24533 -5.30169 -5.81895 -8.18421 -7.80355 -7.59552 -7.48109 -9.11023 -7.54869 -7.99701 -9.72287 -8.72953 -8.72953 -10.5651 -12.0777 -10.791 -11.7172 -12.5236 -12.9557 -9.99552 -8.91897 -10.5313 -11.6397 -10.6238 -10.2007 -10.3939 -9.51642 -8.99976
 -5.12888 -6.23512 -6.38088 -6.83829 -6.53123 -7.02652 -6.58526 -6.75934 -6.43518 -5.78925 -5.78925 -4.61031 -4.12275 -4.14301 -4.35975 -5.32603 -6.87848 -6.45627 -6.88421 -8.21635 -11.9003 -11.3972 -8.85633 -11.03 -9.93682 -8.64318 -9.11232 -8.69519 -5.85545 -6.49072 -6.42925 -6.07465 -4.71825 -5.76548 -6.35466 -7.81795 -8.92464 -8.71304 -9.54099 -9.20345 -7.60357 -9.64038 -10.1159 -11.766 -12.7443 -12.7876 -13.602 -12.0743 -11.2177 -9.84795 -11.1488 -12.6723 -12.1569 -13.9444 -11.0651 -8.41407 -4.53708 -3.93864 -3.74147 -2.55633 -1.61401 -2.43817 -6.33048 -7.79081 -7.08947 -6.60118 -5.07913 -5.05393 -2.68056 -3.29106 -4.33903 -3.98699 -4.09238 -3.16055 -1.94845 -6.20815 -9.43417 -4.91051 -4.2224 -2.5676 -3.56264 -7.38524 -8.02466 -6.85915 -6.49079 -5.53772 -5.87234 -8.59841 -10.8291 -12.9607 -12.2991 -11.2951 -13.1799 -8.7748 -7.02734 -6.67394 -7.31106 -5.82332 -4.17655 -4.67346 -8.83088 -8.41625 -10.8553 -12.6914 -9.77966 -9.74023 -7.02553 -5.43981 -4.99713 -6.08869 -5.59211 -4.12997 -5.22747 -5.72963 -6.76355 -8.73697 -9.21185 -9.00381 -9.52779 -9.52044 -8.49917 -8.93701 -9.15456 -8.27994 -9.37693 -9.8381 -11.4776 -11.2612 -11.7525 -12.9938 -12.5264 -10.4109 -11.5531 -10.9796 -10.9909 -10.5625 -10.1394 -10.5673 -9.94435 -9.51642
 -5.7376 -3.59115 -6.29123 -7.19046 -6.36176 -7.07547 -3.60089 -5.80797 -6.38287 -5.49125 -5.24611 -5.76277 -3.85118 -5.2966 -5.26706 -5.05445 -2.85137 -3.52915 -5.90347 -7.0644 -10.889 -10.9593 -10.7591 -10.0174 -10.4618 -7.53218 -7.40492 -7.29619 -6.02764 -6.83479 -7.45176 -5.21238 -4.80302 -5.78148 -6.37963 -7.7503 -8.9259 -8.44946 -8.14064 -8.55548 -8.64621 -8.22315 -10.716 -11.9942 -12.8496 -13.6258 -12.7844 -11.5262 -11.3561 -10.1419 -11.6814 -11.5518 -12.2804 -14.1137 -10.5706 -8.5161 -7.57798 -5.53983 -3.06015 -4.40321 -4.34006 -4.71181 -5.73407 -7.11913 -6.85209 -3.78426 -3.13818 -4.19038 -4.45078 -4.32087 -5.19011 -6.20293 -4.68004 -5.44903 -5.99112 -5.07303 -5.45303 -6.3383 -6.51666 -4.88946 -5.75376 -5.08411 -7.38761 -6.90836 -6.44291 -6.04084 -7.2312 -9.1852 -9.4654 -10.2158 -12.2759 -12.7664 -13.1154 -13.0938 -11.4108 -7.65388 -6.27247 -5.58697 -4.51364 -6.51894 -7.52646 -8.85737 -10.9963 -12.297 -10.6379 -10.1896 -7.19355 -4.7615 -4.91473 -5.06739 -4.39572 -4.56125 -5.20575 -5.03642 -7.49503 -9.1022 -9.06164 -9.86959 -9.96563 -9.86923 -9.52619 -9.11537 -9.80196 -8.27994 -8.32723 -9.18996 -11.9162 -12.3757 -11.2612 -12.0953 -12.0233 -9.9013 -11.5136 -10.9402 -10.4451 -10.1324 -10.1324 -10.5673 -9.69271 -9.76088
