# name: MAT
# type: matrix
# rows: 62
# columns: 61
 -6.76467 -7.40521 -8.78705 -8.15869 -7.32429 -6.87575 -7.6511 -8.4704 -8.04393 -8.53921 -9.54435 -10.4162 -9.0828 -8.06275 -9.87496 -9.42063 -8.81526 -9.67167 -8.93135 -9.16166 -6.11259 -7.23747 -8.03634 -8.90067 -9.65633 -8.97388 -7.75422 -7.60537 -7.99871 -7.86364 -8.62539 -6.87575 -8.20744 -8.15175 -8.50905 -7.95944 -6.34079 -7.13247 -6.01385 -5.34166 -4.82087 -6.61943 -5.15745 -4.93572 -4.02929 -4.57222 -3.60733 -4.73301 -3.03818 -1.50186 -0.55178 -1.39165 -1.82494 -3.24157 -5.83525 -2.90695 -3.47638 -5.32344 -3.71518 -2.62527 -3.71038
 -7.63468 -7.74394 -8.27578 -6.39489 -7.24267 -7.32429 -7.27459 -8.35378 -8.04393 -7.93109 -9.39987 -8.30659 -8.65879 -7.23512 -7.941 -8.53113 -7.89984 -10.1621 -10.8341 -9.90699 -8.37673 -8.18817 -8.01052 -8.81461 -11.5073 -9.3359 -7.69936 -10.0034 -8.17824 -8.5843 -8.05711 -8.01687 -7.70518 -7.27661 -7.76334 -9.02485 -6.9606 -6.91718 -6.79047 -5.28028 -4.8813 -4.90113 -6.6186 -5.65893 -6.66194 -6.26269 -5.6802 -4.18968 -2.45399 -0.474349 -1.16061 -0.352501 -3.8628 -4.78191 -5.5301 -3.01251 -2.70418 -3.20319 -3.5091 -1.94889 -3.90667
 -7.04876 -8.55995 -6.77582 -7.24047 -7.26242 -7.12067 -8.9217 -10.0319 -10.051 -10.0595 -8.86494 -7.76332 -6.68781 -6.68781 -8.56208 -9.49825 -8.85324 -10.8872 -10.5943 -8.92657 -8.05194 -8.29437 -6.69652 -7.3117 -9.80611 -11.2444 -11.0693 -10.5341 -9.13363 -9.62274 -9.14485 -7.44675 -7.60553 -7.45684 -8.43845 -8.39024 -7.08678 -5.20041 -4.94975 -5.65975 -6.36123 -5.91388 -7.44305 -6.2806 -4.77129 -6.21213 -6.70124 -4.20432 -1.96642 -1.61907 -1.58093 -1.62662 -2.75561 -2.75647 -4.90313 -3.74224 -5.62685 -3.48092 -2.78703 -5.13728 -5.22032
 -7.99191 -5.63169 -6.36825 -8.97724 -8.13892 -8.80456 -6.97776 -5.72447 -8.72204 -9.85452 -6.92458 -6.0518 -6.01873 -6.19651 -8.66232 -8.01492 -7.46151 -8.34843 -8.58832 -8.38891 -8.50988 -7.78485 -7.33702 -8.07139 -9.50347 -10.8061 -10.2548 -10.0836 -10.9434 -9.47537 -10.5618 -9.94534 -9.30367 -11.1709 -9.38606 -7.88998 -5.81386 -5.00017 -6.67829 -6.16107 -6.04054 -7.60246 -7.59197 -5.31975 -5.77927 -5.78815 -5.32419 -4.41757 -3.94077 -3.41689 -3.12508 -2.14525 -1.60186 -1.43909 -3.23675 -4.23789 -4.90447 -1.75183 -4.33696 -4.57548 -5.84355
 -5.88511 -4.40852 -6.03205 -7.63205 -7.76292 -8.94949 -7.52167 -5.69724 -5.50627 -5.13641 -6.22174 -6.18867 -5.75373 -6.50875 -8.215 -7.59488 -6.54314 -5.96927 -8.95978 -9.59605 -7.48144 -7.07524 -7.3631 -6.87166 -7.82773 -9.6562 -8.56048 -8.56048 -11.1257 -12.3756 -13.9186 -12.0074 -11.3087 -9.85472 -8.40042 -7.60503 -6.50736 -6.97248 -7.9976 -6.22864 -6.98103 -6.95442 -6.46656 -6.0435 -4.62667 -5.35502 -4.4161 -4.62147 -3.61201 -3.86711 -3.97547 -3.12036 -1.90113 -1.93969 -2.93516 -3.74295 -3.24767 -2.45261 -3.40397 -3.96122 -5.57446
 -6.93376 -4.85705 -6.03205 -6.0479 -7.43461 -8.0058 -7.0922 -5.78164 -4.92283 -4.61821 -5.13219 -5.68844 -6.13484 -6.50875 -7.77662 -6.65672 -7.29378 -5.64605 -6.78483 -6.83066 -8.35138 -7.31368 -6.53218 -6.96448 -7.16346 -8.4441 -8.56048 -9.8016 -9.25968 -12.1247 -12.1868 -10.2123 -8.10301 -9.088 -9.17216 -7.99498 -6.1561 -10.0185 -9.43442 -7.89018 -8.76437 -8.05991 -8.07468 -8.01243 -6.546 -5.03708 -4.80999 -3.32789 -3.61201 -4.19035 -3.98649 -3.92426 -2.85549 -5.36771 -5.28378 -4.59304 -3.50337 -3.04338 -2.41127 -3.83924 -4.82274
 -5.93562 -8.23618 -6.16887 -6.99677 -7.50608 -6.73832 -5.43289 -4.50955 -4.07381 -3.84213 -5.21308 -5.11567 -7.24147 -8.17236 -9.42056 -9.0611 -7.14428 -6.26966 -5.76595 -4.98757 -7.20673 -7.48721 -8.29094 -7.66659 -8.31722 -6.04042 -6.73404 -8.57419 -9.00285 -9.55973 -9.82206 -8.21899 -9.44591 -8.28864 -9.80536 -8.08564 -6.40904 -8.89617 -9.34766 -9.98879 -8.47857 -7.22206 -7.5434 -9.88883 -8.56325 -6.78978 -6.1427 -5.65359 -5.2857 -3.93965 -4.29637 -4.77417 -5.6142 -6.91338 -6.90819 -6.07656 -4.81917 -5.39919 -3.23643 -3.26837 -4.77178
 -6.80961 -6.80961 -8.06844 -7.50608 -7.72202 -6.30048 -2.88541 -4.33689 -4.25699 -4.71484 -5.45883 -8.54957 -8.04981 -6.74114 -6.67846 -8.67056 -7.91131 -5.85012 -5.15361 -4.55177 -6.60664 -6.31792 -5.58111 -7.61366 -7.01222 -4.69902 -4.89856 -8.02607 -8.10878 -10.2485 -8.99372 -8.59457 -10.0758 -8.81336 -9.37346 -9.57773 -9.97691 -11.9827 -11.7604 -11.5786 -10.5687 -10.4551 -9.67199 -8.31299 -6.64556 -4.74166 -5.61909 -5.67794 -3.99425 -3.99655 -3.75486 -4.3712 -6.65145 -7.75242 -6.90819 -6.72937 -6.22721 -5.56638 -4.37847 -3.64839 -4.26866
 -8.23245 -6.83031 -8.30026 -7.46898 -6.13474 -5.2619 -4.14226 -4.57435 -4.59161 -4.78289 -7.07564 -7.87628 -6.24575 -6.08086 -6.16315 -5.35979 -6.46759 -7.10511 -6.56169 -5.10243 -6.06319 -6.10708 -5.83786 -5.24442 -6.02891 -5.72038 -6.67803 -7.85091 -7.33458 -9.38504 -8.22243 -7.99397 -10.589 -10.2386 -9.22095 -10.4696 -11.1897 -12.9556 -12.7333 -13.3749 -14.8881 -11.7718 -11.129 -8.08986 -6.141 -5.71729 -4.25906 -6.98966 -4.69395 -4.55626 -4.34898 -4.85522 -5.45931 -6.68425 -6.62032 -5.51418 -4.41677 -4.98636 -4.37847 -4.52107 -4.33207
 -8.8109 -7.72985 -6.70579 -7.80978 -6.54007 -2.99904 -3.5858 -3.73364 -3.92492 -3.97549 -6.59354 -6.10944 -7.34685 -4.46823 -3.99235 -5.24328 -5.48032 -6.93235 -6.29824 -5.94349 -8.56801 -7.91188 -7.28012 -6.05448 -6.46507 -5.78729 -6.40499 -6.91119 -6.98361 -9.40026 -9.04333 -9.04333 -10.2243 -11.9045 -11.7134 -12.962 -12.0532 -13.0494 -13.5967 -14.1261 -13.1754 -10.5323 -11.5162 -10.3892 -11.0266 -8.55967 -7.33185 -5.19569 -3.90733 -2.85587 -2.21151 -1.65114 -5.64949 -5.59333 -5.6547 -5.18791 -3.27925 -2.30532 -1.17998 -1.34253 -2.88567
 -8.37384 -9.18745 -8.34999 -7.00027 -4.04327 -0.831879 -0.772846 -2.91862 -2.98658 -4.44281 -5.92749 -3.79228 -4.99613 -5.19868 -4.27686 -4.67437 -4.0907 -5.98379 -6.32156 -5.20264 -6.09589 -5.84258 -5.19855 -4.43853 -7.60044 -6.12966 -7.4208 -9.93802 -8.42309 -8.16401 -8.92834 -9.45241 -11.4364 -12.83 -12.4095 -12.2427 -12.5921 -14.7596 -14.0715 -11.8538 -10.003 -11.0037 -10.6333 -8.26636 -9.84373 -10.0524 -10.184 -5.22426 -4.45661 -2.92859 -2.51421 -2.99697 -4.88479 -4.68751 -3.02778 -2.80437 -1.10305 -0.416458 -1.26631 -0.285137 0.157972
 -8.20556 -9.09304 -9.60378 -7.30844 -4.8497 -2.02629 -1.43711 -0.856097 -1.85104 -3.61804 -5.16332 -3.35284 -2.72739 -4.53568 -6.71298 -5.209 -4.64546 -4.25619 -2.8253 -3.0876 -5.10921 -4.86548 -4.76471 -3.30608 -4.07194 -5.9631 -6.50195 -7.80324 -9.97588 -10.2885 -10.9221 -8.43214 -10.689 -11.8583 -10.4061 -11.2496 -10.9341 -10.9341 -11.5282 -10.8009 -9.72854 -9.49308 -10.3018 -9.1433 -8.41288 -8.82791 -8.30424 -4.49636 -4.30411 -5.0915 -3.58238 -2.3298 -2.54637 -2.63749 -2.7638 0.0393409 0.403599 0.530415 -0.401192 0.89196 1.16558
 -8.0558 -7.2707 -8.19535 -8.18021 -5.45361 -2.52304 -0.940343 -1.4159 -2.0633 -1.12549 -3.0967 -2.04669 -3.29612 -4.49292 -6.72883 -5.209 -4.63891 -3.01743 -2.00969 -1.75027 -3.38982 -4.35442 -4.13852 -2.97584 -3.60354 -6.21514 -3.83454 -6.38402 -7.50427 -8.05639 -9.76758 -10.323 -10.9153 -10.6444 -10.1837 -9.28478 -9.31518 -9.40685 -9.38303 -8.09612 -7.54031 -7.34026 -7.94014 -9.90818 -8.1125 -7.0886 -4.76957 -4.472 -2.82299 -3.0133 -3.05143 -1.02957 -2.46402 -1.833 -1.57253 0.636451 0.784222 -0.187982 0.0511671 0.743273 2.33059
 -5.52932 -7.28828 -7.36796 -7.26616 -4.81858 -2.52164 -4.06867 -2.46716 -2.27357 -1.52933 -2.78619 -1.69369 -2.3129 -3.10111 -4.22619 -2.60974 -2.05717 0.69038 1.30197 -0.670684 -1.53576 -3.77505 -2.22221 -1.87997 -3.54943 -4.60248 -3.209 -3.56562 -6.57933 -6.45979 -9.25795 -8.75782 -9.06843 -8.53446 -6.35421 -6.82204 -8.26124 -8.43063 -8.25255 -7.6855 -4.84908 -5.78368 -6.94944 -8.04182 -5.66938 -3.8767 -2.15775 -1.43006 -1.02143 -2.31495 -2.71842 -1.14893 -1.847 -1.19924 -0.724835 1.91483 0.324696 0.260926 -0.0756487 3.05321 3.30538
