# name: MAT
# type: matrix
# rows: 54
# columns: 121
 -13.7784 -13.8843 -13.8239 -14.2617 -14.2617 -12.0009 -11.6642 -11.6642 -11.746 -11.0579 -10.0482 -9.79091 -10.9965 -9.81587 -10.1932 -9.14757 -9.55989 -9.05965 -11.157 -10.1604 -8.77873 -9.24421 -7.74964 -7.74964 -7.8304 -8.30965 -8.48435 -7.51654 -7.85994 -7.38601 -6.80697 -7.30354 -6.13319 -4.15023 -5.02708 -6.45104 -6.49802 -7.15624 -7.26842 -7.30403 -8.18797 -6.59431 -7.65896 -9.50415 -9.08109 -9.18262 -8.90539 -8.53031 -11.42 -11.0255 -10.9004 -11.9191 -10.6092 -8.80914 -6.14134 -4.19896 -4.84237 -4.14295 -7.41838 -8.36595 -4.28597 -3.94746 -5.60978 -6.79565 -5.08146 -4.37577 -5.36889 -5.12447 -6.31281 -5.94213 -6.63977 -7.36511 -9.54195 -8.55204 -10.4351 -11.0114 -11.9107 -9.29504 -9.47819 -9.84406 -9.65029 -8.2837 -9.02969 -9.00847 -11.6752 -9.57646 -7.4175 -8.79659 -8.27702 -8.44565 -8.57084 -8.06622 -7.55516 -8.95444 -8.4532 -9.01668 -8.22028 -8.12948 -8.6308 -7.19467 -9.02431 -9.17968 -6.57251 -8.71957 -8.59949 -10.5628 -11.6486 -11.6486 -11.7737 -10.6867 -11.3385 -13.0881 -13.8155 -10.4684 -10.3048 -12.0785 -12.5274 -13.0464 -12.5427 -10.5776 -9.72805
 -13.7784 -12.9662 -14.2062 -14.8781 -14.8781 -12.6172 -11.6642 -11.6642 -11.746 -11.0579 -10.0482 -10.0482 -11.6831 -8.84087 -9.52898 -8.82534 -7.9811 -9.05965 -11.4138 -10.0071 -9.96901 -9.94732 -8.26621 -7.27583 -7.35303 -7.3609 -8.049 -6.82381 -7.2851 -6.92053 -6.80697 -6.36433 -6.58151 -5.77601 -6.41154 -5.53313 -4.85657 -6.9652 -7.60137 -8.98147 -11.5279 -9.18332 -9.85288 -8.88128 -7.72673 -9.71239 -8.04182 -8.47966 -10.1458 -11.1802 -11.0038 -9.60035 -10.0976 -8.9764 -5.96685 -5.96685 -7.74126 -10.5572 -8.64782 -8.56825 -8.08504 -6.8787 -7.87538 -7.21775 -6.75832 -5.75759 -4.05739 -4.88044 -4.80724 -4.78583 -6.24629 -7.90453 -8.38017 -8.88195 -9.70048 -9.43696 -11.0623 -11.0253 -8.90511 -10.8605 -10.2235 -9.68436 -9.24315 -9.9566 -10.2917 -11.0635 -8.56844 -9.24618 -8.73655 -7.76588 -7.12527 -7.92809 -8.04048 -10.0605 -9.50511 -9.77029 -9.12669 -9.636 -8.52215 -7.63768 -8.36917 -9.09536 -8.55698 -6.36922 -7.65031 -8.3286 -7.75676 -8.80408 -10.5211 -8.20655 -10.3679 -10.2704 -9.01134 -8.49794 -9.00705 -11.0956 -11.6066 -11.8586 -11.8586 -10.7306 -9.48174
 -14.3948 -13.0733 -14.2062 -14.8781 -14.8781 -11.7804 -11.7804 -11.7804 -11.1729 -10.5428 -10.5428 -10.0482 -10.2788 -9.28607 -9.02875 -8.02039 -7.50372 -8.63863 -9.7339 -7.74531 -8.12261 -7.11055 -7.61415 -6.45702 -6.32707 -6.13444 -7.32626 -6.14309 -4.98747 -3.10298 -1.52904 -3.76999 -4.71886 -5.17019 -7.22722 -5.35681 -3.97082 -6.6878 -9.10183 -10.7382 -11.4693 -10.875 -9.08575 -9.11455 -9.56109 -10.1125 -8.47966 -8.47966 -8.27999 -9.15309 -11.2681 -10.5888 -10.7742 -9.6454 -8.66185 -9.13698 -10.3479 -10.3479 -9.11011 -9.00514 -8.88259 -6.83601 -8.40392 -8.52408 -7.61679 -7.09362 -5.20913 -3.84152 -5.29229 -6.69603 -6.42117 -8.81779 -8.80959 -8.27481 -8.32883 -9.64847 -11.8779 -10.0607 -9.01084 -8.73711 -9.81869 -8.18408 -8.21053 -7.77617 -10.0644 -9.45944 -9.12387 -8.35761 -9.58275 -8.75862 -9.20753 -9.00942 -8.07938 -9.10739 -8.97113 -9.42108 -9.44727 -9.48656 -8.97 -7.90948 -8.43874 -8.58772 -7.3441 -8.77128 -9.57435 -9.54071 -8.96886 -8.34838 -8.72932 -10.1203 -9.28206 -7.53301 -8.62336 -8.59754 -7.68342 -10.0747 -10.7845 -11.3931 -12.0648 -11.4023 -10.1142
 -14.3948 -13.7452 -14.8781 -14.8781 -14.8781 -11.7804 -11.7804 -11.7804 -11.164 -10.1575 -10.1575 -9.66302 -10.4667 -9.28607 -8.59949 -9.342 -7.50372 -9.13521 -7.3067 -6.66675 -7.13223 -7.17631 -6.63916 -5.96729 -4.81015 -6.00197 -6.04338 -4.39473 -4.14242 -3.71936 -2.16507 -4.21025 -5.54679 -6.15482 -5.06944 -4.96485 -5.61093 -7.49291 -7.6837 -9.37268 -12.39 -10.8055 -10.1084 -10.7751 -10.5025 -9.6654 -9.29853 -8.65134 -8.65134 -9.82536 -10.3174 -10.7346 -10.5124 -9.48198 -11.0585 -9.98658 -10.4218 -10.185 -9.53415 -7.8769 -8.44764 -8.25614 -6.86565 -8.13596 -7.15149 -5.23295 -5.62743 -5.52443 -5.96023 -7.84256 -7.06524 -7.99141 -9.25981 -8.27413 -7.82522 -8.83989 -10.1763 -11.5777 -10.0898 -10.3227 -9.90382 -9.90382 -8.27688 -7.98456 -11.0138 -9.90835 -7.94034 -7.001 -8.86785 -8.18593 -8.67504 -8.49379 -9.11049 -9.59836 -10.1652 -9.53128 -6.96839 -7.8544 -8.40975 -7.39291 -9.65084 -9.88998 -8.28262 -7.70988 -7.08401 -7.71385 -7.64596 -8.26233 -9.15477 -7.97057 -10.704 -8.485 -7.66442 -6.88791 -7.42922 -9.61093 -12.0115 -11.5093 -12.0648 -11.4023 -11.051
 -14.3948 -14.3344 -13.7452 -14.8781 -14.8781 -12.4446 -12.4446 -11.7804 -11.164 -10.1575 -10.1575 -9.66302 -9.31357 -8.321 -8.59949 -9.342 -7.50372 -7.60358 -8.43264 -6.66675 -7.63595 -7.68003 -6.03316 -6.84877 -6.8908 -6.37974 -6.04338 -4.39473 -3.96546 -3.23367 -3.92527 -4.50114 -5.51338 -4.33023 -4.99037 -4.25186 -3.29008 -5.96479 -7.87102 -10.5217 -10.9448 -12.3049 -10.6974 -10.6822 -9.67248 -7.74559 -9.50644 -9.8416 -10.3583 -10.8773 -12.6738 -12.97 -9.45708 -8.96912 -10.1932 -9.12129 -11.0839 -8.8908 -7.80828 -7.15339 -6.65037 -7.93027 -8.75829 -7.19811 -6.72038 -7.10809 -5.67041 -5.39318 -5.84914 -5.73618 -8.34606 -8.78057 -8.23392 -8.98682 -8.79431 -9.62502 -9.25237 -10.638 -9.98176 -10.1706 -10.4063 -10.7722 -10.8207 -11.127 -11.0576 -10.5412 -7.03579 -8.28112 -6.41959 -7.68004 -8.76969 -9.14796 -8.58396 -9.13854 -9.96662 -9.8269 -9.22599 -8.90907 -8.51923 -8.67481 -7.82084 -8.41363 -6.67892 -6.15176 -6.14513 -6.03373 -6.50317 -8.18085 -8.20407 -7.97057 -10.122 -9.15607 -7.29319 -8.26689 -9.27836 -9.61093 -12.5276 -12.5276 -12.2757 -12.3698 -11.0705
 -14.3948 -14.8117 -14.2226 -14.9177 -15.3555 -12.4446 -12.4446 -12.4446 -11.8283 -11.3131 -10.7781 -10.7781 -8.65353 -8.27734 -8.55583 -9.84572 -8.17563 -6.96664 -7.43418 -7.85857 -8.32405 -7.58269 -6.36738 -6.36738 -5.19658 -6.29439 -5.95047 -4.80372 -3.59339 -3.63984 -3.21764 -5.23514 -4.5695 -4.91774 -5.35216 -5.33382 -6.01266 -8.63795 -9.81291 -11.4882 -11.6393 -10.6726 -11.2662 -11.7541 -10.8217 -8.27207 -10.0873 -10.0873 -10.8626 -10.8871 -10.9614 -11.064 -10.8602 -10.2035 -11.0962 -9.8094 -8.77555 -6.77796 -8.13407 -7.05366 -8.06067 -8.36481 -9.54845 -8.57211 -6.57783 -6.14194 -7.17757 -6.49398 -7.51391 -6.83434 -7.23116 -6.04354 -7.66972 -8.56649 -10.5574 -10.6612 -10.1786 -11.7042 -12.3619 -11.9346 -11.2541 -12.0697 -11.917 -12.3874 -10.1476 -11.1625 -9.91132 -9.08141 -8.81442 -9.12938 -8.68106 -8.6314 -8.58338 -9.9248 -9.94423 -8.821 -6.51391 -6.64058 -8.31538 -7.81167 -8.32812 -5.53509 -4.07977 -5.63782 -5.70849 -6.55845 -6.57751 -7.68176 -8.30638 -7.54603 -10.0957 -9.67215 -9.51106 -10.0471 -10.8265 -11.1954 -14.7467 -13.7523 -13.8496 -11.7534 -11.0705
 -14.8721 -14.8117 -14.9177 -14.9177 -14.9177 -12.922 -12.4446 -12.4446 -11.8283 -10.7657 -10.7781 -10.0916 -9.04148 -9.67297 -7.96665 -8.48411 -8.99364 -7.03497 -8.27976 -7.52843 -7.05577 -7.29829 -6.82691 -6.36738 -6.33053 -5.83933 -5.23809 -5.74253 -4.82711 -4.40405 -4.08489 -5.59376 -4.5695 -4.94125 -6.42303 -6.44924 -8.03053 -7.32616 -8.50111 -9.74457 -10.564 -11.6637 -10.6879 -9.38321 -7.95632 -8.22105 -8.87013 -8.7879 -8.16674 -9.56275 -9.98582 -10.5019 -10.7864 -10.3849 -9.53136 -10.9633 -9.94508 -6.99422 -7.99515 -8.2495 -6.46386 -8.86697 -9.93904 -10.255 -6.9754 -6.98272 -6.17352 -8.10079 -9.0755 -9.52545 -7.72281 -6.1207 -5.79035 -7.95511 -8.68055 -10.378 -9.96141 -12.118 -12.9275 -11.9824 -11.2541 -10.7662 -11.917 -10.4556 -9.62366 -11.0869 -10.1338 -9.14494 -9.01559 -7.40573 -10.2451 -10.7479 -8.33766 -7.95188 -7.35304 -7.18057 -6.49579 -6.4502 -7.24158 -8.56149 -7.74023 -4.95755 -3.11195 -5.12947 -3.75621 -5.66371 -7.06538 -7.68176 -7.26273 -8.01332 -8.21143 -9.55268 -12.6701 -10.5185 -10.8117 -11.6805 -12.8516 -13.205 -14.844 -12.5825 -11.1384
