# name: MAT
# type: matrix
# rows: 53
# columns: 170
 -7.15676 -7.60856 -7.5643 -7.60923 -7.17963 -6.73249 -8.5111 -7.26402 -7.52041 -7.96931 -8.67161 -8.66235 -7.68143 -6.78988 -7.98307 -7.51583 -8.41684 -7.89296 -9.42985 -8.37696 -9.00262 -11.0061 -10.5655 -9.14744 -9.47716 -8.5362 -10.7865 -10.2714 -10.1414 -9.64516 -10.9258 -9.05201 -8.36575 -8.145 -7.57564 -5.85488 -7.04696 -6.65886 -7.33233 -7.8234 -7.44965 -8.41404 -7.9762 -7.98659 -6.74314 -6.95979 -8.44663 -9.84097 -8.01667 -5.26986 -4.4914 -4.48393 -3.29751 -4.30252 -4.65941 -3.52109 -4.12601 -4.94475 -4.96483 -8.49506 -9.9548 -11.2035 -13.0155 -12.245 -13.35 -15.5598 -16.0198 -16.5452 -17.9502 -17.4557 -17.5425 -15.0241 -14.3585 -12.6703 -12.5396 -11.7973 -12.2833 -10.7387 -11.3108 -10.2901 -9.29371 -10.3315 -8.93398 -8.65168 -7.66227 -5.77753 -6.21957 -7.86201 -6.93505 -8.59395 -6.55742 -6.87183 -6.25937 -6.70636 -6.50793 -5.92661 -5.3976 -6.9688 -10.8091 -8.02375 -6.97943 -6.45535 -8.32534 -7.41856 -6.51203 -7.76513 -7.75062 -7.79589 -8.2996 -6.23295 -5.98623 -4.96131 -4.28257 -5.18859 -3.83973 -2.35072 -3.75645 -3.75645 -6.97074 -6.28561 -7.27384 -8.64136 -10.141 -11.6168 -10.6051 -11.052 -10.1418 -10.6624 -7.43528 -5.34706 -4.33017 -3.44486 -3.64428 -3.12916 -3.07267 -3.41223 -4.11475 -4.7057 -5.24004 -6.51258 -6.23074 -6.60915 -4.36026 -4.75294 -5.39473 -6.36984 -6.18964 -6.61758 -7.55594 -7.9437 -7.91154 -6.10399 -6.11255 -6.62911 -9.18815 -11.4149 -10.9112 -11.8739 -12.1449 -10.7165 -10.8734 -11.8526 -9.13522 -9.48139 -8.80972 -8.49686 -9.17801 -7.7708 -8.13772 -5.97499
 -6.19051 -6.18396 -6.09299 -7.50234 -7.07928 -7.61454 -9.05586 -9.05586 -8.45676 -7.11682 -7.56573 -8.81202 -6.3049 -4.87351 -6.12199 -6.03034 -8.41622 -7.94796 -8.88152 -8.56651 -7.87841 -9.45917 -9.53147 -10.2077 -9.47716 -9.48335 -10.7865 -10.8445 -10.6058 -9.5713 -9.79605 -8.13695 -8.1772 -6.47131 -6.5882 -7.76919 -7.14013 -7.83545 -6.9904 -6.44786 -7.38726 -6.08413 -8.49276 -8.50326 -6.74314 -6.26074 -7.21426 -7.87653 -6.98798 -6.23016 -7.34379 -4.19017 -2.5012 -1.83084 -1.73362 -1.38009 -3.77714 -6.68443 -5.66313 -5.67837 -7.82213 -11.3976 -11.8536 -10.6962 -12.2552 -13.503 -14.7886 -16.4831 -14.5089 -15.879 -15.637 -13.5876 -13.6937 -13.6467 -13.1824 -10.9807 -10.8082 -11.6023 -10.2217 -11.3851 -10.9598 -9.83495 -9.23808 -9.7085 -5.10854 -6.17615 -4.87708 -9.04532 -8.83341 -7.16035 -7.18687 -6.45729 -5.88723 -7.57165 -6.50793 -5.91952 -5.87748 -8.54959 -8.73216 -7.41156 -7.41156 -7.80769 -7.28266 -8.33249 -7.56407 -9.19151 -8.65302 -8.69829 -8.19393 -7.43078 -6.39717 -7.75409 -6.86938 -5.12293 -4.47315 -1.8413 -1.91325 -5.98374 -5.36514 -5.7944 -9.1283 -9.08206 -10.701 -11.6038 -9.66588 -11.631 -8.62815 -7.76532 -7.66097 -5.56717 -4.8304 -3.38322 -4.16816 -4.2868 -4.39958 -1.99845 -2.09019 -3.85085 -5.90266 -5.43377 -4.94616 -3.1322 -3.1322 -3.44769 -6.53579 -5.98158 -6.67875 -7.02324 -7.47214 -9.08713 -6.96084 -6.14909 -6.16325 -5.98041 -7.40899 -10.2157 -9.77782 -10.7489 -11.616 -11.3582 -11.5262 -8.71245 -8.71245 -9.31764 -9.69251 -8.49686 -10.7923 -9.07883 -9.30041 -6.85261
 -5.6887 -5.575 -5.02418 -5.34074 -6.78596 -7.60295 -9.24095 -9.22239 -9.2345 -7.92912 -6.13612 -6.3035 -6.48268 -5.45978 -4.9256 -5.02661 -5.46241 -7.36589 -8.31345 -9.34658 -8.70455 -10.2401 -11.083 -11.115 -10.9615 -9.43674 -10.9159 -11.7896 -11.3241 -9.15193 -8.55422 -9.05397 -8.55718 -7.6517 -8.02095 -6.23788 -6.80471 -6.42417 -5.45718 -6.38932 -5.43055 -6.60069 -6.5083 -7.10799 -3.69018 -3.69908 -4.04016 -7.45346 -6.31631 -6.31631 -5.26132 -4.52748 -4.01894 -1.73879 -2.62527 -1.35701 -0.932351 -5.15556 -5.20731 -5.36938 -9.33809 -11.2124 -11.6706 -11.8407 -11.2751 -11.4766 -13.7801 -14.8757 -15.3899 -15.3653 -15.5158 -13.5451 -13.6734 -14.2021 -13.5191 -12.0221 -11.9768 -11.4723 -9.87375 -11.4665 -11.2429 -10.2223 -9.75432 -9.33985 -7.97593 -6.86585 -6.17152 -8.1802 -8.59573 -8.11857 -7.63578 -7.04647 -6.89281 -5.58617 -6.79568 -6.09822 -8.29688 -9.15487 -8.63535 -7.39015 -7.99158 -7.07719 -7.03595 -9.05098 -7.11267 -8.72715 -9.19151 -8.59262 -9.32126 -7.94734 -6.91373 -7.44034 -6.1088 -6.40336 -7.3157 -5.12945 -3.01592 -4.1469 -4.38099 -6.41755 -9.78382 -9.20149 -8.02809 -10.7912 -10.7912 -10.3247 -8.8749 -7.76848 -7.03494 -5.58798 -4.79017 -3.82882 -6.82072 -6.39198 -5.88982 -4.7595 -4.46376 -4.50184 -4.92548 -5.43383 -5.96032 -5.46879 -4.34346 -3.97269 -6.157 -6.48556 -7.24897 -6.64885 -7.07679 -7.07679 -6.9541 -6.59251 -7.25927 -7.25927 -8.95452 -8.00796 -8.84234 -8.68587 -8.6735 -11.0081 -10.5855 -9.96912 -10.0356 -10.2729 -9.13311 -9.54216 -10.7617 -8.74273 -9.36433 -8.57946
 -5.63096 -4.57428 -5.93082 -4.89138 -6.48131 -6.66841 -8.30468 -8.30468 -9.29074 -7.87705 -7.40583 -5.82117 -6.49284 -5.32994 -4.52362 -5.44968 -5.8966 -7.26901 -8.33185 -7.49001 -7.25808 -9.40082 -10.7167 -9.64759 -10.124 -10.0191 -10.9724 -10.2861 -10.8113 -9.69165 -10.308 -8.21548 -8.1291 -7.28406 -6.31857 -7.26927 -7.63273 -5.85883 -5.86052 -5.95148 -6.4552 -6.09517 -4.57914 -6.35486 -6.0205 -4.41337 -3.40191 -4.35898 -4.83692 -4.78164 -4.78164 -5.13863 -4.46666 -2.27687 -1.14662 -1.08201 -0.772024 -5.08367 -4.4195 -6.29551 -8.1824 -10.5595 -10.4877 -10.4213 -9.72544 -10.9066 -12.2859 -13.4285 -13.4927 -14.8095 -14.9048 -14.9048 -15.0777 -14.7145 -12.9888 -11.4825 -11.6554 -11.0288 -11.7166 -11.2852 -11.1812 -10.6572 -8.92494 -9.18479 -10.4408 -6.76802 -7.82462 -7.73493 -8.69466 -7.0216 -7.48596 -7.89612 -8.01875 -6.15668 -4.67556 -5.22958 -8.56568 -10.9989 -8.13175 -6.81013 -6.94124 -7.43608 -8.04904 -8.13033 -9.20417 -9.40062 -9.40062 -9.36117 -9.40573 -9.39533 -8.33321 -5.60906 -5.49243 -6.42883 -6.71641 -4.62588 -3.64496 -5.46932 -6.00063 -7.92105 -7.58878 -9.36842 -7.26889 -8.09498 -10.2745 -9.16322 -8.28739 -8.10403 -6.91219 -7.69911 -8.04405 -5.10401 -6.86261 -7.61836 -6.68126 -6.68126 -4.76753 -6.61585 -6.89812 -6.46199 -6.60056 -6.98121 -6.4781 -4.04103 -6.14968 -5.69584 -7.81367 -7.21355 -7.07679 -6.11769 -6.7178 -7.93436 -6.71656 -7.54017 -9.26205 -9.25065 -6.89212 -7.09497 -7.70648 -8.46826 -9.72924 -10.649 -10.5205 -11.6067 -11.1857 -10.7264 -9.82879 -9.02382 -9.75791 -9.11141
 -5.78148 -6.07654 -5.93082 -6.45845 -6.62777 -6.62777 -7.66762 -7.75376 -6.8547 -8.3609 -6.50467 -7.17744 -7.87262 -7.70515 -8.48369 -7.72999 -9.1146 -8.36995 -9.76121 -9.26301 -10.6931 -11.6104 -11.4997 -10.5839 -10.6604 -9.84702 -11.356 -10.2416 -10.2946 -9.79129 -11.1473 -9.83895 -7.25824 -8.23003 -8.8761 -7.34558 -7.85114 -6.57943 -5.33535 -5.3884 -5.91896 -5.06485 -4.82775 -5.0971 -6.72874 -6.05872 -5.03065 -3.85586 -4.57077 -5.50132 -5.50132 -5.27915 -3.47307 -0.00579783 -0.018246 -0.143122 0.23351 -3.0738 -4.23222 -5.18238 -6.81355 -9.68336 -10.3321 -8.75484 -9.68202 -10.3373 -12.2978 -12.8242 -14.2462 -15.6642 -14.9963 -16.151 -14.3124 -15.0827 -12.4668 -11.4972 -11.7282 -12.1404 -10.8277 -12.5298 -11.262 -11.8165 -11.0331 -9.89901 -10.0162 -7.16752 -7.32734 -7.02029 -6.81087 -6.49773 -7.96445 -8.91398 -7.33217 -6.34091 -6.49618 -4.09077 -9.5584 -9.90161 -8.31962 -6.998 -7.55244 -9.19332 -7.80963 -9.33937 -9.76378 -10.5134 -9.95887 -9.16235 -9.62951 -7.79529 -7.91236 -5.04803 -6.36981 -7.98928 -5.60132 -5.25902 -3.20155 -5.20306 -6.43847 -7.80695 -7.7607 -9.80626 -8.57018 -9.59357 -8.80963 -9.06179 -6.97379 -7.91083 -7.30788 -8.46193 -7.7103 -8.88622 -7.8189 -8.67491 -8.8134 -8.97689 -7.98373 -6.90122 -7.00136 -7.74921 -8.48636 -7.60691 -6.99054 -6.73464 -5.42699 -5.26004 -4.84661 -6.14399 -6.04863 -6.11769 -8.68192 -5.15007 -6.51398 -9.00397 -10.0572 -9.91128 -9.48249 -7.43648 -7.65326 -9.13663 -9.13785 -9.57365 -10.1087 -11.8 -10.7262 -9.87049 -10.4763 -10.1913 -9.25834 -8.76176
