# name: MAT
# type: matrix
# rows: 62
# columns: 125
 -6.11085 -6.16462 -6.25955 -7.43434 -7.95823 -8.45282 -7.93226 -6.19721 -8.82551 -8.82001 -9.61167 -10.1282 -9.84783 -9.24169 -8.91375 -8.68443 -10.3018 -9.61525 -9.55461 -10.4213 -12.6924 -9.47662 -8.43022 -8.17137 -10.3287 -11.4642 -11.0412 -12.6063 -11.7718 -9.64619 -9.69602 -9.54324 -10.5435 -11.3322 -13.5084 -14.5448 -14.0227 -15.7737 -12.9678 -13.3222 -13.0075 -12.8222 -12.0671 -12.4692 -12.045 -11.2666 -12.8821 -12.4241 -11.7729 -10.4234 -8.0418 -6.94484 -8.57759 -8.45733 -9.36735 -6.4814 -5.60218 -6.28844 -6.22267 -3.79105 -6.243 -7.52041 -5.05217 -4.94347 -3.97611 -4.0672 -2.96207 -4.55719 -4.12225 -6.86568 -6.69099 -8.85795 -7.96273 -6.6787 -6.91891 -7.8067 -9.91405 -12.646 -10.374 -11.2764 -9.42 -7.67862 -7.54433 -6.73844 -4.66733 -6.08672 -4.26827 -5.7991 -5.35003 -5.57795 -6.25997 -5.727 -4.11356 -1.88039 -2.64664 -2.39006 -2.53782 -1.13585 -0.224568 1.5508 0.740466 0.946409 1.20487 0.576405 -1.05032 -0.749128 -0.00570401 -1.21948 -0.107632 0.0622936 0.398857 -0.115953 0.188454 0.016543 -0.554316 -2.76325 -3.81261 -3.4265 -5.9872 -3.94656 -6.28479 -6.97178 -5.58401 -6.56745 -8.88656
 -5.60907 -6.61683 -8.31348 -9.413 -8.96468 -8.25421 -9.86654 -8.48121 -8.82551 -8.82694 -8.41974 -9.48736 -10.5982 -10.5879 -9.81829 -10.2509 -12.6681 -12.4981 -11.1182 -13.02 -12.5624 -12.8285 -9.00031 -9.51687 -11.4657 -12.7886 -12.3655 -13.0756 -13.8771 -11.309 -10.5594 -11.4082 -10.6029 -11.2495 -16.1171 -13.5005 -15.7513 -15.6557 -15.2013 -14.6551 -12.4174 -12.1503 -11.0538 -11.5496 -12.0941 -11.6767 -12.8781 -14.8946 -12.4267 -10.8356 -7.56255 -6.87334 -6.58753 -8.06888 -8.29778 -7.813 -5.63361 -6.73698 -4.56798 -4.34961 -7.99562 -6.66614 -7.07267 -5.48188 -4.81251 -4.4247 -2.92899 -2.92309 -4.64803 -5.36929 -7.78588 -7.53041 -7.96273 -7.45342 -8.05544 -10.0535 -11.6632 -12.6791 -11.1444 -11.3248 -11.0609 -8.33445 -7.09474 -7.54433 -6.43275 -5.49873 -4.23615 -7.14194 -6.99023 -7.82289 -5.27531 -6.22012 -4.72659 -4.27643 -2.53165 -1.51607 -4.9153 -2.14876 -2.14177 1.0978 -0.0299524 -0.917728 0.650295 -0.0323799 -1.56145 -2.32086 -0.96394 -0.580993 -1.10817 -1.10817 -0.855579 -2.12583 0.686151 -0.496231 -1.57333 -5.8765 -4.09996 -5.18111 -5.31243 -4.82145 -6.03405 -5.77265 -5.20776 -7.19467 -8.4832
 -8.14595 -7.51287 -7.73388 -8.41198 -7.72539 -9.08467 -9.13466 -6.74178 -7.27851 -7.1179 -7.58465 -10.33 -10.8336 -11.1404 -11.7783 -11.3809 -14.3264 -13.8456 -12.192 -12.192 -13.0661 -12.5624 -12.6407 -10.6269 -12.2392 -13.1045 -13.6544 -14.4582 -12.7959 -11.2913 -11.1148 -11.3249 -11.3194 -13.1091 -14.5809 -18.0241 -16.6974 -18.5844 -15.0331 -14.287 -11.4977 -13.1188 -12.0137 -12.7402 -11.8262 -11.8262 -12.452 -13.6977 -12.1737 -9.57979 -8.70778 -5.62042 -8.05907 -9.17138 -9.90352 -8.69244 -8.1666 -5.71388 -7.2713 -7.06491 -7.50262 -7.58096 -4.99709 -5.6474 -4.94736 -4.36353 -3.84479 -4.66415 -6.66209 -5.79575 -3.21894 -6.78001 -6.13948 -6.8534 -5.37461 -8.18384 -8.90431 -9.47175 -11.2184 -9.32547 -10.2449 -9.21185 -7.50957 -4.81677 -7.5301 -5.99004 -4.76013 -5.76516 -6.86221 -7.76621 -6.67825 -4.71444 -6.1942 -3.68859 -6.86049 -4.44317 -4.97058 -4.30716 -3.35095 -1.19657 -0.132589 -1.4681 0.199624 -0.392047 -1.80604 -2.63942 -0.284175 -0.595474 -2.72845 -2.72845 -2.00169 -2.82303 -1.42489 -1.60605 -1.06438 -4.9457 -5.48762 -4.70592 -6.59953 -5.25983 -5.06833 -5.12218 -7.38085 -8.63482 -8.55028
 -8.53731 -6.51888 -8.56442 -9.00022 -8.98816 -10.2797 -8.30488 -8.19076 -10.6167 -9.01132 -9.53604 -10.8002 -10.8336 -11.9649 -13.3226 -14.7294 -15.2956 -14.4974 -12.1985 -13.1982 -14.0723 -13.5627 -13.648 -12.6178 -12.6401 -12.738 -13.8372 -14.5843 -12.2708 -10.3731 -10.5486 -11.9939 -10.4148 -13.5765 -15.5657 -18.4231 -18.4698 -18.0958 -17.5636 -15.605 -12.1276 -13.5346 -13.15 -12.7311 -12.9859 -11.8967 -11.8967 -11.9727 -10.2567 -9.10958 -7.1962 -5.07305 -7.88501 -8.39572 -8.85893 -7.41998 -7.84901 -6.3388 -5.56618 -7.83796 -7.60091 -6.55043 -3.39974 -4.8212 -3.29223 -1.31239 -2.69997 -4.23499 -5.0129 -5.54827 -3.72647 -2.96034 -5.83995 -5.72319 -6.72497 -8.23777 -9.43345 -9.49126 -9.90688 -11.1988 -8.37476 -8.65028 -7.45707 -6.57186 -7.57045 -6.27723 -4.75492 -6.74005 -6.45579 -6.88505 -5.40521 -3.7168 -7.03374 -6.68426 -6.71203 -4.4414 -5.86549 -5.13414 -5.17438 -4.24988 -1.84566 -2.01144 -1.29987 -0.555239 -3.08666 -1.75267 -0.267363 -1.82332 -2.77728 -3.23119 -2.88043 -0.544645 -2.22896 -2.59019 -4.97646 -4.58581 -6.00076 -5.83009 -7.88296 -6.78661 -5.86856 -5.55215 -6.81198 -8.20846 -8.87321
 -7.6722 -6.67346 -7.78613 -9.99555 -10.3966 -11.1984 -10.1302 -9.26676 -10.9693 -9.88864 -10.4617 -10.6578 -12.7841 -12.394 -13.0727 -15.115 -15.8436 -15.5486 -12.6951 -12.6951 -12.7069 -14.9376 -14.8765 -13.5225 -14.1188 -13.2751 -15.6756 -15.5593 -14.0116 -11.4958 -11.0463 -11.2466 -11.4221 -13.7359 -17.4528 -17.831 -17.8974 -19.2653 -17.0726 -16.9229 -13.0195 -12.7879 -11.2093 -11.2918 -11.2407 -11.7881 -12.4737 -11.4836 -9.94343 -8.62047 -6.0765 -5.72112 -7.62578 -5.61351 -6.7215 -4.70262 -5.19575 -4.03277 -4.852 -6.57839 -7.85882 -3.87579 -4.10781 -4.70793 -3.65992 -1.85408 -4.41414 -4.42992 -4.86521 -5.09591 -2.6387 -2.42535 -2.5744 -4.90758 -7.34319 -7.49033 -8.84766 -9.79552 -9.63272 -8.51825 -8.00249 -9.29734 -8.43733 -7.25613 -7.80046 -6.29096 -6.49359 -8.47947 -7.11123 -5.66742 -4.42722 -7.74616 -8.32025 -7.31871 -6.23466 -5.0581 -4.46249 -4.71598 -4.26491 -4.19717 -3.99232 -2.01144 -2.53735 -1.75294 -2.49603 -2.82085 -2.96001 -1.88909 -1.73074 -3.47961 -3.13787 -2.817 -3.80205 -6.02915 -4.53696 -6.82022 -8.03888 -8.03405 -6.82667 -7.65672 -5.96989 -5.36898 -6.56799 -7.23583 -9.45156
 -7.50824 -8.37381 -9.30269 -10.2416 -12.6843 -11.7985 -11.1792 -9.26676 -11.8144 -9.88864 -9.88864 -9.7758 -12.139 -12.5725 -13.0727 -13.4728 -16.2761 -15.0319 -13.2497 -12.2038 -12.5705 -13.5024 -13.8568 -14.8503 -14.9823 -15.1977 -15.8054 -15.0172 -13.4386 -11.893 -11.4538 -11.5135 -12.3513 -14.379 -18.9589 -17.7722 -17.4485 -17.471 -18.1377 -16.3107 -12.3045 -11.8959 -11.4638 -9.44123 -10.4653 -10.2485 -10.4572 -11.375 -8.19783 -8.11736 -6.42382 -7.40097 -6.434 -7.44625 -6.25978 -5.65333 -5.93811 -4.76669 -5.11592 -6.4685 -4.99023 -4.30746 -5.2553 -4.72193 -3.42992 -2.14072 -3.43651 -4.25472 -5.36043 -4.46869 -3.7806 -2.1264 -3.66909 -4.19381 -5.26713 -6.36382 -7.27532 -8.90977 -10.2214 -8.72547 -6.4043 -6.75933 -8.63162 -6.37505 -8.60908 -6.58626 -8.29175 -8.45914 -5.98977 -5.66742 -7.32008 -6.87154 -8.05412 -8.93867 -7.35247 -6.42267 -4.63985 -4.92233 -4.26491 -4.96451 -5.38102 -4.9607 -3.60702 -4.27546 -2.63102 -4.00653 -2.86647 -3.62759 -1.10948 -2.02348 -3.52548 -4.52086 -4.28637 -5.40364 -6.56623 -7.65088 -8.82909 -10.2158 -9.03113 -6.95338 -4.7624 -4.33936 -6.01446 -8.71325 -9.05466
 -7.36544 -8.93936 -11.2472 -11.1686 -12.6398 -14.6489 -12.7194 -12.3055 -11.9424 -10.2745 -10.1963 -9.81988 -10.548 -13.3881 -14.3823 -13.4728 -14.7658 -15.0722 -13.9362 -12.2642 -13.4749 -12.8887 -13.2814 -16.2827 -16.0312 -16.5797 -16.4879 -15.7582 -15.7006 -13.8519 -12.5274 -14.2237 -14.1258 -16.4502 -19.4805 -18.2599 -18.7808 -17.5608 -17.8454 -16.3784 -10.863 -11.3274 -10.4135 -8.85381 -8.51738 -8.08405 -9.3873 -10.3706 -7.6965 -6.59624 -7.05279 -7.22734 -5.93743 -6.85707 -6.28568 -7.34306 -6.61158 -7.53635 -6.53705 -7.21933 -6.25205 -4.19122 -7.37045 -4.29129 -2.81144 -1.77269 -1.30689 -2.18867 -4.32538 -4.95861 -5.29502 -4.40338 -2.99518 -3.14762 -2.57001 -6.44671 -7.69151 -7.61819 -7.65521 -6.59714 -6.90302 -6.41391 -8.23963 -6.59363 -8.60908 -8.32364 -9.38395 -9.82113 -6.83208 -5.31761 -6.89082 -7.53532 -10.4004 -8.0105 -7.98953 -6.42267 -6.98366 -4.92233 -4.60623 -5.76402 -6.26481 -5.20401 -4.37143 -5.44784 -4.16749 -4.88115 -1.93578 -2.8823 -1.25184 0.0489829 -4.54146 -4.18815 -6.01808 -7.73192 -8.8887 -8.86627 -8.8076 -9.90566 -9.25845 -8.12913 -7.6971 -4.59589 -8.35163 -9.06129 -7.74998
