# name: MAT
# type: matrix
# rows: 67
# columns: 135
 -7.40036 -6.78546 -6.91805 -7.06534 -8.90314 -7.05681 -6.44664 -6.07383 -5.4735 -5.96802 -6.11871 -5.56616 -6.66344 -7.23353 -8.46428 -10.4174 -8.42642 -10.7344 -9.35764 -8.60777 -9.39593 -8.63231 -7.4387 -4.82006 -1.74416 -1.8014 -0.354304 -1.33487 -4.81942 -5.05001 -6.50443 -6.24825 -5.54149 -4.27562 -3.31584 -3.2344 -1.14895 -1.83691 -0.183767 -1.30149 -1.84886 -4.82039 -3.11538 -4.71031 -6.02345 -6.9071 -9.67105 -7.60042 -4.60884 -5.55515 -6.13194 -6.56822 -5.84096 -9.60556 -9.55926 -9.81579 -9.5549 -10.0067 -11.5465 -13.1133 -13.8589 -14.282 -12.5546 -13.0978 -13.8548 -12.672 -14.0123 -14.741 -11.7744 -9.40146 -8.3221 -8.8217 -8.8217 -8.8217 -10.8961 -9.6119 -12.064 -11.2271 -10.4355 -11.1078 -11.2499 -10.5711 -9.96282 -10.5867 -10.7963 -10.6148 -9.67629 -8.5612 -8.08689 -8.81017 -7.76666 -6.82639 -8.29698 -9.17895 -8.76658 -8.98818 -9.51216 -8.13929 -6.01173 -5.04778 -4.05586 -3.87312 -3.67223 -5.81062 -6.30578 -7.16645 -6.4547 -6.95841 -8.01592 -9.51691 -7.58709 -7.02921 -5.63594 -6.08405 -6.09936 -6.73879 -7.24399 -6.3727 -6.97333 -7.12028 -8.62189 -8.3191 -8.07038 -7.0304 -7.19292 -8.20602 -6.62975 -7.71617 -7.4608 -8.08958 -7.45949 -6.96175 -5.92356 -6.46631 -6.18433
 -6.22193 -7.24982 -7.39729 -8.36597 -7.97498 -8.51446 -7.93778 -8.37562 -6.39159 -6.47821 -6.10491 -6.45388 -6.492 -6.80559 -7.50599 -7.97497 -7.97497 -8.28488 -6.92306 -7.06064 -8.34253 -9.28098 -7.38114 -5.33073 -3.25134 -0.949927 0.0157875 -1.83236 -3.64671 -5.05001 -6.38632 -7.74179 -5.74455 -4.98449 -3.71189 -2.27176 -4.44685 -1.34906 1.26826 -0.966744 -2.30707 -4.30354 -4.19676 -3.63277 -5.05156 -6.87961 -8.33053 -6.29838 -4.78387 -5.47755 -6.11529 -4.41784 -5.94381 -7.55476 -9.24843 -9.42415 -9.0847 -8.63637 -10.1695 -14.2727 -12.2882 -12.7255 -12.1696 -12.3208 -13.2501 -12.8416 -12.3916 -12.7992 -11.492 -11.2027 -8.97866 -7.66249 -8.56469 -8.56469 -8.7334 -10.2989 -11.2386 -12.4304 -11.3609 -11.5819 -12.4172 -11.2407 -9.97491 -11.323 -11.5355 -12.0829 -10.3399 -8.14939 -7.5585 -6.98331 -8.82773 -8.23944 -8.92603 -10.3116 -10.6786 -10.0396 -10.3793 -7.95185 -7.36484 -6.73666 -5.65506 -5.23931 -4.39049 -6.95235 -8.13275 -6.64939 -6.50099 -6.61655 -8.00198 -10.2879 -9.53596 -7.84847 -7.67949 -5.01906 -6.24146 -7.48588 -8.07506 -6.91618 -7.02086 -7.29948 -6.8596 -7.82228 -6.58821 -8.00174 -8.41802 -7.86372 -7.52738 -7.16284 -8.08238 -7.56843 -7.56843 -8.12245 -6.71857 -6.71857 -8.06766
 -5.86087 -8.32393 -8.3197 -8.5743 -7.28963 -6.68311 -7.93778 -6.05548 -8.21045 -8.32741 -6.60975 -5.42028 -4.57479 -3.15166 -5.63909 -8.07405 -7.49211 -8.41048 -7.60964 -8.13779 -9.50594 -7.62871 -6.33676 -6.44658 -2.4751 -0.556757 0.363723 -2.31161 -3.14538 -2.93862 -5.00318 -4.29821 -6.57541 -5.71895 -4.74532 -3.39362 -1.98666 -0.924031 -0.0154797 -2.09241 -3.48111 -3.11718 -2.9713 -4.01696 -3.74889 -6.62645 -7.68445 -6.89981 -5.91144 -4.8872 -6.47858 -5.89897 -5.65178 -8.08151 -8.054 -9.32557 -8.159 -8.81852 -11.4689 -11.9978 -12.2388 -12.3455 -11.8434 -11.8434 -11.6731 -12.6048 -11.8946 -12.0514 -11.0136 -11.4625 -9.67213 -8.75175 -7.50555 -7.96991 -8.50382 -7.92672 -11.3732 -11.4778 -11.8073 -11.5819 -12.2425 -8.15544 -9.73795 -11.0358 -10.3714 -10.1645 -10.0402 -9.08492 -8.84046 -9.41644 -10.7705 -11.2741 -12.3569 -12.291 -11.3084 -11.4277 -9.71849 -9.80546 -9.36762 -7.05808 -6.06803 -5.72649 -6.0853 -7.68384 -6.83143 -6.83143 -6.25919 -7.18865 -8.15924 -10.1893 -8.79485 -7.81443 -7.10554 -6.35649 -6.55948 -6.45365 -8.36776 -7.07502 -7.717 -7.52447 -8.51029 -5.5181 -5.3991 -6.69705 -6.81299 -7.9074 -8.06945 -9.47907 -9.27761 -9.33191 -8.48945 -7.2801 -7.21475 -6.65998 -7.52841
 -6.85781 -8.77019 -8.37488 -8.97129 -7.21641 -5.21901 -6.46255 -7.53698 -8.05791 -8.17539 -7.06648 -4.60118 -3.58027 -5.49873 -5.069 -7.60097 -7.19534 -6.9539 -6.64217 -6.99461 -8.50791 -7.11765 -6.30495 -4.12385 -4.73724 -2.02481 -1.38966 -2.30994 -5.15394 -4.00829 -5.0297 -3.84967 -4.08644 -5.36508 -4.30832 -1.26594 -0.458116 -1.37671 -1.16299 -3.87553 -3.09908 -4.34946 -4.07109 -3.37089 -4.23896 -5.55033 -4.99258 -3.63484 -5.37277 -4.37614 -5.26844 -6.51535 -7.02438 -7.37776 -6.86194 -8.20426 -7.98275 -9.03069 -12.884 -12.5695 -12.8588 -12.3971 -12.8713 -12.1978 -11.3582 -10.8325 -11.0496 -10.0105 -10.0105 -8.86402 -9.28486 -9.75764 -8.15334 -8.41633 -8.28782 -8.84288 -10.3442 -11.8819 -12.4139 -12.636 -11.562 -9.57324 -9.68569 -11.307 -11.1972 -9.33242 -9.73284 -10.2903 -10.2958 -12.5987 -12.5235 -12.1076 -12.8734 -13.3629 -11.9124 -10.554 -9.30156 -9.80546 -9.81997 -8.82883 -7.47951 -7.06641 -7.49434 -4.77429 -7.69563 -7.69563 -6.65319 -7.61791 -9.20488 -10.706 -9.88901 -6.76328 -6.22491 -6.62368 -6.56233 -8.141 -7.28018 -5.52557 -6.99571 -6.49259 -7.94192 -6.92405 -3.38159 -5.79964 -5.66014 -8.70821 -8.90715 -8.70752 -8.06112 -8.50879 -7.2801 -6.64384 -8.16483 -7.42863 -7.53912
 -7.29362 -8.2567 -8.37488 -9.60834 -6.71782 -5.7585 -7.34244 -8.72958 -8.21255 -8.85073 -6.56337 -5.06102 -6.07888 -5.49873 -5.61487 -6.16558 -7.7396 -6.203 -6.57976 -6.69068 -8.12187 -7.22819 -4.15623 -4.45562 -5.43129 -3.77707 -3.0213 -3.32696 -4.46572 -4.53592 -3.7945 -3.84967 -3.24956 -3.09381 -4.74588 -2.96312 -2.66804 -1.8186 -0.57721 -3.66531 -4.84266 -5.34518 -6.79906 -5.67321 -6.35092 -6.95858 -4.99258 -4.43809 -5.34811 -4.55685 -5.50902 -5.97337 -8.91319 -9.80336 -6.87324 -8.9506 -8.64096 -9.58519 -12.3618 -11.8389 -12.9346 -12.4988 -12.9219 -12.3969 -10.3742 -11.3572 -9.37637 -8.36368 -8.84105 -8.28911 -9.23405 -9.80458 -9.32533 -7.18676 -8.50702 -8.07776 -10.1504 -9.59021 -10.1866 -11.2521 -12.6064 -9.58774 -9.15021 -10.552 -11.6924 -12.2397 -10.8722 -10.9521 -11.9072 -11.8059 -12.6108 -12.1076 -11.5531 -13.2638 -13.0676 -10.7716 -9.75374 -9.32243 -7.77663 -7.69064 -7.74663 -7.51695 -6.36036 -5.93888 -5.38353 -6.83034 -7.10151 -8.56861 -8.15626 -8.12636 -8.15643 -7.17403 -7.51629 -6.70724 -5.86037 -7.45075 -7.56496 -4.09536 -5.81267 -6.74739 -5.67923 -6.44958 -2.97356 -4.34759 -6.56316 -7.62586 -8.09022 -7.89058 -7.8443 -8.67138 -7.55078 -6.57703 -7.16454 -6.93205 -7.57632
 -6.14706 -6.10693 -7.16565 -6.38862 -6.81788 -5.83805 -7.54219 -7.79689 -8.88422 -8.85133 -7.39798 -6.30578 -6.65197 -6.50108 -7.33171 -8.63002 -8.37443 -7.62807 -6.35996 -6.8005 -8.95761 -8.06393 -7.11753 -6.01196 -7.87541 -5.87867 -5.36904 -4.25193 -5.02168 -4.14132 -4.87241 -4.36923 -4.14126 -2.97594 -3.42427 -1.86863 -3.09623 -1.36043 -1.783 -3.98925 -5.33664 -6.86953 -8.73059 -10.1721 -7.3669 -6.95858 -5.69757 -3.77687 -5.56204 -6.29882 -7.44254 -8.63852 -10.0356 -9.95463 -8.10058 -9.06822 -10.2594 -11.876 -12.6031 -12.8887 -11.9469 -11.9755 -12.9219 -10.8771 -11.9614 -12.2081 -11.7437 -9.3907 -9.33899 -8.90115 -9.64099 -8.54401 -8.42706 -8.23646 -8.48837 -8.15914 -8.91405 -8.18034 -9.26136 -10.4883 -11.6628 -12.1111 -10.9141 -11.0672 -11.0672 -13.6893 -13.1124 -11.8697 -11.5862 -12.9105 -13.6948 -12.6952 -12.1406 -14.2798 -13.1924 -12.3768 -10.3429 -9.93633 -8.80075 -8.15467 -7.74663 -7.51695 -6.79953 -5.73935 -6.72435 -7.98887 -7.16297 -10.6447 -10.9614 -9.58434 -7.28949 -7.57856 -8.27615 -8.02285 -6.45201 -6.06804 -7.19405 -4.17394 -3.86585 -5.05424 -5.65444 -4.95453 -4.44957 -6.06735 -7.2648 -7.1237 -7.99772 -7.96231 -6.75328 -6.88629 -7.86521 -7.81434 -7.16694 -9.06386 -5.404
