# name: MAT
# type: matrix
# rows: 59
# columns: 60
 -4.20859 -4.32698 -5.69915 -4.61272 -5.13744 -3.70628 -2.93475 -2.98436 -3.65305 -3.2031 -2.32684 -0.569229 -1.16952 -1.68081 -2.11007 -3.61075 -4.57742 -4.28105 -6.49932 -7.92081 -8.39872 -8.14539 -10.2595 -10.2595 -9.64622 -9.19664 -5.60495 -4.86044 -4.0124 -3.8107 -5.68463 -7.10788 -7.54369 -5.31452 -5.73873 -3.50665 -4.44354 -6.13987 -5.59722 -5.59722 -4.44501 -4.39591 -3.9068 -4.72494 -3.07035 -3.69097 -4.2604 -3.25852 -3.33244 -2.81743 -3.22135 -1.81956 -1.3379 -1.83159 1.54041 1.45643 -1.63024 -0.379813 -1.61105 -1.75339
 -5.45514 -6.9792 -6.59653 -3.82473 -5.58635 -5.07026 -3.61131 -2.94821 -3.45991 -2.6862 -2.54174 -1.62249 -2.55651 -2.11007 -1.63082 -1.70089 -2.66011 -3.71114 -6.72186 -7.17018 -8.90106 -9.16439 -10.7118 -11.3721 -9.64555 -9.64555 -4.77586 -4.57348 -4.00339 -3.19248 -4.95257 -6.37802 -6.37802 -6.42929 -6.15656 -3.88547 -4.91742 -6.43367 -5.37751 -4.36262 -5.09222 -5.05053 -5.02967 -4.6023 -4.56313 -5.36654 -4.6723 -1.98637 -1.666 -1.63741 -2.20189 -2.9203 -5.15397 -3.17773 -0.485683 1.2537 -1.11814 -1.37609 -2.17807 -0.605241
 -5.36594 -6.12981 -6.14821 -3.83253 -4.39717 -4.62071 -4.09101 -4.28826 -2.61579 -0.764352 -0.95067 -1.13797 -1.00759 -1.58068 -0.918696 -1.1278 -1.63743 -4.34547 -5.78905 -7.77533 -8.42739 -8.78485 -8.78485 -10.4051 -9.20067 -7.62337 -6.55812 -5.09563 -4.48952 -3.27783 -4.87525 -3.80707 -3.80761 -5.88888 -6.62259 -4.99778 -5.64088 -6.74616 -5.43925 -4.1577 -6.05733 -4.36394 -4.74162 -4.8882 -4.25798 -5.5141 -5.71353 -3.2782 -0.653009 -1.34958 -0.609372 -3.43653 -5.01879 -3.3167 -0.322527 0.173092 -1.69232 -2.69657 -2.64534 -1.28277
 -2.61711 -4.61288 -4.61288 -3.84969 -3.90059 -3.38451 -2.08386 -2.52921 -1.28657 -0.37124 -1.62573 -1.06926 -0.910592 -1.51071 -1.28187 -2.49617 -4.12174 -5.01945 -4.74379 -4.74379 -5.50596 -8.38829 -8.93538 -10.4051 -9.78136 -8.10167 -6.02145 -5.70353 -3.47302 -4.73994 -3.68289 -3.07952 -3.09058 -5.17185 -6.5054 -5.40989 -6.35272 -7.26282 -6.25485 -4.21332 -3.70523 -3.15376 -2.80783 -3.67886 -3.68658 -3.56184 -6.21713 -4.75086 -3.40562 -1.34958 -1.1303 -2.74995 -4.80021 -2.683 -1.34213 -0.941293 -1.49578 -4.12428 -4.9407 -3.03136
 -2.34101 -3.52184 -3.00517 -2.24198 -2.31377 -2.34412 -1.63553 -2.52921 -2.56853 -0.533499 -0.533499 -1.40114 -1.1372 -1.45908 -2.23135 -3.61913 -3.28684 -4.2598 -4.37037 -2.76469 -6.07053 -6.07053 -6.35678 -8.9517 -8.56081 -8.26535 -7.71798 -8.16163 -6.56016 -4.63337 -5.08571 -3.09058 -4.68274 -4.80247 -5.51622 -4.52823 -6.80068 -8.95645 -6.54988 -4.70917 -3.70523 -3.15376 -2.84736 -3.11441 -1.61258 -2.34387 -4.85473 -5.904 -4.87829 -2.07737 -3.33978 -2.07827 -4.11362 -4.83701 -4.66498 -3.97655 -3.90596 -2.58099 -3.869 -3.08063
 -1.85095 -1.33648 -3.70734 -1.42673 -0.807468 -3.48308 -3.38236 -3.04778 -2.24188 -1.81752 -3.45049 -2.80639 -3.75173 -3.59202 -2.83694 -3.10257 -2.29291 -1.96819 -2.49597 -3.28764 -5.43427 -5.89862 -5.45408 -6.62146 -7.09344 -6.64901 -6.10164 -7.21879 -5.53319 -3.68266 -3.11472 -2.81644 -4.29112 -5.49513 -8.4269 -6.09357 -6.21625 -8.93817 -8.73576 -5.52488 -3.70523 -3.04145 -1.68226 -1.29092 -2.39178 -1.88247 -5.20529 -5.04183 -4.6917 -4.28285 -3.50356 -1.84954 -4.46131 -5.84486 -8.03942 -6.34905 -4.21935 -3.76862 -1.18457 -3.08063
 -5.42301 -3.93519 -4.98184 -3.19417 -3.64745 -3.51775 -2.60452 -2.05444 -2.05444 -1.1922 -1.15285 -3.81075 -3.23678 -2.63294 -2.31947 -1.57417 -1.0425 -1.65769 -4.445 -4.00645 -4.80897 -4.2851 -5.33874 -5.54477 -6.67617 -4.46469 -5.87775 -6.27721 -4.59472 -3.68266 -4.73027 -4.54289 -5.88248 -7.13437 -8.31705 -6.50727 -6.64777 -8.31416 -7.60347 -4.86878 -2.18953 -2.90622 -1.60494 -1.93994 -0.941519 -3.1531 -4.07855 -5.4788 -6.75586 -3.96729 -3.64998 -2.51203 -4.16423 -6.19222 -7.68966 -7.98909 -7.08728 -6.08566 -1.38637 -2.89366
 -6.13083 -5.02344 -2.76585 -3.0372 -3.48121 -4.78733 -4.82774 -3.83998 -2.50311 -1.48712 -0.835125 -3.88688 -2.82724 -2.66999 -1.54522 0.227841 -1.23574 -3.89412 -5.45814 -4.94322 -5.87686 -4.70128 -5.30878 -6.37921 -5.71774 -4.46896 -8.66136 -7.09719 -5.9577 -5.05167 -5.24989 -6.37035 -5.81888 -5.77697 -7.21805 -7.24527 -6.12484 -6.75741 -7.0685 -6.55639 -2.39889 -3.41761 -2.07802 -2.02338 -1.52154 -2.6572 -3.12803 -4.26446 -6.94741 -5.9296 -3.79768 -2.23514 -4.16423 -6.19222 -6.51176 -7.58137 -7.983 -6.72271 -3.49676 -5.35863
 -5.48726 -5.58605 -2.21293 -2.04768 -3.62638 -2.57278 -3.58906 -2.91559 -2.95143 -3.51114 -2.09302 -1.47952 -3.20115 -1.64068 -0.198837 -2.72647 -3.03289 -3.68669 -6.63929 -7.3774 -4.71209 -6.68325 -5.58717 -6.54943 -6.69026 -6.08888 -7.64456 -7.09719 -5.63872 -4.33591 -5.06588 -4.6981 -6.89741 -6.93175 -6.67842 -7.7466 -7.05542 -6.75741 -6.60162 -6.2439 -4.05438 -2.32738 -1.62797 -0.848104 0.722774 -0.996652 -2.63145 -5.92652 -6.66091 -7.06207 -6.2493 -3.90452 -6.47026 -5.69006 -5.94229 -6.9176 -8.42642 -6.95637 -5.93876 -5.76254
 -4.084 -4.67315 -3.7999 -2.65258 -2.46581 -0.776542 -3.24123 -3.02163 -3.0232 -3.065 -3.04372 -2.03813 -1.14147 -0.575666 0.246301 -2.29067 -2.80901 -2.37244 -4.99352 -6.17995 -4.56079 -5.2387 -6.66288 -6.13325 -6.11703 -5.01542 -6.43426 -6.18705 -5.58034 -4.5461 -4.04432 -3.77681 -6.777 -5.79421 -5.24251 -7.30899 -6.72946 -5.01438 -5.76089 -6.28976 -3.53121 -3.53121 -1.45766 0.178085 0.201842 -0.982647 -3.72044 -7.00455 -6.4246 -6.90324 -7.38354 -6.0265 -6.09418 -5.60512 -5.46132 -5.88926 -6.55303 -6.21384 -6.4583 -7.10649
 -0.514075 -2.84134 -2.80254 -2.20177 -0.91735 -1.92025 -3.45145 -2.68033 -2.22081 -2.19873 -2.16024 -1.01083 -1.17336 -1.66564 -1.32432 -1.81112 -2.08803 -3.08447 -2.65237 -4.39567 -4.18001 -6.04587 -7.49861 -5.07023 -3.90552 -3.75163 -5.6982 -5.08934 -4.91545 -2.16834 -3.23327 -4.27116 -4.45317 -5.64326 -5.76344 -4.955 -4.92035 -5.11475 -6.25683 -4.20632 -3.35829 -4.38395 -3.73285 -2.37699 -1.29996 -1.52207 -3.82993 -5.87016 -6.38682 -6.30395 -7.44968 -8.04086 -8.44829 -6.93002 -4.9668 -5.60416 -6.70866 -7.97933 -7.47857 -7.04363
 -0.389103 -4.24801 -4.01464 -1.59755 -3.64361 -2.04204 -2.26648 -2.73084 -3.82419 -3.37586 -3.94167 -1.88321 -2.52352 -2.15942 -1.43849 -1.22013 -0.755771 -1.90256 -2.50267 -3.93489 -4.80586 -3.88843 -4.34029 -5.13224 -4.42796 -4.94264 -4.50548 -4.26241 -4.8074 -2.89471 -2.82886 -3.12096 -4.15802 -3.22933 -2.88473 -2.88473 -4.92074 -4.86739 -4.67195 -3.82903 -3.86045 -4.19132 -4.7157 -3.9855 -2.84094 -2.65154 -4.34791 -4.43539 -5.01073 -5.1971 -8.48009 -8.51303 -7.42424 -6.28955 -5.10964 -5.10964 -6.20977 -7.54358 -7.60806 -7.10446
 -1.49233 -2.92133 -2.95674 -2.15213 -2.67306 -2.35663 -1.81816 -2.82656 -3.81191 -2.37068 -3.41687 -1.9315 -3.81508 -1.22933 -2.58036 -0.490891 -0.490891 -0.94259 -2.05376 -2.76338 -4.96419 -4.18198 -5.92923 -6.42059 -4.99218 -3.46041 -3.07779 -3.03863 -2.93965 -2.82886 -3.42527 -1.93457 -3.9086 -1.84272 -3.0116 -3.0572 -5.38907 -4.91266 -4.41243 -5.34571 -4.81923 -3.92749 -4.65071 -3.54137 -3.86779 -3.19361 -4.86006 -3.41571 -2.06888 -6.26287 -7.5277 -6.50539 -6.91573 -6.95332 -6.60334 -6.4806 -6.2706 -7.11564 -7.58063 -6.64493
 -0.971267 -2.31432 -2.65751 -3.77163 -3.26057 -2.07639 -1.73798 -2.89835 -4.19122 -4.17817 -3.4797 -3.80506 -3.31376 -2.93029 -3.31314 -0.929295 -1.77981 -1.66466 -2.37014 -2.38876 -1.78794 -3.42543 -4.40457 -4.46604 -4.12014 -3.67751 -2.39698 -2.73895 -2.3396 -1.91065 -2.93396 -2.61113 -2.76795 -1.82879 -2.98978 -4.36989 -5.82025 -5.03485 -4.10536 -4.11342 -3.1703 -3.94036 -4.00316 -3.03094 -2.4158 -1.31125 -2.54389 -2.80613 -1.53199 -5.2133 -7.5277 -7.57898 -7.3931 -7.40133 -7.68468 -6.95449 -6.38116 -7.22621 -7.22621 -6.00866
