# name: MAT
# type: matrix
# rows: 66
# columns: 71
 -5.76201 -6.22637 -6.74151 -9.54845 -10.1305 -8.7023 -8.7871 -8.53058 -8.56348 -10.0735 -11.6812 -11.1218 -10.7678 -10.4193 -11.086 -12.4546 -12.5291 -12.1748 -11.112 -11.5427 -10.8236 -11.775 -11.8468 -12.3433 -11.9547 -10.4474 -9.4516 -9.04362 -8.03103 -6.01811 -8.19758 -8.57148 -8.94635 -8.13547 -7.58001 -7.649 -7.16334 -7.16334 -4.68395 -4.70457 -6.83234 -6.83066 -3.46237 -3.71335 -3.39894 -3.68525 -5.20741 -5.84117 -4.87162 -4.95694 -6.50059 -7.76739 -8.78236 -8.87738 -7.87583 -7.87561 -7.23911 -9.54381 -10.1161 -8.75726 -7.19309 -7.65744 -8.9346 -8.86949 -10.7712 -9.9186 -8.24108 -8.73065 -7.74136 -7.86628 -6.02527
 -6.31736 -6.31736 -7.4366 -8.44163 -9.70039 -8.20033 -7.76033 -7.16831 -9.01239 -9.01239 -10.0705 -11.1737 -11.3539 -10.4888 -10.6377 -12.5291 -12.0269 -12.6693 -10.8101 -10.0162 -11.5761 -11.1786 -11.149 -12.2253 -11.4266 -10.4474 -8.08366 -6.15006 -4.45648 -4.13041 -4.55348 -4.4403 -4.13878 -6.65893 -6.59862 -6.94019 -7.61123 -6.22418 -6.17011 -4.69103 -6.29787 -5.98818 -5.37967 -5.27514 -5.20661 -5.7483 -5.19585 -6.4065 -5.745 -4.88194 -5.46233 -8.73322 -8.98978 -8.20079 -8.06161 -11.4334 -9.86012 -10.644 -9.96111 -9.81279 -8.07725 -7.83822 -8.28116 -10.2897 -9.35543 -9.87636 -8.30627 -9.42215 -9.02911 -9.20294 -8.11883
 -8.53701 -7.58254 -7.46213 -7.97728 -7.60122 -7.09751 -8.23652 -6.94951 -8.37862 -8.76915 -10.2688 -11.1737 -10.5223 -10.4941 -11.6486 -11.3808 -12.0269 -12.6693 -10.2137 -10.0162 -11.5761 -12.4211 -11.149 -12.7132 -11.71 -8.58288 -6.09163 -3.91801 -5.46972 -4.37839 -5.24702 -3.59283 -4.11671 -4.06672 -6.03013 -5.87768 -6.42505 -7.12392 -7.20661 -8.29105 -7.04204 -6.14692 -5.99696 -5.39567 -5.70319 -7.10811 -7.58567 -9.14703 -7.31565 -8.0158 -7.74531 -10.7001 -9.42656 -9.42039 -11.255 -12.1392 -10.4845 -10.0918 -10.0097 -8.98325 -8.59647 -8.60098 -8.02754 -9.45283 -9.35543 -9.35543 -7.14567 -7.66233 -8.30125 -9.65823 -10.0124
 -7.95878 -7.04516 -7.01381 -7.07937 -7.15289 -7.61353 -8.67994 -8.96536 -8.37618 -8.78648 -9.98582 -10.1165 -10.5282 -10.1274 -10.6967 -11.0002 -11.5858 -10.6737 -9.30896 -8.57639 -11.5761 -12.4211 -11.4176 -15.3375 -12.4217 -8.39272 -5.05515 -3.85455 -4.92889 -4.45885 -4.76965 -2.42735 -2.90472 -4.0259 -4.61091 -5.09193 -5.87768 -7.71274 -7.19831 -9.21792 -6.36476 -7.34333 -6.44977 -6.44213 -6.91089 -7.91546 -9.32427 -8.76006 -8.38989 -8.94007 -10.6016 -11.2985 -9.38143 -8.43073 -10.2834 -9.56315 -10.2717 -10.9698 -11.3702 -10.6334 -10.7117 -9.52766 -7.65027 -8.01491 -8.88397 -8.40472 -5.93104 -6.75257 -6.45023 -6.66326 -9.11567
 -7.74764 -9.13562 -7.61963 -8.15905 -8.11724 -7.61353 -9.631 -8.96536 -8.37618 -8.64989 -9.47553 -10.5867 -9.54875 -9.73875 -10.7159 -9.95277 -11.7966 -10.1062 -9.48729 -9.03875 -10.4669 -10.9448 -11.9958 -11.8302 -11.1101 -8.41493 -6.3052 -4.56902 -4.92889 -4.23314 -4.26124 -3.10958 -2.02571 -2.52704 -4.33803 -3.67271 -6.47911 -8.30025 -9.01264 -8.61781 -7.08102 -5.46672 -6.24271 -6.36357 -5.42599 -9.18628 -7.23039 -9.0234 -8.28425 -7.71082 -8.90264 -9.95428 -8.93385 -9.78684 -8.86263 -7.77141 -10.9091 -9.58868 -11.7331 -10.1096 -9.26662 -8.9762 -8.99051 -8.08811 -8.88397 -8.40472 -6.8798 -6.9179 -6.96649 -7.72754 -10.0777
 -9.12321 -8.4044 -9.14895 -9.78522 -8.6283 -8.62675 -9.07566 -9.43556 -8.78949 -8.20031 -8.3352 -10.198 -8.58569 -9.27439 -11.3816 -11.2771 -10.6409 -10.2448 -9.09388 -10.6092 -12.0136 -10.4077 -11.2931 -10.4132 -10.1734 -7.53808 -7.22922 -5.21876 -3.87114 -3.68741 -3.68741 -3.05077 -1.89435 -2.37933 -2.5093 -4.71024 -5.75884 -9.58556 -8.49608 -9.92066 -8.70856 -8.1032 -7.07921 -6.97357 -6.90253 -6.66291 -7.84314 -7.94369 -7.99284 -6.9586 -7.8178 -9.00723 -7.99528 -8.01138 -7.84961 -7.74134 -8.14042 -9.77633 -11.4915 -10.7547 -10.2191 -10.1965 -10.1587 -9.18376 -7.52476 -6.99298 -5.40877 -4.88894 -5.98354 -6.47281 -9.47029
 -9.77954 -10.3397 -8.96749 -9.68503 -10.1198 -10.0863 -9.45125 -9.34095 -8.78949 -9.42654 -8.83831 -9.71877 -9.97939 -8.19326 -11.3397 -13.2939 -11.3037 -9.59604 -9.59604 -10.5867 -10.1416 -11.3093 -10.921 -10.3139 -10.7083 -8.10191 -6.91867 -6.20726 -3.87532 -2.13113 -2.68656 -2.00163 -2.17853 -2.8979 -3.07626 -5.18949 -4.66187 -5.84055 -8.87255 -9.3462 -8.77115 -7.02851 -7.34362 -7.71079 -7.54551 -7.16776 -7.68955 -7.88129 -6.92252 -7.88753 -7.31409 -7.5738 -10.5865 -9.51955 -9.06171 -7.8272 -7.69496 -11.0141 -11.5649 -12.0154 -11.0891 -10.401 -9.81178 -10.4793 -7.31223 -6.99342 -3.08497 -4.75975 -3.88159 -4.17915 -8.19719
 -10.7968 -9.63461 -10.5004 -9.58902 -8.69458 -8.63429 -9.08319 -10.0066 -9.34095 -9.42654 -7.74634 -9.41732 -9.4093 -11.027 -11.9787 -13.4538 -12.4028 -11.6294 -11.658 -11.078 -10.1056 -9.45224 -9.37175 -9.87654 -9.72923 -6.68862 -5.22253 -4.50596 -4.36443 -5.19821 -3.12739 -2.2585 -2.37186 -4.1971 -3.29902 -3.77806 -6.38195 -5.01677 -5.97743 -7.51922 -8.77115 -7.98053 -7.37406 -9.45819 -7.5761 -7.99442 -7.16776 -7.358 -7.88129 -8.52726 -7.85071 -9.55686 -9.16877 -7.96969 -7.87641 -8.82976 -8.95466 -9.89466 -12.0032 -11.3825 -11.4109 -10.7228 -11.1508 -11.6875 -7.44941 -6.36011 -5.99356 -3.02611 -5.46623 -4.60111 -7.45618
 -10.2875 -9.22719 -9.99105 -9.07971 -8.81903 -8.69458 -9.58691 -9.08319 -8.68556 -9.60758 -7.89684 -9.07124 -9.17149 -10.5119 -11.3144 -12.8807 -11.9735 -11.127 -12.452 -11.1518 -11.3354 -8.77776 -9.21946 -8.99934 -6.28488 -5.29435 -4.6936 -5.75772 -4.44547 -4.61623 -3.82831 -3.40018 -4.31359 -4.20051 -5.06018 -6.28079 -7.05047 -5.98707 -5.92675 -7.2996 -9.55157 -7.84956 -8.02014 -9.43862 -9.17288 -8.22218 -7.22567 -6.82386 -7.13201 -7.21444 -10.4369 -10.1013 -9.60332 -7.21611 -9.32912 -8.46663 -7.84449 -10.6445 -11.6767 -13.598 -13.1491 -12.4124 -10.8099 -10.8424 -7.3351 -6.36011 -3.98892 -3.91519 -4.31123 -4.74049 -6.35034
 -6.65872 -8.01695 -7.58486 -7.78474 -6.40301 -6.29019 -8.62036 -9.06378 -8.55083 -7.73501 -8.24658 -10.2036 -9.17149 -8.82056 -11.2 -12.3004 -12.1158 -11.6969 -13.3196 -11.7799 -11.0642 -8.88746 -9.7325 -9.51572 -6.1966 -5.81907 -6.52548 -7.11771 -4.54524 -4.17746 -1.97489 -5.85405 -6.68114 -6.75561 -6.49184 -6.0756 -4.95842 -5.45494 -6.0967 -8.27604 -7.8131 -7.96838 -7.0557 -9.46696 -9.92546 -9.92546 -8.46748 -9.30289 -6.89822 -8.2914 -9.74232 -10.445 -7.23394 -7.31606 -8.89706 -8.90357 -7.79118 -8.16686 -10.3101 -11.8212 -12.7113 -11.948 -11.948 -9.92662 -8.66737 -5.6103 -4.15697 -5.43112 -4.88466 -5.31392 -5.89654
 -6.84622 -5.96454 -5.69321 -5.97783 -5.70793 -5.70793 -6.78523 -6.94078 -6.95351 -7.25354 -7.37741 -9.14608 -8.83279 -8.3184 -11.4523 -12.5674 -11.1894 -12.6898 -13.4387 -11.949 -9.09518 -10.7069 -9.26702 -7.72863 -7.40708 -6.75544 -6.10354 -4.4212 -1.79158 -2.76339 -3.47384 -5.63576 -5.86935 -5.18223 -6.1206 -5.62707 -4.54193 -5.9428 -6.76234 -6.77237 -9.04492 -9.04492 -6.2595 -7.40332 -9.25229 -10.7705 -11.1701 -11.2411 -7.16968 -7.40363 -8.7061 -8.56113 -6.53297 -8.21026 -9.5627 -9.0029 -6.98731 -7.9623 -8.6279 -8.6124 -10.5851 -11.4971 -11.0093 -10.4625 -8.17773 -5.12111 -5.85528 -5.85244 -6.51808 -7.01466 -5.29447
 -6.54821 -5.45284 -5.00695 -3.95984 -4.59611 -5.70793 -5.03248 -5.99529 -6.4442 -7.26813 -8.30572 -7.02836 -7.9675 -8.32123 -9.87797 -11.3791 -12.0637 -14.0789 -13.8072 -12.8267 -10.0688 -8.82687 -8.90966 -7.72863 -7.62114 -5.52705 -5.42674 -3.57843 -2.26426 -3.09519 -5.05428 -5.58001 -6.3062 -8.14061 -7.57126 -4.534 -5.10142 -5.6236 -6.08545 -6.28325 -8.17031 -6.75109 -6.20121 -8.11906 -7.74616 -9.30523 -10.9063 -9.45429 -6.30439 -5.18094 -5.34712 -5.93282 -4.59093 -7.19245 -9.73458 -8.16895 -5.7409 -7.38201 -10.1593 -9.02451 -10.0555 -9.56765 -10.0622 -8.91687 -8.40981 -7.9212 -6.78624 -6.85072 -7.03899 -7.70277 -6.46182
