# name: MAT
# type: matrix
# rows: 60
# columns: 124
 -9.40356 -8.68475 -10.715 -11.6718 -11.8431 -11.495 -9.49716 -6.79759 -6.53779 -5.51987 -5.76305 -7.78697 -10.1199 -9.93627 -12.0168 -13.9388 -14.3715 -12.8686 -10.5338 -11.0699 -11.437 -10.7229 -9.66326 -9.46866 -8.93693 -9.92956 -8.74057 -7.58602 -6.78858 -5.96512 -4.87571 -6.64338 -5.52661 -6.43 -4.81447 -4.49956 -4.50916 -3.21231 -4.49711 -3.30765 -6.18566 -5.9831 -4.27838 -3.57775 -5.71011 -5.95969 -7.38964 -7.08699 -8.8608 -7.82529 -7.9006 -9.06034 -9.72411 -7.7979 -6.13333 -8.3843 -7.53121 -7.65896 -7.55791 -8.98116 -8.56119 -8.44538 -8.04628 -7.05136 -7.92975 -5.75714 -4.33152 -2.88683 -2.70558 -4.04759 -4.6724 -4.98767 -7.19984 -7.66324 -10.188 -9.03622 -8.09417 -8.28001 -6.05847 -5.03527 -5.27472 -5.00228 -4.86786 -4.25148 -5.77189 -3.31836 -1.86594 -1.54147 -0.836314 -0.285533 1.53079 -0.624058 0.286769 -1.51762 -2.52129 -4.151 -6.07766 -6.61439 -7.75549 -8.96759 -10.0468 -10.6343 -10.4409 -13.4095 -12.3445 -14.5579 -15.1005 -13.4662 -13.9063 -13.7646 -13.8006 -10.9729 -8.82802 -7.97704 -7.01229 -6.84387 -7.83054 -8.56825 -6.94091 -9.89727 -9.4529 -8.93196 -9.87716 -7.12861
 -8.59735 -8.2984 -10.6344 -11.2953 -12.2878 -11.0321 -9.97641 -6.72925 -5.67968 -5.17752 -6.48186 -7.29111 -10.8224 -11.7472 -13.4063 -14.3533 -15.0399 -13.4505 -8.97312 -9.4049 -9.45664 -10.1408 -9.15614 -10.3863 -9.35542 -8.38216 -6.62442 -8.27056 -7.36817 -6.66247 -5.57306 -7.31625 -6.19947 -7.37282 -8.09978 -6.036 -5.59581 -4.63789 -5.40176 -5.92648 -6.54188 -5.59202 -6.16686 -4.62 -5.41702 -4.99778 -4.02198 -4.11037 -5.34066 -8.55801 -9.09134 -9.20736 -9.34674 -7.03021 -5.55479 -7.68269 -7.77146 -7.78523 -9.1526 -9.78507 -9.84043 -9.68202 -9.89182 -7.53569 -8.51893 -6.85047 -4.78021 -1.80165 -3.35396 -4.7451 -3.9363 -4.22109 -7.19984 -6.69613 -7.83823 -7.32604 -6.49637 -7.70211 -4.35931 -4.25498 -5.19101 -4.32572 -3.96351 -4.26038 -5.32904 -2.56171 -1.63382 -0.970992 -0.41583 -0.283899 -0.755098 -0.676085 -2.06593 -2.56007 -3.03235 -4.74018 -6.07766 -6.61439 -7.23077 -8.96675 -10.5359 -11.401 -11.5001 -12.756 -12.1965 -12.7076 -14.6506 -13.4662 -14.5237 -14.2334 -12.2715 -10.0303 -8.86168 -7.85247 -6.60149 -7.03359 -6.55544 -8.76919 -8.82182 -8.63608 -8.54518 -6.73102 -8.48167 -6.59168
 -7.03977 -10.6273 -9.86347 -11.974 -12.8793 -12.2713 -11.5775 -8.10756 -7.86785 -6.34577 -5.25618 -8.13705 -10.1709 -13.8435 -14.7694 -16.2315 -15.0572 -13.4449 -9.92582 -9.34413 -8.24495 -8.18896 -9.12656 -8.15907 -8.476 -6.39781 -7.66768 -7.45196 -6.76536 -6.02408 -6.09504 -8.83918 -8.09782 -7.86241 -7.93774 -7.14782 -3.85112 -4.38835 -5.92648 -5.28942 -5.70075 -5.64281 -7.25636 -5.49375 -4.94072 -4.02198 -4.04454 -5.02505 -7.41461 -7.61147 -8.35304 -8.27759 -9.86433 -9.21263 -8.25814 -8.80893 -8.62281 -7.08749 -10.0667 -10.4248 -10.7852 -9.29419 -10.3268 -9.27314 -7.26125 -7.94273 -5.76823 -2.23128 -3.54825 -4.06059 -3.86054 -5.78553 -7.30808 -8.23382 -7.95886 -7.65279 -7.84476 -5.81789 -6.4993 -5.46204 -5.19101 -5.26752 -4.77646 -3.02868 -4.52694 -2.10099 -1.8884 -0.958256 -0.896448 -0.354256 -0.755098 -1.12908 -2.6133 -3.77218 -3.83748 -6.46335 -5.95278 -6.61439 -7.71988 -10.0112 -10.0112 -11.401 -12.0464 -12.6395 -11.5099 -12.021 -12.7161 -12.4376 -14.6474 -13.2025 -10.4966 -9.41388 -8.33405 -7.73029 -7.71985 -6.79215 -7.79668 -9.40901 -8.52192 -8.18696 -9.2318 -8.84843 -6.13014 -6.49065
 -9.78752 -10.3957 -10.0962 -11.2578 -11.7495 -12.2922 -11.5615 -9.96876 -8.98875 -7.84379 -5.88942 -6.84353 -11.9662 -13.1205 -15.6292 -15.3569 -15.7523 -14.14 -10.5444 -9.77847 -8.96656 -8.06844 -8.55143 -8.76303 -8.90664 -6.40662 -5.75689 -6.1909 -4.14141 -5.02071 -4.35023 -8.96575 -10.792 -8.37907 -7.83148 -5.8262 -3.9356 -4.53771 -5.17954 -4.671 -5.06699 -6.21589 -5.40936 -6.30936 -8.2604 -4.55718 -5.0809 -5.0809 -6.28605 -7.85584 -7.84341 -7.85002 -8.71514 -8.72139 -9.50373 -9.16869 -9.91851 -9.3198 -11.0915 -11.1627 -10.6476 -10.1002 -11.2604 -7.43257 -6.83551 -7.36875 -4.68994 -3.305 -4.05414 -4.4917 -4.01595 -5.23307 -7.75804 -6.91221 -6.68568 -6.68568 -6.87765 -6.09432 -7.51528 -7.44709 -5.53939 -4.54212 -5.85879 -4.38916 -4.63927 -4.57553 -2.4848 -0.917592 -0.525695 -1.33947 -0.367745 -2.18708 -1.64591 -4.19756 -6.44648 -6.50018 -6.59479 -7.0693 -9.30287 -7.73483 -9.21632 -10.4127 -10.883 -10.71 -10.7275 -10.8576 -11.316 -11.0389 -12.5344 -10.5821 -9.47389 -10.0451 -9.78068 -8.67713 -7.47841 -6.79215 -7.79668 -9.40901 -8.4205 -8.05729 -9.2318 -8.78185 -7.23211 -7.29243
 -8.6031 -10.1965 -9.6755 -9.72724 -12.0346 -11.1077 -12.3984 -11.2948 -9.40702 -8.90486 -7.67268 -9.71568 -12.6305 -14.5444 -15.6292 -16.797 -16.6031 -14.8527 -11.0876 -11.166 -11.2665 -9.21 -9.39615 -9.3104 -9.71253 -8.21164 -6.56938 -6.33781 -6.54262 -5.46903 -6.81484 -7.12488 -9.48731 -9.57982 -6.53742 -5.29917 -7.05249 -4.85891 -5.63317 -5.63317 -5.5999 -5.81036 -7.25497 -6.90129 -7.15778 -6.74649 -6.41394 -4.76198 -7.05018 -8.31935 -8.57564 -9.40335 -9.89989 -8.3954 -9.31489 -9.50457 -10.0083 -10.9461 -9.8014 -11.5754 -10.9235 -9.79611 -11.4211 -6.69514 -4.49034 -6.85052 -3.57943 -5.69942 -4.9399 -4.38178 -4.06275 -3.72731 -7.28585 -7.10444 -7.83365 -6.22132 -7.36759 -8.685 -7.66454 -7.56143 -7.675 -5.17721 -5.2155 -3.99761 -4.68838 -4.62581 -4.35662 -2.56844 -1.33947 -1.83399 -0.862265 -2.70317 -4.39095 -5.54157 -6.62157 -7.15378 -8.82367 -9.36898 -9.9267 -9.44228 -9.29142 -9.29142 -10.7212 -9.30199 -8.7859 -10.1839 -9.66727 -10.9681 -10.3633 -8.7553 -8.99971 -7.98239 -8.41695 -9.08953 -8.67713 -7.49429 -7.3001 -9.40901 -9.62453 -8.28583 -7.99332 -6.49972 -7.30243 -7.46791
 -7.666 -8.37922 -9.47629 -9.87371 -12.3692 -12.8843 -12.0542 -12.2157 -9.83628 -9.9233 -8.04278 -10.6426 -11.5073 -14.1151 -16.0781 -15.489 -16.2078 -14.4177 -12.4789 -11.9073 -12.1676 -11.2523 -8.35474 -9.3104 -9.88049 -10.1042 -8.98047 -6.84159 -5.82557 -8.24298 -8.74049 -9.06957 -11.3092 -11.0172 -7.01555 -6.62039 -6.41873 -6.62748 -6.13449 -6.53247 -6.70398 -5.95509 -6.13682 -5.43444 -6.46269 -8.51228 -7.08561 -4.96929 -6.83205 -9.29462 -10.8381 -10.2838 -10.5896 -10.6717 -10.3309 -10.6939 -11.7218 -12.2428 -9.8857 -11.1405 -9.84132 -9.84896 -11.2545 -7.82524 -5.89736 -6.58286 -4.44455 -6.5362 -5.89868 -5.8433 -3.90208 -5.61904 -6.19428 -8.20571 -9.18788 -9.37985 -10.2979 -8.71314 -8.80228 -9.16138 -8.98992 -7.5868 -5.8119 -5.36326 -5.93667 -3.27305 -2.46978 -0.223903 -1.33338 -1.34268 -2.70317 -3.37484 -3.34243 -4.32669 -7.04496 -6.52002 -9.27258 -9.36898 -9.36898 -9.73484 -9.73484 -10.7719 -9.30199 -8.77801 -8.77801 -9.3348 -9.71229 -10.9701 -10.1824 -9.18833 -6.74085 -7.34534 -7.19805 -7.10064 -7.10672 -6.42046 -7.8507 -7.90666 -7.75331 -6.43667 -6.92563 -7.77548 -4.87639 -7.68596
 -6.55673 -7.43235 -9.75695 -10.3453 -9.90186 -10.7816 -12.9143 -12.2107 -10.2587 -8.06033 -7.6086 -10.348 -11.6596 -13.2783 -16.552 -15.4749 -14.5955 -14.519 -12.3611 -12.4547 -11.7664 -11.7654 -10.2692 -9.88049 -8.9055 -11.3347 -9.53208 -8.49462 -8.27808 -9.64648 -8.53309 -7.77802 -8.4499 -8.70667 -7.68722 -5.88077 -5.67911 -6.88942 -6.94163 -7.72262 -6.05069 -6.52818 -4.87436 -5.43444 -6.89479 -7.48857 -7.08561 -7.06087 -8.08258 -9.57496 -9.99303 -10.3805 -11.6284 -10.3864 -10.4137 -11.3656 -12.3158 -12.7441 -11.9123 -13.1351 -13.6511 -11.6679 -10.5133 -8.83767 -9.31817 -6.336 -5.01711 -6.06599 -8.19453 -6.67132 -6.1054 -7.37547 -7.30021 -8.09437 -8.8806 -8.51473 -11.9383 -10.1913 -8.80228 -8.70185 -8.70185 -9.14691 -8.93779 -6.61207 -4.84842 -4.19551 -2.64471 -0.646969 -0.571715 0.101048 -1.13101 -2.56136 -3.1887 -4.72444 -4.08268 -6.93628 -8.48093 -8.0677 -8.93282 -9.38748 -9.38748 -10.2716 -8.77801 -8.77801 -8.97926 -9.60168 -10.2478 -11.0091 -9.51647 -8.67145 -8.20132 -6.54157 -9.01097 -7.84882 -7.8893 -6.7416 -5.26694 -7.4846 -5.21838 -4.5408 -4.04343 -3.5045 -5.38082 -7.2567
