# name: MAT
# type: matrix
# rows: 60
# columns: 123
 -3.30987 -1.56997 -2.46155 -1.54648 -0.458528 -2.80759 -4.06898 -3.28735 -5.00348 -6.63711 -6.34746 -7.10356 -5.31344 -5.11302 -4.61279 -3.92505 -2.80063 -2.30455 -3.78086 -3.84567 -3.81166 -3.902 -3.53896 -4.95846 -3.42988 -3.62208 -3.65978 -5.54565 -2.99325 -3.6527 -6.01799 -7.77708 -9.10529 -8.72644 -11.2119 -9.59546 -10.5905 -9.56757 -8.82649 -10.5976 -10.1962 -11.8595 -13.8128 -13.6691 -14.2412 -12.7469 -12.2461 -11.0353 -11.5612 -12.1698 -10.8352 -12.4338 -13.3281 -12.1205 -12.1909 -14.2143 -14.806 -10.8031 -12.3975 -11.123 -9.50395 -7.91156 -9.42453 -6.99988 -5.75052 -6.86059 -7.36371 -5.45516 -5.80284 -7.01675 -8.86997 -10.0911 -14.1286 -15.6682 -15.6682 -15.5823 -14.7391 -14.5423 -15.2113 -14.687 -13.8006 -13.5349 -10.9571 -12.434 -9.8229 -8.03736 -6.61976 -1.8157 -2.74485 -2.42845 -1.91914 -0.693116 -0.901706 -1.62052 -1.3736 -3.60881 -5.21974 -6.13089 -5.98639 -4.33375 -4.22748 -3.96852 -5.70769 -5.72354 -6.17165 -4.45545 -4.4348 -5.46075 -5.47567 -5.16042 -6.18051 -6.26955 -4.29487 -4.42022 -4.2828 -2.51279 -1.69161 -2.20435 -3.11002 -3.96214 -1.59496 0.872249 -0.303485
 -5.69948 -3.59805 -1.11969 -0.463718 -0.0655947 -2.21841 -2.89125 -6.09774 -6.26623 -7.27144 -6.24869 -7.0686 -7.97499 -4.84495 -4.47813 -3.79039 -3.77562 -4.2996 -4.05614 -3.51183 -3.98482 -3.67951 -4.17523 -4.20603 -3.11311 -1.93027 -0.817751 -2.47218 -2.92376 -3.39768 -5.18427 -7.18957 -7.4831 -7.17821 -8.74363 -8.3143 -10.0734 -11.4171 -8.83302 -10.9359 -9.31993 -12.566 -14.2422 -13.6691 -14.4762 -13.1545 -14.058 -13.8212 -12.7104 -13.5684 -13.5166 -12.5104 -13.2665 -13.1132 -14.3405 -13.1207 -14.073 -10.8031 -10.8889 -12.1542 -10.2545 -7.81091 -8.82019 -8.21411 -7.37221 -7.45277 -5.45954 -5.00995 -7.12313 -7.50461 -7.61818 -10.3951 -14.5949 -15.0981 -14.5829 -14.3923 -13.6812 -14.69 -15.5928 -15.1226 -13.9357 -14.2604 -11.931 -10.3749 -9.33159 -8.69783 -6.36253 -2.27012 -2.25354 -4.42352 -3.57497 -2.18936 -2.98496 -2.23895 -1.67778 -5.29637 -6.41564 -7.08195 -6.05812 -4.25971 -4.08595 -5.11742 -5.76838 -5.79014 -6.48047 -5.58738 -5.9786 -6.30972 -5.78875 -4.79669 -5.27675 -5.03102 -5.01625 -3.88253 -3.75443 -2.82529 -1.88359 -1.2634 -4.17359 -2.85494 -0.498138 0.0663559 0.218781
 -5.48783 -3.09205 -1.69742 -0.863298 -0.203841 -1.0455 -2.22487 -5.5276 -6.21845 -4.74635 -5.54916 -7.97202 -8.05227 -6.00022 -6.2959 -3.82908 -3.8143 -3.98302 -5.15886 -5.23092 -5.75703 -4.66279 -4.09425 -4.06629 -3.66846 -2.48562 -1.10157 -2.55974 -4.7223 -4.49964 -6.0092 -8.16603 -8.39534 -7.81058 -8.99235 -9.64648 -9.87377 -9.78372 -9.46929 -10.7488 -10.2048 -12.1609 -13.8044 -14.906 -13.84 -13.1037 -15.8992 -13.3257 -13.7206 -13.7307 -13.2685 -15.4452 -12.314 -13.9311 -14.9082 -14.3867 -15.051 -11.8428 -12.2844 -10.06 -9.03629 -8.47481 -8.56965 -8.29249 -8.21075 -7.12873 -6.10808 -6.70951 -8.31467 -8.40396 -8.25987 -11.2678 -12.6296 -13.2894 -13.225 -11.8146 -13.0338 -14.6903 -15.468 -15.527 -14.4371 -16.7177 -12.9704 -10.8343 -9.3171 -7.67764 -5.65151 -5.60753 -2.9003 -4.40763 -4.17909 -3.6348 -3.1546 -2.01954 -1.34789 -4.69394 -6.04526 -6.33124 -5.37153 -6.76916 -6.15722 -4.23971 -4.89021 -4.98615 -4.92566 -5.5324 -5.40848 -5.25342 -5.42872 -3.36998 -3.0304 -5.70557 -5.57982 -5.22519 -4.95018 -4.21905 -3.62332 -3.24234 -1.99577 -1.44537 -1.60735 0.627865 2.53762
 -5.60375 -4.08985 -2.08112 -0.353808 -2.0645 -1.76366 -3.82442 -4.13864 -3.76862 -4.89053 -6.2475 -7.95116 -6.97724 -5.04118 -8.08279 -7.64495 -5.57513 -4.89911 -5.98033 -5.47229 -4.8533 -4.41865 -2.85738 -2.97386 -3.00468 -0.975562 -0.834826 -1.10261 -3.58629 -5.11921 -7.40726 -8.16603 -7.71939 -9.7375 -8.63588 -8.82211 -8.45064 -10.4073 -9.89236 -8.68693 -10.9624 -14.293 -15.5404 -15.2391 -14.694 -14.9269 -16.1933 -13.7637 -15.2307 -12.1456 -12.6029 -14.3782 -13.363 -13.0576 -15.9542 -14.7969 -13.9644 -11.5174 -11.8184 -9.73026 -8.1068 -6.69492 -7.41201 -6.49363 -8.27453 -7.34486 -6.57062 -7.00271 -6.75957 -8.30031 -9.42128 -8.86072 -10.9335 -12.4936 -11.9979 -11.8146 -12.3355 -13.5415 -14.9767 -14.5461 -12.5809 -13.6596 -11.8562 -9.25598 -7.76121 -7.75341 -5.61509 -4.94518 -2.89843 -4.30905 -5.34503 -3.88326 -2.64354 -1.84004 -3.38029 -4.33433 -5.54212 -5.63954 -6.25508 -5.18857 -5.72796 -3.56987 -4.53471 -4.03255 -4.44165 -4.72061 -7.1307 -6.5382 -5.04467 -2.46849 -4.56405 -7.26131 -6.78446 -6.38436 -6.59723 -4.65399 -5.67517 -3.64171 -0.390667 0.671196 -0.226382 0.955941 2.72989
 -5.94878 -3.7225 -2.94691 -1.56076 -2.26969 -1.3018 -3.66119 -4.03211 -4.53198 -4.59243 -6.33447 -6.43777 -6.2298 -6.1745 -5.35837 -6.03234 -5.98305 -4.90938 -5.55371 -5.67715 -3.6882 -4.19444 -2.69129 -2.30443 -1.85376 -1.69994 -2.60234 -1.73889 -4.03587 -5.72319 -6.1678 -8.31151 -8.31149 -9.18611 -8.02606 -8.85827 -8.56361 -10.4073 -8.80915 -8.91092 -10.3698 -14.8546 -15.0125 -14.5767 -13.6689 -11.6782 -14.9059 -14.2721 -14.0546 -12.8281 -11.7364 -14.7795 -15.0536 -14.568 -14.2835 -14.1017 -12.9275 -12.1972 -11.7489 -8.65445 -5.84275 -5.73955 -4.20517 -6.17508 -4.97414 -7.75241 -6.64918 -6.38982 -6.323 -7.60024 -9.30545 -9.09986 -12.4351 -12.0323 -13.0446 -11.4171 -13.6523 -11.7912 -9.28922 -10.0198 -12.022 -11.672 -10.4138 -8.64582 -6.08639 -6.51259 -5.2299 -6.02829 -7.99787 -6.41136 -5.61487 -5.61375 -5.60323 -4.05017 -4.31566 -5.49691 -3.69558 -5.5878 -4.77383 -3.34957 -5.78732 -5.96456 -4.49595 -2.84606 -4.6693 -5.67334 -7.25663 -5.81928 -5.54128 -4.55617 -7.76674 -7.88749 -9.12535 -9.12524 -8.2417 -6.86001 -4.69518 -4.62812 -1.58844 -2.12506 -1.32643 0.824444 2.06709
 -7.09903 -3.68499 -3.22571 -1.51369 -3.37409 -1.4189 -2.81983 -3.58216 -3.08001 -2.61448 -5.99952 -6.51988 -6.50257 -6.1601 -5.58747 -8.28888 -5.784 -5.22139 -4.32444 -3.65674 -2.61387 -3.89017 -2.04489 -1.77971 -1.02186 -1.2207 -2.60234 -1.4676 -2.68444 -6.24255 -5.80692 -7.24525 -8.2282 -7.08513 -6.7445 -6.44986 -7.85642 -10.249 -9.29827 -9.39918 -10.8462 -12.9551 -12.8897 -12.3343 -12.673 -12.3875 -13.4805 -13.5955 -13.5449 -15.4049 -13.6579 -14.7298 -15.9798 -13.3772 -12.8859 -13.8893 -10.7065 -9.81568 -7.16925 -5.54736 -6.00401 -4.72464 -5.01798 -4.62171 -5.43867 -4.7022 -5.27869 -6.37779 -6.323 -7.78524 -9.177 -9.65319 -10.7275 -10.9791 -10.5165 -9.31435 -10.0179 -10.0603 -10.3869 -8.37004 -6.71491 -5.82475 -9.88676 -7.56363 -6.15938 -6.75095 -5.96414 -8.10596 -6.242 -5.49259 -4.05102 -5.71108 -5.60323 -5.57141 -5.27417 -5.37624 -4.08048 -4.82376 -4.34173 -3.14345 -5.78675 -7.05231 -3.57003 -2.85226 -5.17861 -7.31041 -6.32691 -5.41226 -5.55822 -5.24334 -6.85569 -7.33794 -8.7091 -9.58024 -9.68398 -8.84374 -7.48879 -5.57071 -3.92657 -3.6806 -3.63087 -1.3318 0.854885
 -6.07831 -4.70055 -2.70408 -2.03426 -0.168178 -2.82168 -2.27022 -1.03743 -0.124176 -1.81361 -4.67108 -7.13863 -7.82674 -7.25505 -6.14323 -5.59852 -5.0738 -5.63715 -4.53973 -5.47543 -3.02339 -2.82921 -2.72661 -1.46823 -1.82019 -2.92721 -3.47535 -4.04547 -2.16523 -4.42542 -4.85589 -7.5522 -8.27347 -6.61781 -6.97587 -7.48779 -8.44391 -8.83874 -8.83874 -9.95944 -10.5514 -12.8023 -12.3343 -11.698 -12.6807 -11.8929 -13.4738 -12.6889 -14.1388 -13.3128 -13.7185 -15.3048 -15.2796 -14.0395 -13.1971 -12.4812 -10.3724 -9.15846 -7.56715 -5.75163 -5.7693 -4.7742 -4.27057 -3.30382 -3.74442 -3.83876 -3.07048 -4.39566 -5.90982 -7.7335 -7.45669 -7.99547 -8.40259 -9.98225 -7.39095 -9.38753 -9.95891 -8.97146 -9.6288 -7.39631 -7.24407 -6.50744 -8.08986 -8.10581 -8.26063 -5.90981 -7.08863 -6.39252 -3.69226 -4.20892 -4.88591 -6.05686 -5.56998 -7.08174 -4.60853 -5.37624 -4.77167 -5.77752 -4.31175 -3.99187 -4.99741 -7.51637 -6.2043 -4.26538 -5.26621 -5.73282 -6.79239 -4.97133 -2.74815 -4.79306 -7.51642 -7.97544 -7.6221 -10.0669 -10.4505 -10.0071 -8.62865 -7.62182 -6.58186 -5.20361 -5.47802 -2.62486 0.117719
