# name: MAT
# type: matrix
# rows: 50
# columns: 70
 -7.05359 -7.11061 -5.16119 -3.57384 -3.81047 -6.84794 -6.70914 -7.13792 -9.39407 -10.5097 -9.69323 -9.7585 -9.10857 -9.47991 -10.9293 -10.4673 -9.15978 -10.1795 -12.5508 -11.5596 -13.5671 -13.0388 -13.5553 -13.0539 -11.5297 -12.4351 -14.6666 -15.091 -13.0375 -14.7869 -14.8311 -12.8253 -14.3488 -15.2922 -13.3676 -12.3308 -12.9391 -13.4543 -9.95615 -11.0005 -9.42632 -8.60736 -7.65657 -5.29162 -3.55687 -4.32549 -4.03126 -3.92909 -3.99945 -6.02119 -6.95523 -7.55634 -7.54983 -8.19318 -8.95826 -9.34579 -9.54227 -8.89572 -8.12846 -6.87502 -7.28191 -6.77879 -6.77879 -6.52749 -8.6353 -7.1013 -7.62845 -8.75681 -10.0984 -11.1761
 -7.47947 -7.26 -4.85652 -3.57251 -3.38121 -4.82652 -6.13227 -6.7461 -8.56239 -7.89072 -8.53972 -8.87217 -9.10857 -10.9402 -10.7444 -10.5386 -9.65109 -10.2064 -11.6664 -12.9779 -14.5958 -14.4875 -15.1787 -11.0862 -10.9396 -10.9682 -12.2362 -14.4449 -15.7821 -15.8903 -14.6066 -13.4739 -15.0423 -14.9761 -13.1721 -13.6054 -12.4389 -13.4543 -12.9375 -12.88 -10.9065 -10.6517 -9.55051 -9.22364 -4.31423 -4.88263 -3.47932 -5.52849 -5.1083 -7.04665 -9.10579 -7.84338 -7.84338 -10.4082 -8.57627 -10.0762 -9.6411 -9.68596 -9.26584 -9.36556 -8.28966 -9.45606 -8.32211 -8.56001 -8.40485 -9.45472 -8.75681 -10.0784 -10.6032 -11.6713
 -9.19736 -6.87745 -5.00435 -4.74511 -6.31268 -7.18913 -6.8591 -8.14116 -7.89072 -8.32653 -7.65123 -9.48575 -10.4767 -10.9402 -9.6843 -9.90488 -9.955 -10.1404 -11.6861 -11.4465 -11.9633 -10.909 -9.74907 -9.16359 -9.60936 -9.91483 -11.4312 -12.8421 -14.1089 -13.3205 -12.2956 -14.5511 -14.0352 -14.0352 -13.0053 -13.1676 -13.6054 -12.2373 -11.2184 -13.8253 -11.1184 -11.4926 -9.57793 -10.2434 -8.49493 -6.50904 -6.22773 -7.62085 -9.42075 -9.882 -9.64554 -9.21654 -8.6151 -9.21611 -9.34948 -9.98436 -8.42011 -8.46497 -9.46923 -9.0097 -7.62402 -7.58374 -8.37178 -8.58631 -8.91963 -9.93934 -11.2945 -10.044 -9.0549 -11.1963
 -9.05489 -7.2363 -6.73138 -6.03376 -6.54959 -7.81725 -5.91224 -5.97205 -8.35383 -7.96203 -9.39505 -10.1318 -10.2647 -10.6062 -10.4967 -7.58739 -7.90848 -9.31334 -10.3036 -10.6501 -9.29977 -7.67753 -7.74012 -8.88869 -10.8983 -11.8859 -10.4367 -10.982 -10.2202 -12.3065 -12.9014 -12.372 -12.3047 -12.4216 -12.848 -12.3883 -11.7271 -12.2504 -11.2514 -10.6168 -9.48649 -10.0818 -10.2013 -8.11495 -7.166 -6.35201 -4.83274 -6.79649 -7.33798 -8.29085 -9.7334 -9.82203 -8.32659 -7.8945 -9.49926 -9.5055 -8.75125 -7.56455 -8.5688 -8.8417 -6.99517 -6.9299 -7.75681 -6.36742 -6.49671 -8.90503 -9.75513 -10.7902 -9.92341 -10.8672
 -9.20479 -8.71111 -8.04554 -7.29027 -8.59038 -7.96446 -7.25718 -6.66438 -7.94804 -8.59908 -8.37166 -8.36843 -7.70995 -11.969 -10.0409 -9.48556 -6.9008 -7.55758 -9.10697 -9.35877 -9.36469 -8.07805 -8.64252 -7.325 -8.16704 -9.8069 -10.2612 -10.2209 -10.803 -11.684 -13.2092 -11.7614 -11.8453 -12.4012 -11.7955 -11.7198 -10.6498 -9.99175 -11.4874 -9.66209 -9.6039 -10.2877 -10.1848 -8.22729 -6.87008 -6.40812 -5.14777 -5.87812 -6.74157 -8.37267 -8.47774 -7.39233 -7.77352 -7.16412 -9.09654 -9.24531 -8.34292 -8.00035 -8.07417 -7.77642 -7.63223 -7.31625 -7.61848 -5.6618 -7.27234 -7.44039 -7.66881 -9.24288 -10.8757 -11.3882
 -10.5448 -7.77325 -7.84562 -8.15372 -8.10838 -8.1942 -6.84387 -8.09503 -7.14513 -8.82689 -7.89241 -8.40082 -9.80415 -10.3888 -9.99128 -9.19826 -8.12053 -7.32357 -7.79122 -8.75821 -6.92887 -7.92658 -7.51012 -9.52878 -7.57837 -9.04865 -9.94354 -8.99315 -10.3009 -10.2773 -11.8026 -11.4274 -11.5527 -12.7467 -11.3804 -10.0408 -11.0052 -10.9876 -10.3785 -11.1585 -11.3386 -11.8107 -11.4491 -9.66989 -9.84498 -9.66188 -7.71975 -6.22658 -6.70793 -7.99987 -7.36256 -6.69795 -7.86627 -6.81637 -6.59695 -7.59854 -7.93209 -9.40862 -8.33322 -8.96096 -8.80152 -7.65212 -7.10488 -6.16396 -6.15838 -5.2363 -5.85267 -7.87489 -6.30226 -9.16416
 -9.39551 -9.65069 -7.20369 -7.3215 -6.84181 -7.08432 -6.51648 -8.68418 -7.19472 -5.39421 -7.11635 -7.7828 -7.01797 -8.47633 -8.0748 -8.12704 -8.60629 -7.06834 -6.96951 -7.27598 -8.5176 -5.08572 -7.6638 -6.92135 -7.80777 -8.19769 -8.72923 -10.0991 -9.47388 -9.53309 -10.6113 -11.0085 -8.45922 -9.46888 -8.64966 -8.01717 -9.72472 -11.9213 -9.74911 -9.83881 -12.1645 -11.6171 -11.4489 -10.85 -11.0883 -11.5331 -9.56574 -8.98633 -7.75462 -7.581 -5.89884 -6.6931 -8.11466 -6.48788 -7.35959 -6.72219 -6.81475 -7.24476 -6.79657 -6.38925 -7.41945 -7.10079 -5.5749 -5.08105 -3.50223 -3.56776 -6.22289 -5.2237 -5.62403 -7.35443
 -7.41779 -9.57972 -9.58689 -8.46765 -6.27908 -7.75599 -8.60103 -5.81833 -4.82877 -4.97903 -6.32032 -4.79713 -3.23669 -6.03783 -6.41397 -7.19027 -8.60629 -7.14156 -5.0749 -6.6299 -5.45619 -5.11768 -6.13723 -6.45617 -7.41569 -8.59982 -9.05847 -8.70541 -9.06774 -9.87973 -11.4815 -10.5015 -8.92909 -8.93076 -8.93076 -7.83447 -8.27231 -7.08651 -7.85835 -8.39278 -10.8616 -10.5572 -9.3504 -9.27611 -10.209 -11.003 -8.63051 -9.23165 -6.41252 -5.70751 -4.78095 -4.9241 -5.52553 -5.91445 -6.72788 -7.24454 -8.4187 -7.85341 -8.20016 -6.83394 -7.69562 -8.0585 -6.21379 -6.5142 -5.36215 -5.52563 -5.69242 -5.14281 -5.55266 -6.64103
 -8.16236 -10.196 -8.77128 -6.3461 -6.88304 -7.74052 -7.84559 -5.24874 -2.66041 -5.30251 -4.51847 -5.38756 -4.00936 -5.70648 -7.98595 -7.56901 -6.40881 -5.89659 -5.51851 -4.33737 -3.98647 -7.18467 -7.70672 -7.33166 -8.91362 -8.76191 -8.62637 -9.12606 -8.60822 -9.65725 -9.14762 -10.6806 -10.2833 -8.28336 -7.72793 -6.69891 -6.51678 -6.02587 -6.46264 -7.27788 -10.6354 -9.76441 -9.47471 -10.2279 -9.62152 -10.0552 -7.87354 -8.46786 -7.09691 -6.36057 -4.13965 -4.27266 -4.93648 -7.00218 -7.92368 -8.6633 -9.42964 -7.64406 -6.32494 -6.37468 -6.22866 -4.9258 -5.78397 -5.68746 -4.18108 -4.84672 -5.86334 -5.31373 -5.60557 -5.51884
 -6.99114 -9.47225 -9.90172 -7.53079 -5.68641 -5.94003 -6.21463 -4.54279 -3.42029 -5.20298 -4.17679 -5.19484 -4.88698 -4.45383 -6.79221 -7.52351 -7.3925 -5.58702 -5.65255 -5.76352 -3.56061 -4.10197 -5.28406 -7.29787 -8.14228 -7.1906 -7.98789 -8.48901 -8.47549 -6.85623 -6.85623 -8.15895 -7.97745 -7.63009 -7.02868 -6.86675 -4.99574 -5.58803 -6.53873 -5.9621 -6.48892 -10.4133 -9.0045 -11.0435 -11.2486 -10.0024 -9.18478 -7.38909 -5.65492 -4.60111 -4.60111 -4.88614 -5.41322 -6.57201 -6.75969 -7.62448 -10.8151 -8.99076 -6.39298 -5.39506 -7.07775 -6.13866 -5.16218 -4.45237 -4.40404 -5.74912 -5.32677 -5.82129 -5.31758 -6.4012
 -6.79242 -9.19178 -8.46827 -8.70055 -6.09236 -5.69128 -3.94134 -5.09813 -4.10462 -4.16087 -3.53066 -5.18576 -2.85852 -5.60595 -8.63087 -5.70954 -7.9347 -6.40648 -5.62988 -5.27858 -2.45436 -3.73399 -4.97116 -6.66411 -7.0264 -8.29492 -7.7516 -7.9598 -7.90803 -9.46851 -8.98926 -8.83927 -8.57649 -6.62364 -6.55951 -6.41749 -5.69464 -6.08914 -6.5913 -6.33477 -6.9855 -8.8408 -11.5527 -11.633 -11.6864 -9.82388 -10.7488 -7.34938 -6.0953 -5.19675 -4.66478 -4.93188 -5.62141 -6.3969 -5.85291 -7.15408 -8.33167 -9.63659 -6.87368 -7.05509 -7.57226 -6.98047 -8.20992 -5.52816 -5.3267 -6.2639 -5.718 -6.29826 -5.7816 -7.52572
 -6.05326 -8.14888 -8.8962 -8.03302 -6.17967 -4.5699 -3.40392 -2.83528 -3.55501 -4.68165 -4.86069 -4.33681 -4.97487 -7.44821 -6.95702 -7.29215 -6.90862 -5.19247 -5.27292 -5.23193 -3.70855 -2.927 -4.06226 -5.16401 -7.0264 -7.66116 -6.11838 -7.50805 -8.3576 -9.52035 -10.1935 -11.0436 -8.11463 -6.84637 -6.77128 -5.73887 -5.52415 -4.53005 -6.23619 -5.6631 -8.59684 -11.0681 -11.0684 -11.6 -9.90259 -9.1728 -9.95115 -6.9209 -5.48287 -5.40744 -4.66478 -3.80716 -4.42623 -5.68627 -5.30524 -6.13652 -7.12927 -8.68293 -8.10676 -7.69221 -6.93001 -8.44187 -8.59338 -10.181 -7.09219 -6.80101 -6.33438 -5.09348 -5.09007 -6.55426
