# name: MAT
# type: matrix
# rows: 83
# columns: 103
 -8.04775 -8.68724 -9.97168 -9.69068 -8.89168 -10.9474 -9.24331 -7.4728 -7.26273 -6.71319 -6.73765 -7.01242 -7.04276 -6.70153 -7.95821 -7.82102 -6.35627 -6.73806 -8.00561 -8.67738 -8.74866 -10.5852 -9.23095 -7.98183 -7.11839 -7.66189 -7.41954 -8.53795 -9.22454 -8.49518 -10.0652 -10.3758 -10.0072 -10.6838 -10.8538 -12.8488 -12.8488 -13.2683 -12.2675 -11.6296 -13.8101 -15.2738 -15.4724 -14.1012 -14.3073 -13.671 -14.5691 -13.4749 -14.2472 -13.2391 -13.2391 -12.232 -10.8334 -11.4036 -11.3072 -11.453 -12.5119 -12.5636 -12.7621 -10.0786 -9.60829 -9.14514 -10.6904 -11.1262 -11.1525 -8.5234 -8.55411 -9.00052 -9.11319 -10.0688 -11.7713 -12.28 -9.57262 -8.56944 -7.74657 -6.05289 -8.61224 -10.7748 -9.77851 -7.64926 -6.12063 -7.7128 -7.98139 -8.28489 -5.21289 -6.16132 -4.68469 -4.44548 -2.22411 -3.64454 -5.47197 -4.23148 -4.22922 -5.48255 -7.31042 -7.22196 -7.78222 -8.84862 -9.79932 -11.8118 -12.9113 -12.0662 -14.1616
 -7.70862 -8.90443 -9.42417 -10.428 -8.97818 -10.0724 -7.79179 -8.06921 -7.62067 -7.08656 -6.58392 -6.48039 -6.5317 -6.18545 -8.20899 -7.68624 -8.53224 -7.84565 -7.43207 -8.54178 -9.041 -9.13202 -9.56344 -6.4973 -6.06936 -8.21647 -7.76652 -7.67283 -7.20848 -7.20848 -9.6373 -9.3925 -9.93845 -9.55825 -9.06167 -12.121 -12.23 -12.3372 -12.7053 -12.0034 -14.2309 -14.4124 -15.9583 -14.1012 -13.8723 -14.1412 -14.0482 -12.987 -14.7582 -14.2928 -12.7342 -12.7342 -12.3474 -11.7934 -12.2972 -11.0655 -11.262 -11.9197 -12.4898 -10.5665 -10.0962 -11.012 -11.6271 -10.3623 -9.42977 -7.30995 -7.12157 -8.5246 -9.11319 -11.0847 -13.3122 -12.8801 -11.8098 -8.05431 -7.82283 -7.88184 -8.82885 -10.2484 -8.6339 -5.92248 -7.15823 -7.19187 -6.66171 -5.52657 -5.72697 -6.92656 -4.48483 -3.17365 -1.59511 -1.94867 -3.98931 -3.53563 -4.30068 -5.60864 -6.94237 -6.50169 -8.99309 -10.0595 -11.2085 -11.5718 -11.5718 -11.1504 -13.7337
 -8.3941 -9.52579 -9.32358 -9.42417 -8.47093 -7.78282 -7.62569 -6.02066 -8.39715 -7.86857 -7.04828 -7.11158 -6.12422 -6.92414 -7.12729 -7.21812 -7.20025 -5.65316 -4.85588 -5.52776 -8.18778 -7.4729 -6.84993 -3.82856 -6.22137 -7.50321 -6.6547 -7.10274 -7.20848 -6.73827 -7.79526 -9.19997 -9.6992 -7.64275 -7.14059 -9.25877 -9.4995 -13.2829 -12.7471 -13.1047 -12.8503 -14.3595 -14.6915 -12.5541 -13.2846 -12.1274 -12.9903 -14.8032 -14.8032 -14.7873 -12.0027 -12.1387 -12.1105 -12.0804 -11.4868 -10.4519 -9.4236 -11.9197 -12.4898 -11.5654 -10.663 -11.7536 -11.6987 -11.8101 -10.0508 -7.07468 -6.19688 -7.37347 -10.7533 -10.5109 -12.6679 -12.7237 -11.8811 -9.35074 -7.14697 -8.3252 -10.2609 -11.2382 -8.81412 -8.34976 -7.15012 -7.30107 -6.45298 -5.07803 -5.39097 -5.80534 -3.76186 -3.09115 -0.880331 -1.69937 -2.42536 -2.70558 -4.21253 -5.53039 -6.91263 -8.42738 -8.99309 -10.5369 -11.2085 -10.8475 -10.8475 -10.7022 -12.4703
 -9.90139 -10.028 -10.4923 -8.68201 -9.0183 -7.25987 -7.08564 -6.07719 -5.72267 -5.91235 -5.45603 -4.35909 -5.59958 -7.6604 -7.69759 -6.10934 -5.20378 -3.54867 -5.14089 -5.14089 -4.9879 -4.5523 -4.99484 -3.47244 -6.21091 -7.50321 -7.27865 -6.5474 -6.08304 -4.60154 -5.72601 -8.11199 -8.09939 -8.14408 -8.89347 -9.09153 -8.90859 -11.509 -12.9711 -12.4709 -13.4449 -13.3149 -13.7165 -12.5475 -12.1526 -12.1274 -12.9903 -14.8032 -14.2921 -13.8266 -12.6727 -12.1155 -10.9993 -10.4258 -11.0048 -9.55612 -9.0616 -10.3841 -11.6247 -11.1333 -10.663 -10.9897 -11.1747 -10.3092 -9.85714 -7.52359 -6.19688 -8.50091 -9.5412 -11.7529 -12.2183 -12.5638 -11.816 -9.88352 -9.28537 -9.93834 -9.63028 -10.6012 -8.81412 -7.39928 -6.79011 -7.30107 -6.45298 -6.48711 -4.76483 -5.6901 -3.98448 -3.63331 -2.42733 -2.42527 -3.8079 -4.66169 -4.38037 -5.59137 -7.34444 -8.88691 -10.441 -11.0247 -10.2722 -10.8475 -10.0782 -12.0647 -12.6132
 -9.28341 -10.7436 -9.9048 -10.158 -8.00568 -6.22852 -6.58339 -4.75081 -5.81941 -5.32283 -4.26948 -4.61869 -4.8658 -4.60124 -6.52259 -6.35714 -4.45718 -3.82749 -4.25959 -4.10141 -4.55136 -4.05778 -2.43648 -3.01238 -4.45047 -7.30516 -4.40353 -5.34696 -3.24839 -3.24839 -2.58274 -6.18326 -7.41549 -6.92799 -7.01483 -5.40168 -8.72368 -11.3881 -13.0571 -12.4709 -12.9805 -14.0003 -14.9646 -13.1603 -12.1526 -12.1534 -13.1107 -14.4125 -14.8475 -13.8266 -12.2232 -13.0766 -11.248 -9.98801 -10.2518 -9.04506 -9.69787 -9.69787 -10.9576 -10.5332 -10.0629 -10.6521 -9.74775 -10.2184 -8.80707 -8.83867 -7.14031 -7.88453 -10.8616 -12.256 -12.6287 -12.8182 -12.2591 -12.439 -11.2625 -10.8075 -13.1646 -10.4373 -9.4602 -7.97743 -7.29227 -8.37727 -5.8984 -8.69845 -6.45057 -4.92396 -4.62075 -4.53122 -4.05839 -3.33031 -3.86713 -4.65496 -5.29549 -7.99546 -7.53113 -7.1166 -11.4543 -8.93665 -9.58405 -10.9233 -10.0782 -11.7562 -13.2548
 -6.44172 -8.98242 -9.85703 -10.1456 -8.84402 -5.16426 -4.88278 -4.54669 -6.11989 -4.66375 -4.34658 -4.30856 -3.42705 -2.00696 -2.09243 -0.827231 -1.15369 -2.3658 -3.59532 -3.23797 -1.37979 -0.515703 -0.400275 -1.88163 -4.53588 -3.99027 -2.71078 -3.882 -3.37024 -4.51084 -4.34891 -5.22049 -7.81266 -6.24165 -5.64022 -5.03772 -8.86342 -11.8838 -11.5437 -11.5959 -12.1152 -13.5643 -14.9196 -13.8036 -11.939 -10.2765 -13.1175 -13.1175 -14.4125 -14.4535 -13.2658 -13.2051 -10.7985 -10.9243 -9.80187 -9.76078 -9.18681 -9.70195 -10.9576 -9.86136 -10.2935 -10.9909 -9.74775 -9.74775 -7.96364 -8.25046 -7.14031 -7.88453 -11.92 -12.7711 -12.7673 -13.733 -12.2414 -12.8711 -11.5558 -11.1255 -12.1558 -10.0879 -8.80057 -8.12949 -7.45945 -9.06538 -9.4955 -7.31977 -3.40011 -2.95016 -2.1821 -3.97664 -4.00404 -2.16094 -4.80123 -5.72038 -5.79755 -7.53933 -6.68882 -6.65441 -10.3369 -10.1095 -10.8227 -11.1959 -11.6936 -12.2157 -12.6025
 -5.22999 -9.47732 -9.3942 -8.6376 -8.57958 -7.37755 -6.20633 -6.23041 -5.80806 -5.83259 -6.40373 -5.53042 -2.60357 -2.60689 -0.483545 0.332064 -0.113175 -0.616288 -0.616288 1.41417 0.293872 1.93644 1.01462 -0.870949 -2.05876 -3.91676 -4.04576 -3.12929 -3.0558 -4.52003 -4.50479 -5.3829 -8.47947 -7.42188 -6.24165 -5.5343 -9.89979 -11.3162 -12.5495 -12.0458 -12.9847 -12.9824 -14.5486 -13.3852 -11.302 -10.4162 -12.0208 -12.0208 -12.0923 -12.9293 -13.3188 -12.818 -11.3731 -12.0191 -10.3675 -10.5035 -8.80685 -9.38029 -10.277 -9.76181 -10.3481 -10.5116 -9.27038 -10.01 -8.75657 -7.29068 -8.42797 -8.07109 -12.4352 -12.3889 -12.7673 -13.1438 -13.4535 -12.9833 -10.5812 -11.5957 -12.8018 -9.93325 -9.90415 -8.55398 -8.39819 -9.33224 -8.19247 -7.21563 -5.24725 -3.44531 -3.96573 -4.0847 -4.2536 -2.07808 -4.59194 -6.17637 -7.25054 -8.85808 -6.13348 -5.44537 -8.55638 -9.68019 -11.07 -12.1709 -12.4434 -13.3954 -12.9498
 -4.71926 -8.06555 -9.59534 -9.08428 -9.30217 -7.80682 -6.24768 -7.18064 -6.29593 -5.66403 -5.73205 -5.3713 -4.49716 -5.00389 -3.58174 -3.07803 -0.744832 0.812562 1.386 1.53377 3.271 -0.298672 -0.0819118 -1.06092 -2.85399 -3.50985 -3.37845 -3.91231 -2.86878 -3.80497 -4.93405 -7.17386 -7.42172 -7.97732 -7.99197 -6.13572 -8.12387 -10.4416 -12.1232 -12.5525 -13.433 -14.1541 -14.052 -13.3263 -10.7868 -10.9075 -13.6332 -12.8209 -12.8209 -12.0647 -13.9149 -12.818 -12.3681 -10.873 -10.9409 -11.5921 -10.3963 -9.38029 -10.3267 -10.2711 -10.2693 -9.60215 -9.57791 -10.01 -9.37295 -8.60847 -9.38148 -8.40987 -11.9578 -11.2249 -11.815 -13.2075 -11.6713 -12.8834 -11.4856 -11.353 -13.1682 -9.19576 -7.77916 -7.26953 -9.01141 -8.74473 -8.36001 -7.7034 -5.88284 -5.36252 -4.03433 -2.58813 -2.46108 -1.5055 -4.84728 -6.37489 -7.13613 -7.98119 -5.94821 -6.52013 -7.32231 -8.8509 -10.903 -12.2513 -13.0269 -13.9473 -12.8133
