# name: MAT
# type: matrix
# rows: 75
# columns: 113
 -10.515 -12.2436 -13.4456 -13.3734 -11.6826 -7.93362 -4.92218 -8.47482 -9.91606 -10.3804 -11.7439 -10.633 -10.1136 -8.38858 -8.86668 -8.9123 -6.28301 -3.47642 -4.02379 -5.23154 -6.9964 -5.64509 -7.97626 -9.4215 -10.7928 -11.0595 -11.8528 -11.5835 -12.6573 -12.1541 -12.1112 -9.55427 -10.1333 -10.1037 -11.0848 -11.4798 -12.0034 -16.3779 -13.6718 -11.7207 -10.7061 -11.0598 -10.4596 -9.52423 -8.2722 -8.40082 -8.16643 -7.90891 -6.99633 -8.19221 -8.83686 -11.6192 -11.1707 -12.869 -13.4853 -13.048 -13.9534 -13.5038 -13.0472 -12.0197 -12.1821 -11.5771 -14.4491 -14.177 -11.9294 -11.3389 -12.1454 -13.23 -15.8014 -15.9208 -14.9443 -15.4474 -14.831 -13.9764 -12.9087 -10.1009 -10.0262 -9.7119 -7.68157 -7.66372 -7.30651 -6.6283 -8.82928 -8.33857 -6.2819 -6.88021 -5.74401 -6.79383 -6.39307 -6.56996 -6.54844 -4.64175 -4.27668 -5.2114 -4.53953 -5.3583 -4.38644 -2.3664 -1.88349 -2.38007 -2.47099 -2.49126 -1.31059 -1.58252 -0.449351 -5.62303 -5.12087 -7.25763 -8.07421 -10.0965 -9.76838 -9.34044 -7.84512
 -10.3953 -9.95224 -14.0947 -13.1767 -12.7579 -10.7593 -8.88903 -9.03204 -8.79532 -10.2158 -10.8357 -12.6806 -10.2563 -10.1198 -10.7206 -9.05329 -8.35838 -5.10355 -4.45483 -6.33172 -6.50854 -8.12087 -9.06952 -11.0689 -10.0291 -10.5235 -11.1373 -11.6926 -11.9562 -13.2386 -13.4969 -13.8113 -10.844 -9.95948 -12.2754 -11.9177 -14.7716 -15.5432 -12.7801 -12.2238 -9.53337 -9.24196 -10.1644 -9.79283 -8.76968 -8.84615 -8.0192 -7.39377 -5.66448 -6.44055 -8.83686 -8.0648 -10.0329 -11.7311 -11.4822 -14.1263 -14.28 -13.5286 -12.5883 -14.2074 -13.9956 -13.7502 -12.8206 -14.5342 -13.7748 -14.3611 -13.6678 -13.8001 -15.2804 -15.4395 -14.7934 -14.3279 -14.3537 -15.2346 -11.5726 -11.017 -11.0178 -9.72828 -8.91894 -7.98784 -5.6087 -6.55042 -7.37648 -5.33762 -6.8691 -5.24072 -6.04009 -5.88114 -3.92227 -5.76966 -6.62641 -5.53533 -3.70375 -4.78031 -6.32826 -5.73722 -5.899 -3.5307 -2.20754 -2.90153 -3.88955 -4.25624 -3.06941 -2.91905 -4.64209 -5.18519 -5.88474 -6.32209 -9.10222 -9.10222 -9.39482 -7.83022 -7.03249
 -9.55837 -10.8873 -13.8807 -14.1572 -13.2281 -11.8628 -8.60792 -10.09 -11.7412 -12.447 -12.0349 -12.2056 -12.8294 -11.6494 -11.2522 -11.387 -11.3885 -8.63336 -8.75279 -7.11886 -8.46459 -9.98189 -10.3622 -11.2457 -12.1598 -10.6535 -10.0478 -11.6926 -14.1822 -14.6154 -13.999 -13.8113 -11.294 -12.3057 -11.8265 -12.2056 -13.1496 -14.6429 -10.9621 -10.3335 -8.51686 -7.86828 -10.0994 -10.6015 -6.87856 -7.36666 -6.43111 -5.5548 -6.45825 -7.25616 -7.82925 -8.51179 -9.92725 -12.0949 -10.8004 -12.8982 -13.3063 -15.1435 -13.4096 -13.3236 -12.0145 -12.744 -11.5649 -12.0237 -15.0159 -14.476 -14.3663 -13.0633 -15.1807 -14.6928 -14.7738 -14.806 -15.2928 -13.8926 -12.8814 -10.9808 -11.7342 -10.1579 -8.77544 -8.70274 -7.28361 -6.58834 -6.62153 -4.42855 -5.76227 -6.44223 -6.35566 -5.95911 -5.51569 -6.07442 -7.27249 -7.27249 -6.76143 -5.85711 -6.16886 -7.30293 -6.17899 -4.65116 -2.65608 -2.90118 -4.90553 -4.99924 -5.49376 -8.24741 -7.80098 -8.3053 -6.3275 -8.26363 -9.1589 -9.10887 -10.7758 -10.1441 -8.12008
 -10.3664 -10.742 -11.7385 -11.6752 -11.9426 -11.0545 -7.69698 -8.71441 -11.5374 -11.9685 -13.704 -14.0468 -14.0923 -11.5911 -10.7032 -11.3715 -10.1634 -8.12965 -8.24908 -9.33637 -8.48278 -10.2626 -11.0798 -11.5894 -10.0396 -10.6436 -10.8357 -11.0223 -12.5911 -14.622 -13.3694 -12.438 -11.8045 -11.6182 -11.1804 -11.1602 -12.7128 -12.8319 -11.1986 -9.76041 -8.96518 -9.72987 -10.4375 -9.50772 -6.27784 -6.49204 -5.08629 -5.09934 -8.44752 -7.18317 -7.26553 -8.93277 -9.23519 -12.9759 -10.8004 -11.348 -10.5245 -10.8346 -10.0236 -11.5034 -10.3869 -12.744 -13.941 -12.4932 -14.1062 -14.3746 -15.6282 -14.5202 -15.0483 -15.0483 -14.0138 -14.5834 -14.0807 -15.4511 -13.4591 -10.5359 -10.491 -10.3044 -12.4804 -10.2338 -9.79671 -8.42766 -7.16317 -5.39588 -6.2998 -8.3817 -7.00174 -6.60519 -5.49709 -6.24 -7.27249 -7.27249 -6.76143 -7.25054 -6.25436 -6.02793 -6.27992 -5.51104 -5.51104 -6.54587 -7.02105 -8.31927 -7.92324 -7.77003 -8.63532 -7.09644 -9.57582 -9.20912 -8.81044 -8.82705 -9.87841 -11.6192 -8.80666
 -11.9064 -9.6912 -10.2499 -11.2482 -10.7513 -9.54592 -8.65217 -8.45085 -12.1489 -12.6592 -11.7189 -13.732 -14.4961 -12.6068 -11.6611 -11.4894 -10.1136 -7.54747 -8.02682 -9.78491 -8.51244 -11.1711 -10.2145 -9.7114 -10.375 -9.549 -9.08948 -9.77607 -10.37 -12.9611 -13.3397 -13.3315 -10.5202 -11.7112 -9.61236 -9.05082 -10.4146 -12.3 -10.003 -8.98485 -9.21495 -9.98933 -12.8231 -9.48044 -6.11798 -6.52544 -5.58941 -6.66466 -9.86613 -9.81864 -7.29561 -9.05636 -9.56861 -10.0449 -9.67635 -10.2455 -9.03932 -6.79757 -8.0258 -8.00857 -8.7872 -13.0219 -12.9711 -12.4727 -11.6127 -12.9904 -14.304 -13.7571 -12.5843 -14.0324 -13.9267 -15.8428 -16.3931 -16.4437 -13.5703 -11.8271 -10.741 -9.60632 -11.7113 -11.2219 -9.19533 -8.29782 -7.3203 -6.58507 -6.9994 -7.43283 -5.13451 -6.29171 -7.49494 -9.95856 -8.45718 -7.53134 -7.50939 -8.88935 -8.87103 -7.23108 -8.20144 -6.76069 -7.27677 -7.79219 -9.93505 -9.39224 -10.8673 -9.32846 -9.07168 -10.1135 -10.1981 -10.9296 -9.15084 -10.648 -10.1885 -11.2694 -11.669
 -9.55427 -7.78658 -8.71719 -10.0069 -7.38265 -9.56174 -8.44485 -9.92068 -11.0455 -9.32969 -11.9058 -13.8438 -12.0873 -9.81461 -10.0753 -10.0753 -8.73193 -7.47945 -8.02682 -9.78468 -10.9913 -10.7215 -10.0221 -7.87956 -8.22082 -9.08948 -8.63989 -9.32648 -10.6445 -12.814 -12.1888 -11.0271 -10.7793 -9.92412 -9.84288 -7.75896 -8.56486 -11.1574 -11.3822 -10.763 -9.1518 -8.80639 -11.4711 -10.1997 -7.29223 -7.15546 -7.40174 -6.92969 -10.0719 -8.07468 -9.27187 -9.70824 -9.36243 -10.3131 -10.6559 -10.4639 -9.59865 -9.19715 -7.42811 -8.49069 -8.65075 -9.18325 -11.6205 -11.1623 -11.3522 -12.8174 -13.8161 -13.2692 -13.7013 -13.5756 -15.5659 -13.6035 -14.5846 -16.3965 -13.0542 -13.0085 -11.8349 -11.8956 -12.9661 -10.459 -10.6267 -8.74332 -8.8669 -9.00024 -7.48087 -8.64353 -7.08083 -5.74461 -8.50403 -9.43763 -8.43493 -5.74098 -6.9174 -6.9287 -7.20413 -8.1833 -8.22383 -7.24855 -7.76464 -8.2813 -9.5662 -9.51791 -11.3552 -8.5854 -9.58776 -10.1135 -10.1981 -9.74459 -7.79953 -9.78456 -9.94141 -9.94141 -10.3884
 -8.43015 -8.52524 -5.9012 -8.23112 -8.05979 -7.85285 -7.86483 -8.60295 -9.78945 -8.37473 -11.0407 -12.5302 -13.0798 -9.1282 -8.18426 -9.13316 -10.4745 -7.64971 -8.845 -9.85052 -9.88635 -10.6196 -9.47494 -8.04999 -8.5345 -8.20992 -9.38971 -9.08331 -11.0676 -11.0313 -11.4776 -11.1566 -8.93504 -9.22175 -6.91523 -7.32448 -8.1356 -9.73587 -10.2662 -11.2215 -9.72489 -10.9342 -11.4776 -11.6693 -10.4721 -8.37058 -7.57378 -7.72375 -9.58927 -9.28981 -9.90083 -10.7798 -10.9329 -10.4297 -10.5151 -10.6029 -8.98288 -6.97796 -6.20732 -6.4775 -6.42852 -10.0096 -11.0709 -11.1229 -10.5586 -10.3753 -13.8161 -13.7013 -13.7013 -14.4098 -14.487 -14.6231 -15.2812 -15.2812 -13.9693 -13.2593 -12.2845 -11.9579 -11.4646 -10.9235 -11.5714 -10.7215 -9.73219 -8.49579 -7.91822 -9.69514 -9.05913 -7.33512 -7.76725 -8.46298 -8.02564 -8.38086 -7.38688 -8.65987 -8.08986 -9.13495 -7.66996 -7.24855 -7.76464 -8.08028 -9.18016 -9.50585 -9.72891 -9.76072 -9.86033 -9.45731 -8.90519 -9.09323 -7.57176 -9.05307 -10.4058 -10.8436 -10.1247
