# name: MAT
# type: matrix
# rows: 69
# columns: 132
 -5.12882 -7.80137 -9.10222 -11.9859 -13.2698 -13.6879 -13.1631 -11.5804 -10.6039 -8.56845 -5.6148 -5.48037 -6.50163 -7.96307 -8.15364 -7.11733 -5.3497 -5.32958 -5.53225 -6.04578 -3.43643 -4.23222 -4.03921 -4.33758 -5.93792 -5.34685 -8.00357 -8.11721 -6.50775 -7.47275 -7.13408 -8.50781 -7.50016 -6.99053 -6.51907 -6.72322 -6.2287 -9.21757 -7.58883 -5.56984 -9.22524 -8.25725 -7.80892 -6.50152 -6.21104 -5.97123 -7.92873 -6.15314 -7.16799 -6.86582 -7.85913 -8.5052 -10.1296 -9.03254 -11.0841 -11.3769 -12.6434 -13.3348 -10.7599 -12.788 -11.7447 -11.8312 -13.3264 -14.6803 -16.3672 -13.3826 -11.5989 -10.9154 -10.8909 -11.3064 -12.8326 -12.4277 -13.6536 -12.9405 -12.2075 -10.732 -9.83608 -8.71118 -7.28046 -5.59946 -6.06197 -6.33856 -6.46791 -5.6685 -6.45582 -6.53998 -7.66966 -9.88691 -9.43662 -8.77687 -7.46831 -6.48235 -7.5966 -8.88111 -6.69362 -9.27667 -8.75195 -9.36833 -11.9528 -10.9827 -11.6562 -10.9455 -10.7942 -11.7474 -11.5312 -13.0909 -10.5666 -10.5523 -10.7015 -11.1294 -11.624 -9.87504 -9.28158 -6.11418 -8.73604 -8.63997 -6.99258 -6.2664 -6.79926 -4.60114 -6.23702 -4.59453 -6.73196 -7.23952 -6.59284 -6.59284 -5.4108 -7.94974 -7.44618 -6.78047 -7.10156 -5.20797
 -5.02114 -5.88573 -6.80627 -12.4395 -13.026 -12.6117 -11.1257 -10.0717 -8.98277 -7.88881 -7.73271 -7.56024 -8.56411 -9.01355 -7.73765 -6.76318 -7.08029 -8.38146 -7.58366 -4.97784 -5.5527 -5.4058 -5.5649 -4.26687 -5.45665 -5.5255 -8.81446 -8.75348 -6.96562 -5.43619 -6.14792 -5.98511 -8.48994 -6.94283 -6.13127 -6.49837 -6.46858 -7.07269 -8.82398 -8.25744 -8.66541 -9.25916 -8.83515 -7.4365 -8.3872 -7.2913 -8.39409 -9.11416 -8.42734 -8.77973 -7.36527 -7.53405 -8.96611 -10.8248 -11.3149 -13.4256 -12.6238 -12.4406 -10.7403 -9.46191 -9.40823 -8.97215 -11.5898 -13.1306 -15.3885 -13.8843 -11.0277 -11.5208 -12.0942 -10.4318 -11.3276 -11.1963 -13.2456 -13.3944 -13.1373 -10.9892 -10.4592 -9.98832 -6.77083 -6.63952 -7.40006 -7.97618 -7.65894 -6.62514 -8.70961 -7.2544 -8.87911 -9.90963 -10.8259 -8.96063 -7.46831 -6.48948 -8.31541 -6.93282 -8.83198 -8.83198 -9.25796 -10.6287 -13.3183 -12.7118 -10.9064 -9.77209 -9.58134 -12.6344 -13.1223 -13.2335 -13.1672 -11.7895 -10.7015 -10.7015 -10.1544 -12.1681 -10.8096 -8.39165 -6.32931 -6.32624 -5.01143 -5.539 -6.1354 -6.42085 -6.58543 -6.23601 -7.23315 -8.00608 -9.02078 -8.2586 -7.39331 -7.15096 -8.09893 -9.64996 -7.80986 -7.36772
 -3.37932 -5.39476 -10.241 -9.80875 -12.776 -13.9989 -12.322 -9.93212 -7.66115 -9.11461 -8.80594 -9.56551 -9.54531 -8.49894 -7.27618 -6.3174 -6.39717 -8.92601 -8.62517 -7.88356 -5.48179 -5.48179 -5.04102 -4.73715 -6.09041 -6.66889 -7.31229 -7.31812 -6.04723 -6.49556 -5.33782 -4.69391 -5.42177 -6.24197 -6.98314 -7.07138 -7.57902 -7.57902 -8.25593 -10.3566 -10.2421 -7.99597 -8.54426 -7.50169 -7.53328 -8.4129 -8.52268 -10.0199 -9.59385 -8.30768 -6.19049 -8.07436 -9.84626 -8.50296 -9.45519 -11.0781 -9.94163 -10.8376 -10.2718 -10.5457 -10.3889 -8.47049 -8.47954 -12.8246 -12.9883 -11.7136 -9.56179 -10.5048 -10.5048 -10.6139 -10.8761 -14.2368 -11.6372 -13.2977 -14.08 -14.3035 -13.2844 -9.80246 -7.22244 -7.22244 -7.29669 -6.8832 -8.20252 -8.69846 -8.44145 -7.98611 -8.99962 -9.49454 -10.5497 -9.24716 -7.1942 -6.07895 -6.60293 -9.7914 -9.53667 -10.1086 -9.56121 -9.15755 -11.2327 -10.8271 -11.106 -10.5122 -10.4752 -11.5683 -12.5938 -12.6526 -13.8771 -12.8874 -12.3996 -11.8295 -11.7199 -12.1843 -11.0946 -8.4861 -7.91781 -5.54929 -5.60783 -6.79727 -7.74773 -6.91296 -6.52216 -6.13125 -6.19537 -7.15462 -9.29303 -8.89425 -8.89425 -8.0829 -9.7576 -9.15655 -8.42238 -8.46916
 -1.23936 -3.97899 -8.65415 -8.66667 -11.0794 -13.3347 -11.5459 -10.9857 -8.37772 -8.83646 -9.32025 -8.41788 -9.99019 -8.34808 -7.68327 -8.57056 -7.58 -9.29821 -9.3901 -9.4815 -7.97867 -7.77504 -6.86992 -4.393 -4.95166 -4.95166 -6.91966 -6.25365 -5.7328 -4.22324 -3.22001 -5.03094 -3.55804 -6.86709 -9.07859 -9.04841 -8.58888 -7.53331 -8.76556 -8.93747 -10.2504 -9.32358 -9.16064 -6.20684 -7.23156 -6.98295 -8.74399 -9.50387 -7.02339 -7.36295 -6.66786 -8.72492 -9.73445 -8.0491 -10.1026 -10.567 -11.0781 -12.1979 -10.5044 -9.60848 -9.45163 -9.07691 -9.82947 -10.4256 -11.1857 -12.6419 -10.0286 -10.4178 -10.888 -12.127 -11.2592 -14.0591 -12.506 -13.7338 -12.7852 -13.3662 -13.0405 -9.62389 -8.20658 -7.6872 -6.49243 -6.8832 -8.65143 -8.10205 -7.71268 -8.62151 -9.04496 -9.9084 -9.00158 -9.91789 -8.99526 -9.468 -8.49878 -7.59535 -7.63695 -8.46265 -9.56121 -9.56121 -11.5751 -11.3976 -9.56165 -10.0617 -10.1616 -10.7436 -11.2588 -12.2699 -12.8253 -11.8034 -11.8742 -11.8742 -10.9984 -9.89484 -8.38622 -8.85687 -7.90559 -7.59179 -7.62666 -7.70005 -8.36889 -7.74529 -7.19325 -6.66374 -7.8322 -8.72474 -9.27855 -8.428 -8.20538 -9.23759 -10.9838 -8.5142 -9.99149 -8.42127
 -0.719173 -3.54591 -6.30595 -8.62748 -10.1209 -10.82 -13.0255 -11.2969 -11.2359 -9.47924 -8.01322 -9.33484 -10.0084 -9.48177 -9.32448 -10.5548 -8.1105 -9.8579 -8.88157 -10.2707 -10.6442 -7.07714 -8.25985 -6.02706 -6.7145 -5.4668 -6.85377 -5.81581 -5.26844 -2.30733 -3.88565 -5.49619 -4.73553 -7.734 -9.2005 -10.5496 -10.09 -9.34148 -10.7905 -8.93747 -8.40485 -7.93464 -6.10105 -7.46027 -5.91165 -8.42979 -7.65201 -8.34934 -5.6072 -6.93501 -6.66786 -9.38869 -9.01751 -9.54245 -10.0704 -10.567 -9.70356 -11.1908 -10.5214 -10.4842 -10.7003 -10.7706 -11.8256 -9.69191 -11.3679 -12.1042 -11.0675 -11.7199 -13.3245 -13.7688 -12.5335 -12.5731 -12.4039 -12.1684 -12.7432 -11.5469 -10.3886 -11.2849 -9.06673 -8.64574 -7.64946 -4.07044 -9.80845 -9.49259 -7.16833 -6.57728 -8.44855 -8.80984 -8.94727 -8.44356 -8.5041 -9.48794 -8.15226 -7.27398 -7.13118 -6.61012 -8.26327 -11.272 -10.8979 -10.2017 -10.8334 -9.56148 -10.8254 -10.7436 -9.78264 -10.3442 -10.6706 -10.7021 -11.6554 -11.4178 -10.466 -8.9129 -8.97564 -8.64054 -8.6775 -7.08808 -7.68784 -7.87916 -7.91998 -6.46968 -5.60623 -6.58874 -4.45975 -6.50522 -9.02947 -6.71299 -6.71299 -8.35673 -10.1187 -9.75536 -10.1744 -9.78952
 -1.85985 -3.29339 -6.56036 -8.78726 -10.3677 -11.0055 -11.6884 -12.1369 -10.9954 -9.98083 -7.48006 -7.97336 -9.78409 -9.53177 -10.1091 -9.98277 -7.6858 -8.94995 -10.7035 -13.0198 -12.0189 -9.39219 -6.10763 -8.10003 -6.93205 -6.49024 -5.9162 -3.8522 -2.49284 -3.28489 -4.92437 -5.78165 -6.15702 -8.02631 -8.58241 -10.8203 -10.2806 -9.16453 -10.7362 -9.06223 -8.92883 -7.19274 -7.58315 -7.50963 -6.22945 -8.68964 -9.00564 -10.634 -9.39983 -9.3525 -9.61006 -9.38869 -10.697 -9.85865 -8.17844 -8.57357 -9.0832 -10.3677 -11.0066 -11.6502 -14.025 -12.8839 -12.3622 -10.2022 -10.8501 -11.4399 -11.7523 -11.7897 -12.2397 -13.1079 -13.1415 -12.1612 -13.2647 -12.7284 -11.1245 -10.3095 -10.9953 -9.58474 -9.16074 -7.55644 -8.71474 -6.45479 -8.02058 -7.6452 -6.07344 -4.79613 -5.24782 -8.30509 -9.49051 -9.05532 -10.3119 -8.93878 -6.7372 -6.09965 -5.37244 -6.11456 -6.56542 -9.59073 -10.883 -10.742 -11.4333 -11.3199 -11.6826 -9.00068 -8.5041 -9.75957 -10.6627 -10.5884 -9.9053 -10.9894 -10.4733 -10.8679 -10.9367 -8.54846 -8.6775 -6.2423 -4.73781 -7.95529 -7.00349 -5.97773 -6.93043 -6.9467 -5.419 -5.98193 -7.41714 -7.19037 -6.81977 -8.33985 -10.0925 -10.8092 -10.8192 -9.32403
