# name: MAT
# type: matrix
# rows: 74
# columns: 126
 -10.0181 -10.2153 -10.3371 -11.7418 -11.7418 -11.7418 -13.0635 -14.6866 -14.6866 -15.9807 -14.4154 -14.9864 -14.2587 -14.8479 -14.5031 -14.644 -14.7667 -13.4662 -13.9903 -15.3452 -15.3452 -13.6755 -13.31 -11.9104 -11.3346 -8.90469 -8.46604 -8.5106 -10.6469 -10.0299 -9.99388 -9.44896 -9.03363 -9.20947 -9.31109 -10.1609 -11.6115 -8.56528 -10.9076 -8.94561 -8.94561 -10.3223 -11.0441 -11.2821 -9.14593 -8.15495 -9.45435 -9.30504 -12.8177 -13.6414 -12.4724 -11.9971 -12.0067 -13.6928 -14.7051 -14.2013 -13.6133 -14.823 -14.823 -13.7538 -12.7355 -9.91058 -8.72419 -6.56836 -3.64446 -8.34358 -8.52211 -7.72142 -8.34898 -9.3348 -9.32901 -13.1576 -13.1576 -15.2314 -12.2965 -10.4414 -8.65923 -11.5915 -13.9145 -14.518 -12.6611 -12.6464 -12.6464 -12.1107 -13.0037 -12.053 -12.6535 -12.0982 -10.8493 -9.81452 -13.7483 -12.2582 -12.6624 -11.1575 -9.36605 -7.73274 -6.38415 -7.92844 -10.4234 -10.7495 -10.0889 -10.9635 -14.4046 -10.3202 -9.91207 -9.55511 -10.0157 -6.90685 -10.0609 -11.6338 -11.7285 -12.3923 -10.4849 -10.8698 -8.97987 -12.0696 -12.5428 -13.2953 -11.7445 -11.5643 -10.5429 -10.6463 -10.0492 -8.11002 -8.31938 -8.05615
 -11.2874 -9.89921 -11.0685 -11.1527 -11.7418 -11.1527 -12.1548 -13.1524 -13.9827 -13.9798 -14.6125 -14.8298 -13.5721 -13.2578 -13.5022 -14.5829 -15.0283 -14.3733 -13.2295 -14.3485 -15.4875 -14.8391 -13.7564 -11.8801 -11.3042 -9.59038 -8.96627 -8.47497 -8.70574 -9.4778 -9.4778 -9.92634 -9.05172 -9.25915 -10.1643 -8.94973 -7.97132 -7.67076 -9.06531 -7.97633 -9.23396 -9.13174 -7.17724 -8.10889 -6.66691 -9.61892 -9.79669 -10.7068 -11.6927 -13.0316 -12.5633 -10.427 -12.0203 -12.943 -14.7034 -15.3404 -15.5976 -14.3586 -14.3586 -11.8702 -12.5594 -12.5594 -11.373 -8.50054 -4.83091 -5.09794 -8.34248 -8.07114 -8.90432 -8.68641 -8.8649 -9.3569 -9.84476 -10.4781 -10.3239 -10.2394 -7.51819 -8.65461 -11.6446 -10.6286 -11.9313 -11.1875 -11.0006 -10.6391 -12.5174 -13.1375 -11.5547 -9.73563 -10.0694 -9.28652 -13.365 -11.9259 -11.0878 -11.7326 -8.49192 -7.1812 -6.69358 -8.26507 -9.61532 -8.0013 -10.6954 -9.37375 -11.5461 -10.0041 -9.63235 -10.4888 -10.3388 -10.0919 -10.4282 -11.0465 -11.7285 -11.7266 -10.2688 -10.8028 -12.1902 -12.0696 -11.8772 -13.2953 -12.4982 -10.4835 -11.2164 -11.1408 -9.09845 -8.71013 -8.53619 -10.5851
 -10.8075 -10.4239 -11.6774 -11.1527 -11.63 -11.0908 -11.0994 -11.4751 -10.9977 -10.9948 -11.6411 -13.9873 -13.1508 -10.8398 -14.1344 -12.7544 -12.1182 -11.9044 -14.2689 -13.7588 -15.317 -14.1068 -13.6634 -12.404 -9.93647 -9.63469 -8.69343 -7.11651 -6.56459 -8.95382 -9.92634 -9.05172 -9.50167 -9.95424 -10.1643 -8.94973 -8.39438 -7.51688 -8.72898 -6.55379 -5.82564 -8.29511 -8.27923 -7.69906 -6.90907 -8.2832 -8.96496 -10.1829 -12.2291 -14.0839 -14.26 -11.5983 -10.9612 -13.449 -14.3423 -13.4387 -14.7517 -14.2595 -14.2595 -14.5245 -12.5594 -12.0681 -8.73445 -5.4887 -4.4149 -3.52358 -6.97819 -8.20763 -8.91835 -9.33416 -9.20437 -7.8899 -7.99082 -9.05342 -7.96439 -7.30547 -5.2868 -8.733 -9.07978 -9.85784 -10.2416 -10.112 -10.8758 -11.1034 -11.4073 -12.53 -10.6015 -9.23905 -10.0694 -11.809 -13.6343 -11.2468 -11.0278 -10.5148 -5.39298 -6.33928 -6.80242 -6.91529 -5.80024 -6.61046 -8.50863 -9.19758 -10.8434 -10.7939 -12.1572 -12.0918 -12.3188 -12.5556 -9.92605 -10.5443 -11.7177 -11.1939 -11.3274 -11.3769 -11.6201 -12.4431 -12.4825 -11.6609 -10.7595 -9.96329 -10.6463 -10.1901 -10.1629 -10.0798 -9.64415 -10.0369
 -12.5649 -11.7014 -13.0846 -11.3457 -10.3927 -9.87659 -10.0143 -10.0143 -11.5085 -11.0282 -10.1131 -9.70953 -9.84557 -11.4466 -12.849 -10.945 -10.3087 -10.6544 -10.1245 -13.3353 -11.0864 -12.0598 -11.4227 -9.19198 -8.94047 -8.73613 -7.79488 -7.79972 -6.69973 -8.54468 -8.99322 -9.50167 -8.01418 -10.4197 -10.9117 -10.2754 -8.65068 -9.65699 -6.8093 -8.0009 -6.04323 -5.45901 -4.29722 -5.53284 -6.52194 -6.30267 -7.86384 -10.6996 -13.396 -14.0601 -15.2372 -11.5263 -10.9753 -13.2959 -15.9497 -15.8789 -14.7787 -13.2256 -14.9826 -13.2579 -13.0616 -10.8878 -9.30518 -5.66594 -3.86753 -4.03898 -4.81849 -6.33962 -6.95161 -7.37422 -10.9635 -8.85912 -5.828 -5.98728 -6.31136 -6.18094 -7.17817 -8.70435 -10.7047 -9.99663 -8.05572 -8.67554 -10.3778 -10.2764 -11.2333 -12.4117 -10.3055 -8.74774 -10.541 -11.809 -12.1899 -10.2172 -9.81635 -10.7594 -6.90269 -4.42784 -5.73638 -3.91195 -4.4003 -4.53855 -6.86685 -9.02402 -7.51893 -11.0136 -10.1366 -12.6246 -13.2771 -14.3085 -11.1229 -12.9233 -12.7729 -11.0071 -11.5036 -10.8361 -11.5478 -11.7816 -12.2197 -12.2096 -11.0499 -9.96329 -8.9977 -9.49222 -10.1277 -9.49062 -9.05497 -9.8084
 -11.105 -11.7014 -10.4307 -9.01147 -8.56293 -9.42805 -9.93021 -10.0143 -10.3701 -9.95709 -10.2574 -10.1861 -9.35792 -12.2803 -13.6828 -12.7321 -11.5437 -13.0489 -12.5404 -13.9202 -11.7438 -12.2469 -11.6451 -10.2255 -9.70155 -9.79657 -8.0559 -7.17155 -6.84854 -10.1847 -10.1847 -9.86079 -8.60176 -9.43414 -8.15179 -10.456 -9.78069 -9.65855 -8.04562 -6.93274 -6.00447 -6.0084 -4.8747 -7.44386 -8.28075 -7.70984 -8.71667 -11.7375 -13.5297 -14.4894 -12.466 -12.429 -11.4263 -13.0703 -14.8409 -15.4533 -15.8252 -15.9197 -16.6326 -12.5976 -11.7676 -10.8533 -7.58138 -7.20291 -3.46815 -5.92379 -6.75292 -6.49686 -7.134 -6.56036 -6.35862 -6.74547 -7.33374 -6.36634 -6.22494 -6.55492 -8.64495 -9.51024 -9.39698 -10.6427 -8.63415 -6.74726 -7.55316 -7.82366 -10.7296 -9.80435 -8.78058 -9.25499 -10.1625 -10.3218 -9.90261 -10.2051 -8.75002 -9.04128 -6.2568 -6.75991 -6.2609 -4.63551 -5.73459 -6.20916 -5.57653 -4.8316 -6.83953 -10.9421 -11.1047 -11.0601 -12.9551 -12.277 -13.7315 -13.7429 -12.0265 -11.8705 -11.8746 -12.1408 -12.227 -10.5306 -12.5449 -13.3879 -11.7495 -10.0021 -8.48664 -8.48664 -10.3702 -8.62763 -9.12796 -8.99916
 -10.6137 -8.96914 -9.56554 -8.58945 -8.12509 -8.56293 -9.06509 -10.5826 -10.5797 -8.47126 -7.35166 -8.97394 -9.67927 -12.3174 -12.8176 -11.6717 -11.6319 -13.5729 -11.8762 -11.3102 -12.6447 -12.893 -12.9283 -11.5087 -10.0526 -8.34919 -9.46876 -7.94797 -9.25717 -8.09517 -9.97987 -9.14905 -8.33344 -9.01244 -8.5576 -9.88346 -12.3972 -9.53543 -10.0506 -7.98162 -8.01624 -6.01185 -5.92081 -8.70157 -8.6973 -9.11161 -9.58196 -10.4022 -14.4952 -14.986 -13.2699 -11.981 -11.6844 -11.4473 -14.1444 -17.3364 -17.2697 -18.4992 -17.3602 -14.0367 -12.3304 -10.6748 -8.12552 -6.84336 -5.68605 -7.1616 -6.30701 -7.76909 -8.15723 -7.03099 -7.66722 -8.61984 -8.83988 -7.45256 -8.49804 -8.94948 -7.73323 -9.51024 -9.90804 -9.34841 -7.82771 -5.94083 -6.17898 -6.20172 -7.70492 -8.89004 -9.12832 -8.62806 -8.52132 -9.39699 -9.19149 -9.26353 -8.77177 -9.24347 -8.42497 -7.42455 -5.91849 -5.45413 -5.45413 -5.81801 -5.29785 -6.88196 -5.89833 -9.53088 -11.9856 -10.2741 -12.0138 -11.8575 -12.9958 -13.2288 -12.256 -13.783 -11.7032 -11.8646 -11.6543 -12.5409 -12.9393 -13.4402 -9.08383 -9.49108 -8.98796 -9.38006 -9.38226 -9.73919 -9.74845 -6.4294
 -7.50284 -7.0543 -8.6257 -8.09814 -8.09814 -8.12509 -7.28005 -8.44647 -7.95861 -7.48028 -6.6874 -8.93646 -11.1236 -12.2331 -12.2822 -12.2822 -12.2822 -11.0838 -11.709 -10.6221 -10.6221 -9.91684 -10.558 -10.2629 -8.83655 -8.55647 -9.19274 -8.70872 -9.21784 -9.91811 -8.1676 -9.61699 -8.28485 -10.1694 -10.8573 -11.9451 -9.77738 -7.80543 -9.42494 -9.66452 -9.72336 -7.64957 -7.1257 -6.36717 -6.36904 -8.1362 -10.536 -13.0669 -12.7483 -13.8121 -10.7703 -10.971 -9.24699 -11.548 -13.2024 -16.3884 -17.5279 -16.0304 -17.1744 -13.924 -12.4491 -11.0831 -9.91789 -9.37301 -9.96942 -9.37355 -8.02173 -9.43779 -8.97423 -9.01896 -8.89527 -11.6237 -11.0865 -12.5983 -10.3055 -8.51145 -8.25721 -8.63103 -9.17143 -9.75212 -9.03274 -8.57329 -6.00742 -6.00742 -5.23082 -6.58405 -6.62682 -9.67748 -8.28278 -8.73273 -7.88538 -7.47757 -9.50179 -9.62655 -9.81178 -6.88236 -5.5198 -4.55173 -2.83032 -5.49959 -5.53743 -7.80656 -8.2837 -9.93231 -9.82942 -10.6927 -9.51305 -10.7068 -14.2661 -13.5018 -11.326 -11.4313 -11.4313 -11.844 -12.3546 -13.0394 -12.2416 -10.7263 -9.80103 -9.94617 -9.45277 -8.73769 -8.39011 -8.39011 -7.60258 -8.61621
