# name: MAT
# type: matrix
# rows: 69
# columns: 135
 -8.41276 -8.53012 -8.34317 -7.89464 -7.90294 -5.4495 -4.92478 -3.42316 -1.79365 -2.45437 -2.81157 -1.69977 -1.55236 -2.33615 -4.99609 -4.37911 -6.98881 -4.93023 -5.33515 -4.89339 -4.38752 -4.76529 -5.93762 -5.85477 -5.85477 -6.95278 -2.50609 -0.860477 1.64956 0.291594 0.762979 0.493371 -1.49906 -2.09917 -2.07531 -0.853832 0.421867 -1.36705 -2.05721 -1.96527 -1.31601 -2.2591 -3.54494 -1.94041 -1.45789 -0.482476 -1.89714 -1.74204 0.318759 0.807869 -1.4606 -0.338753 -2.36742 -1.91107 -2.67025 -3.79688 -4.17987 -3.54526 -5.57011 -5.62053 -4.98081 -4.74633 -5.61428 -1.65212 -1.72357 -3.95067 -1.68575 -2.51387 -4.94748 -3.51965 -3.8614 -5.77158 -7.17875 -9.13482 -8.94655 -7.26716 -5.03703 -5.01668 -5.1945 -5.2516 -5.2042 -4.36155 -5.83176 -5.39589 -4.75883 -4.18416 -5.02001 -7.12803 -6.6275 -6.44203 -7.59701 -7.6197 -9.39284 -10.0085 -11.9011 -12.5472 -13.8825 -15.8082 -17.3627 -17.7444 -16.6705 -17.1479 -18.0093 -16.7441 -15.2348 -14.4367 -13.9726 -13.4119 -12.8792 -13.0883 -13.8198 -12.3567 -11.7976 -11.1152 -11.275 -11.0567 -10.9496 -10.777 -9.7781 -8.96127 -8.12933 -10.8315 -9.92913 -11.7806 -11.6851 -11.0113 -10.2563 -9.75318 -10.8405 -12.7875 -11.135 -11.3982 -10.5368 -8.63078 -8.63029
 -7.66894 -7.66302 -7.99701 -6.29028 -6.98797 -7.10268 -4.719 -3.20732 -1.55003 -3.10198 -0.605153 -1.00877 -0.623629 -2.96648 -4.0232 -4.86512 -5.37421 -5.4535 -5.41613 -5.47742 -4.75904 -4.17204 -4.70268 -5.74833 -5.51225 -4.84102 -2.66076 -0.879833 0.889369 1.13484 2.53909 0.155889 -2.46821 -2.42776 -0.831304 -0.408965 -0.115289 1.19811 -2.46763 -2.40403 -1.63235 -2.91491 -2.40891 -2.45555 -1.31077 -1.47135 -1.23739 -2.62159 -1.25031 -1.69121 -0.769742 -1.90123 -4.52727 -4.51101 -5.40833 -5.38971 -3.33126 -4.15915 -6.21357 -7.59663 -6.01895 -6.8558 -5.12867 -2.18338 -1.50898 -1.62144 -2.49466 -1.32108 -2.92199 -2.82278 -3.80117 -7.18004 -8.15226 -6.71485 -8.4482 -8.92728 -7.39216 -7.41237 -7.07222 -5.79398 -4.51085 -5.09356 -3.59785 -2.9774 -4.20714 -3.49182 -4.1669 -4.25908 -6.18847 -6.85256 -8.07919 -7.30363 -6.67595 -8.79232 -9.37335 -11.9161 -13.2365 -15.8082 -16.3291 -17.6955 -18.2656 -17.6617 -17.4014 -15.3558 -13.8319 -14.4086 -11.3029 -11.1872 -12.3748 -13.3468 -13.3753 -11.1339 -10.0758 -10.5254 -11.9559 -12.6044 -13.1517 -13.2429 -11.3254 -9.61407 -9.52732 -10.1628 -12.2776 -12.0415 -12.7958 -12.3185 -12.4889 -10.4499 -10.4359 -11.1707 -10.7929 -10.1447 -9.28337 -8.10809 -7.51713
 -6.02488 -6.37634 -6.53715 -5.92535 -7.04339 -6.78197 -6.3148 -3.85581 -3.72211 -4.09656 -3.81003 -4.42995 -5.5481 -4.59467 -5.55151 -5.48017 -6.09497 -5.63893 -6.1068 -5.41727 -4.48344 -4.6831 -4.7721 -6.07834 -4.09903 -5.12247 -3.66766 -1.3965 -0.702682 -0.125813 2.05049 -0.275188 -0.817089 -3.74973 -0.936695 -0.741821 -1.86737 -1.86737 -2.29594 -2.23234 -4.65851 -3.8817 -2.93627 -2.41476 -1.65357 -1.21573 -1.46233 -2.63347 0.032614 0.191537 -0.0382576 -1.99682 -3.30667 -4.29618 -5.66326 -4.65812 -5.48203 -7.86224 -8.05812 -6.67888 -6.78282 -5.80061 -2.48645 -3.26963 1.4909 -0.253782 -0.271579 0.156357 -1.1016 -0.976584 -3.38082 -5.11002 -7.70335 -7.89076 -8.26987 -9.08921 -10.0861 -7.3914 -6.02806 -5.29767 -4.72758 -4.06194 -5.15711 -4.78243 -4.03608 -2.13343 -2.18323 -2.28311 -2.43103 -4.32488 -7.49952 -5.48217 -4.95626 -6.01892 -8.27346 -11.4059 -11.9135 -13.9697 -15.3643 -15.8852 -16.7499 -17.6134 -15.9131 -15.9281 -13.8745 -13.8863 -12.854 -11.1422 -12.8392 -13.161 -12.3417 -11.6475 -9.05104 -9.33258 -10.9494 -11.372 -12.1675 -11.321 -10.7089 -10.325 -9.23023 -9.20132 -11.3393 -12.3155 -12.6742 -12.3185 -11.4533 -11.3692 -8.44015 -7.67949 -8.54039 -7.92728 -7.50824 -6.0256 -5.52127
 -4.99139 -5.92273 -6.91064 -5.88755 -8.05053 -6.74417 -7.24633 -5.53505 -6.65899 -6.09578 -4.70764 -5.83546 -6.72289 -6.5449 -5.39131 -4.97876 -5.40102 -4.82804 -3.88975 -5.05453 -4.9579 -3.64918 -4.41564 -4.62506 -5.38543 -5.53246 -3.70594 -1.91937 -1.21478 0.282662 -0.376064 -0.460025 -0.386565 -3.50531 -1.23655 -1.83653 -1.31543 -2.36412 -3.73404 -3.9943 -4.0621 -3.32976 -2.41225 -3.65767 -1.54178 -1.48702 -2.12407 -3.548 -0.463842 0.121533 1.20205 -1.14567 -3.83201 -4.86587 -4.54112 -4.71329 -7.13264 -8.22114 -7.22673 -5.88675 -6.56925 -4.26248 -0.977394 -1.20523 0.294183 0.647379 1.55136 -0.507419 -0.949764 -0.779749 -2.50814 -5.29272 -7.14462 -8.36813 -7.64523 -7.68456 -7.3989 -7.15712 -4.84452 -4.38365 -3.76135 -2.37995 -2.99813 -2.77057 -3.47113 -1.81596 -0.600594 -1.82041 -2.85505 -2.42409 -4.03553 -2.98653 -3.4639 -4.48361 -6.39874 -9.46576 -10.7184 -13.0438 -13.4449 -15.4065 -15.9766 -14.9791 -15.7771 -14.8186 -13.8745 -13.7782 -12.1659 -10.5538 -11.6417 -11.5315 -12.2126 -10.7003 -10.011 -9.79806 -10.7128 -9.63442 -9.62739 -8.28996 -9.4317 -9.95642 -8.73993 -8.73993 -9.94606 -9.94606 -9.89089 -11.8091 -12.6725 -11.534 -8.58197 -7.62454 -8.69735 -7.7441 -3.90223 -4.92899 -4.63299
 -5.99155 -6.14195 -6.55345 -5.56232 -7.4893 -7.12955 -7.60035 -5.73969 -7.74408 -6.57787 -5.70974 -6.50194 -6.26695 -5.05988 -4.91207 -3.83503 -5.10408 -6.34354 -4.20348 -3.79433 -2.36448 -2.73209 -4.5501 -6.49717 -6.34807 -6.44424 -4.58753 -2.55067 -0.679756 -0.50542 -0.817677 0.211371 -1.1261 -1.69678 -2.32279 -2.30626 -2.73313 -2.85471 -4.54471 -4.54471 -5.63021 -4.84697 -5.6002 -5.75292 -3.88072 -3.15145 -3.17053 -2.48351 -0.303797 -0.912014 0.1133 -1.6785 -1.9853 -4.79315 -3.98043 -5.71726 -6.12118 -6.13478 -7.36928 -5.63621 -4.73928 -3.51798 -0.870956 -0.922651 -2.20771 -1.77925 2.1006 2.74668 1.65132 1.52901 -2.14835 -4.83719 -6.49855 -8.13627 -7.14391 -7.10339 -7.51692 -6.09178 -4.05993 -3.75583 -3.68706 -4.13701 -4.77766 -3.45868 -2.02472 -0.871708 -0.219265 -1.14873 -2.84715 -1.21199 -0.449347 -3.47564 -3.51888 -3.96847 -5.68298 -7.38751 -10.4002 -13.165 -13.5661 -14.621 -15.753 -14.6692 -13.5063 -12.9428 -13.2279 -13.3461 -11.0975 -10.1217 -9.64776 -11.38 -11.0167 -11.0109 -9.39217 -8.9464 -8.33646 -9.52899 -8.6921 -9.12704 -8.3137 -9.95642 -9.91013 -10.1551 -9.64575 -10.5162 -9.98237 -11.3487 -11.5767 -10.6254 -8.69185 -8.23013 -6.28641 -6.86643 -5.56124 -3.85484 -3.54237
 -6.5201 -6.54615 -6.08325 -6.23186 -7.47723 -7.5704 -8.16307 -8.27558 -8.80896 -6.69061 -7.36217 -7.27993 -6.7323 -6.21167 -3.85273 -2.24111 -3.8466 -5.24607 -3.78644 -4.3738 -1.45413 -2.28985 -4.59187 -6.34153 -7.05137 -6.3833 -6.18273 -3.43181 -2.29864 -3.11466 -3.06186 -0.435172 -1.65498 -3.13742 -2.99853 -3.72451 -4.16235 -5.74746 -6.62915 -6.12543 -6.18479 -4.96371 -5.49471 -7.32767 -5.12322 -3.67015 -2.74041 -3.05007 -1.53016 -0.441497 -0.23099 -2.05012 -2.81501 -3.54305 -3.84089 -4.99845 -5.64033 -6.45422 -7.55144 -4.74048 -3.95131 -2.47707 -2.88093 -0.922651 -2.16094 1.42941 2.5561 3.71316 1.47122 1.05476 -0.826945 -0.525421 -5.67627 -6.28028 -6.22977 -6.86839 -6.49805 -6.41926 -3.98846 -4.20102 -4.70234 -3.61559 -2.99473 -3.44468 -6.27445 -2.11763 0.367828 0.047902 -1.32828 0.755213 -0.504322 -1.28404 -2.57715 -4.0274 -4.53052 -6.67033 -9.87553 -11.6801 -13.2104 -13.2146 -14.1896 -14.3588 -11.7375 -11.4098 -11.7957 -13.2112 -11.5988 -10.195 -8.68385 -10.5283 -9.31773 -9.50696 -9.03792 -7.40054 -8.01763 -8.7795 -8.6921 -9.18341 -8.86547 -8.30877 -10.1189 -9.25267 -8.74335 -8.74335 -11.0486 -11.9326 -10.2158 -10.6169 -8.04385 -9.39788 -7.20872 -6.82184 -3.82139 -3.83445 -2.96916
