# name: MAT
# type: matrix
# rows: 57
# columns: 65
 -7.95567 -7.79198 -7.54527 -7.24919 -8.19287 -6.64264 -6.78848 -7.38391 -8.08163 -8.40851 -10.2728 -7.5979 -7.27256 -7.38243 -6.42044 -7.57625 -7.73382 -11.1743 -14.9453 -13.6928 -14.8612 -11.2221 -8.75815 -7.14751 -5.93379 -6.01287 -6.44347 -4.83202 -5.5501 -5.64816 -5.70618 -6.90916 -6.47186 -7.24324 -6.23322 -8.54416 -6.85556 -8.44626 -7.74113 -8.37987 -9.5582 -8.16738 -7.53946 -7.73136 -8.61408 -8.15579 -7.3794 -7.87963 -8.06849 -7.45587 -7.81008 -7.78476 -8.32428 -10.6293 -10.8787 -9.31154 -7.67692 -7.26411 -7.83767 -8.00008 -7.05367 -8.10351 -6.67559 -5.64446 -5.12454
 -6.07557 -6.58011 -6.46913 -8.08469 -7.72987 -6.72701 -7.48855 -8.05844 -9.30627 -8.81328 -10.594 -10.9138 -8.15911 -7.12706 -7.68142 -8.28153 -9.79286 -10.4295 -12.6261 -11.8628 -11.696 -9.36905 -7.7502 -8.25889 -6.47678 -6.97578 -6.1074 -5.33025 -8.0527 -5.09622 -6.18038 -6.20882 -6.9637 -6.19885 -8.24917 -7.03102 -8.07366 -7.58095 -7.14277 -7.63064 -8.98532 -9.32773 -6.76794 -8.9495 -8.49419 -8.94491 -8.38926 -7.01619 -5.72385 -6.30742 -7.78428 -8.32614 -7.74891 -9.4393 -9.64353 -9.11949 -6.61447 -7.52656 -8.16123 -6.38207 -7.1259 -6.55581 -5.22726 -3.18953 -4.29198
 -7.91819 -7.78568 -7.56407 -7.57538 -7.61706 -6.52445 -7.6206 -8.05844 -8.19396 -8.40967 -9.9302 -10.9556 -10.4824 -8.92667 -8.32167 -8.72977 -10.2874 -10.3706 -12.932 -12.4359 -12.4359 -11.7669 -8.22945 -7.75486 -6.52809 -5.99154 -5.68275 -6.94293 -6.43041 -8.39913 -6.85385 -5.899 -5.69148 -5.62542 -5.92533 -6.30433 -7.05561 -6.94094 -7.1155 -7.63064 -9.48665 -9.96479 -7.191 -8.05044 -8.04461 -7.97021 -8.95935 -5.82917 -6.88147 -6.82556 -7.30214 -8.40174 -8.45406 -7.76333 -9.62323 -8.65671 -6.63331 -7.11077 -7.11077 -8.23347 -7.19287 -5.93944 -4.06139 -4.1182 -3.24452
 -7.77116 -8.24654 -8.27306 -8.78748 -7.05194 -5.27302 -6.66275 -6.43681 -7.68465 -8.40967 -11.0404 -11.1074 -10.6505 -9.64684 -9.06795 -9.98575 -10.2774 -10.4868 -12.0592 -12.4359 -13.0323 -13.0333 -8.90203 -8.3415 -7.26347 -5.50368 -6.34652 -6.94293 -7.73201 -8.45993 -9.02346 -5.73005 -6.32471 -5.68556 -6.32183 -6.95058 -6.70659 -5.83551 -6.56589 -5.48278 -8.36324 -9.96479 -10.1146 -8.59781 -8.03869 -7.52063 -8.50976 -7.2586 -7.62892 -9.97666 -8.54411 -8.95717 -8.30248 -8.75243 -9.62323 -7.25857 -7.29443 -7.71733 -8.21185 -8.4691 -7.29125 -6.97376 -4.06139 -5.28043 -4.63755
 -6.15985 -6.65598 -7.30783 -7.01682 -6.57341 -6.39701 -6.54857 -6.07011 -7.7324 -9.59468 -11.0404 -11.2291 -10.2212 -8.88297 -10.6803 -11.2525 -11.5996 -10.6211 -12.6426 -13.1183 -12.5837 -13.0333 -11.3353 -9.59346 -7.63648 -7.33824 -7.94402 -9.20505 -8.72694 -7.19124 -7.38157 -8.23819 -5.9456 -7.54267 -6.87426 -5.98123 -5.85921 -6.38512 -5.87916 -4.61501 -7.82537 -8.24856 -9.46718 -9.20834 -8.2613 -6.58471 -5.95808 -6.74577 -9.44748 -9.61985 -9.29429 -9.59511 -9.54053 -8.79071 -9.25274 -8.48398 -9.34743 -8.86817 -8.44082 -8.95276 -8.43023 -7.6749 -6.61255 -5.12193 -5.11281
 -6.81226 -6.29696 -8.26251 -7.75288 -6.65642 -7.3025 -7.28535 -6.62157 -7.72175 -9.59468 -10.5921 -11.2291 -10.2745 -10.6712 -11.1834 -10.6511 -11.2242 -12.025 -12.6634 -13.61 -10.5874 -10.5158 -10.0137 -8.25116 -6.40504 -7.72551 -7.9199 -9.10432 -8.2747 -9.05149 -10.1235 -9.39007 -5.52657 -4.27999 -5.97577 -6.25784 -5.96981 -6.44077 -6.28624 -6.37748 -7.6393 -7.61986 -8.34072 -7.63356 -6.04141 -6.00205 -6.5416 -6.2335 -7.75156 -11.4306 -12.62 -12.4456 -11.396 -8.79071 -8.52649 -9.47208 -10.3355 -8.93297 -9.08264 -6.78175 -7.13369 -6.98249 -6.77202 -6.76644 -6.81571
 -8.29211 -8.8155 -8.52695 -8.34206 -7.75288 -6.81463 -6.81463 -6.9045 -6.76236 -7.16783 -9.56802 -9.99064 -9.14909 -8.93628 -10.9679 -11.9509 -10.4086 -11.8471 -11.1726 -11.4731 -11.7678 -10.7949 -8.45381 -7.62403 -7.14459 -7.72551 -8.39739 -8.93761 -7.44823 -9.87108 -9.85851 -7.48729 -6.39126 -4.85308 -4.85308 -5.80473 -4.91233 -6.53427 -6.45888 -7.72855 -7.76895 -7.32041 -9.36721 -8.10493 -7.52174 -6.75187 -7.93402 -9.75222 -8.52149 -12.1187 -13.1754 -13.5402 -12.3919 -9.52403 -7.84023 -10.3355 -10.3355 -8.57549 -8.2141 -6.70477 -5.95461 -7.53775 -6.77388 -7.90945 -7.19924
 -7.74457 -9.2776 -7.89322 -8.81352 -7.27363 -5.24098 -6.36631 -5.79337 -4.47926 -7.16493 -8.59995 -9.05826 -9.14909 -8.35925 -10.2262 -11.9118 -10.424 -9.51299 -10.5691 -9.91113 -10.0265 -9.53673 -8.25463 -8.14939 -5.5461 -6.57619 -5.96002 -5.70965 -4.04367 -5.38872 -7.29034 -8.52215 -6.29959 -6.10601 -6.25306 -6.25306 -6.92774 -6.7007 -7.41398 -8.35291 -8.51927 -10.2164 -11.3984 -11.0351 -11.119 -9.59929 -7.52018 -8.92016 -8.86688 -13.6829 -12.6733 -12.5343 -12.3919 -9.45297 -8.50227 -9.17583 -9.12428 -8.62628 -7.67738 -7.14108 -6.40352 -8.65629 -7.86763 -8.99019 -9.69901
 -7.79079 -8.79869 -8.23287 -7.55246 -5.47688 -5.24098 -5.2533 -5.30553 -3.48096 -5.31907 -8.16211 -7.63012 -7.21263 -8.3335 -7.79583 -10.9393 -10.424 -8.73387 -10.2943 -10.0899 -9.91113 -8.93746 -7.39923 -5.3309 -5.20911 -6.7206 -4.90189 -3.99033 -5.00858 -5.01757 -4.61783 -5.88626 -5.78293 -6.93281 -5.7509 -6.86943 -7.41904 -7.01809 -7.8623 -10.2149 -9.95867 -10.0014 -12.5738 -10.5631 -11.2331 -10.7793 -9.28085 -9.87408 -9.87408 -12.8225 -13.6829 -13.0288 -11.8185 -9.50614 -7.90814 -9.67894 -8.60819 -7.61501 -6.95123 -7.49913 -8.68941 -9.6613 -8.81833 -9.27711 -9.59257
 -6.7701 -8.53748 -7.67383 -6.00451 -5.99832 -4.81172 -4.17796 -3.29808 -4.31693 -5.28591 -6.19879 -3.7506 -4.94354 -5.98543 -8.41221 -8.8496 -8.53033 -8.73387 -9.83245 -8.57018 -7.3012 -7.88871 -8.06689 -4.82408 -5.15557 -5.03504 -6.18356 -4.64515 -4.05764 -3.57568 -5.38214 -5.88309 -6.68902 -6.50027 -5.43701 -6.68756 -7.2395 -7.70166 -8.61107 -9.22236 -10.2818 -10.6676 -10.9678 -9.32853 -9.71493 -11.2142 -10.9082 -10.7394 -10.7394 -12.2671 -13.5106 -13.0858 -11.9878 -8.80384 -7.27188 -9.05167 -7.30674 -6.7635 -7.89942 -9.22416 -8.60961 -10.1724 -9.32939 -9.75636 -9.89583
 -7.31144 -7.73937 -7.22387 -6.02358 -5.99832 -5.09054 -4.58129 -3.86604 -2.50481 -2.99983 -2.49612 -3.58861 -2.73232 -3.24338 -6.78993 -8.4477 -10.8108 -9.0385 -9.53436 -8.50801 -6.82195 -7.44529 -8.16882 -7.01823 -6.93726 -6.07927 -6.5855 -4.72927 -3.21115 -3.14324 -2.97024 -5.13433 -7.21248 -7.26658 -7.00291 -6.66321 -6.69589 -8.56511 -10.3093 -8.79497 -10.3189 -10.6018 -10.9678 -11.5642 -8.90811 -11.2142 -11.6284 -10.1379 -10.5975 -11.8321 -11.8001 -11.9149 -10.3109 -7.90502 -7.15962 -9.54619 -7.9405 -6.94731 -7.84617 -8.08573 -7.45197 -8.86949 -9.17972 -8.74209 -8.60046
 -6.3138 -7.73937 -7.69027 -7.57078 -7.3282 -5.33813 -5.44641 -3.73752 -4.05625 -4.6908 -4.56246 -1.77408 -1.70075 -2.94897 -5.33633 -6.33283 -8.63735 -9.60983 -9.0233 -8.94765 -9.53516 -9.09174 -9.27564 -8.89458 -7.67646 -5.54872 -3.64939 -3.99199 -3.18044 -1.95493 -3.00301 -4.37991 -6.57545 -6.80668 -5.99107 -6.20497 -8.27676 -9.66419 -10.3911 -9.53415 -9.29599 -10.7538 -13.1863 -12.4736 -10.3415 -10.3713 -13.0095 -9.703 -10.7712 -11.2446 -10.2932 -10.8804 -9.35078 -7.84136 -7.15962 -10.1193 -8.51359 -7.58437 -8.03328 -7.63578 -8.1303 -8.8074 -8.51123 -8.18233 -8.52773
 -8.42511 -8.7321 -8.6853 -7.59988 -7.59988 -5.8013 -6.7642 -4.33098 -5.32201 -4.27422 -5.011 -3.79859 -1.48956 -4.78355 -5.47651 -6.25904 -6.88797 -8.15892 -9.60093 -8.94765 -10.2309 -9.78744 -9.81296 -8.16425 -6.05116 -3.49935 -3.2576 -3.90344 -1.32793 -0.817182 -3.03923 -4.6389 -5.60446 -6.69192 -7.03452 -7.78889 -8.1372 -7.63504 -9.65016 -11.1925 -11.1829 -11.0174 -12.3843 -13.0437 -9.6995 -10.4173 -10.9314 -9.71346 -9.16385 -8.67194 -9.42353 -9.0135 -6.88722 -7.84136 -8.39679 -10.0682 -10.0682 -8.15746 -9.32517 -8.27284 -8.55337 -8.71879 -7.51408 -7.07067 -8.5332
