# name: MAT
# type: matrix
# rows: 81
# columns: 137
 -1.71696 -1.37963 -1.37963 0.319771 -1.62225 -1.99671 -2.07124 -3.09964 -0.742861 -1.31907 -1.05338 -4.02938 -2.97921 -3.56299 -2.99276 -2.92557 -4.98883 -5.30027 -4.13138 -3.85124 -2.10318 -2.20817 -2.08092 -2.03758 -2.07109 -1.97752 -1.68209 -2.60129 -0.928428 -2.94731 -3.39053 -2.17843 -0.0428698 -0.752156 -1.49118 -2.58036 -0.122759 -2.62259 -4.86883 -4.66584 -4.21753 -6.12188 -7.1104 -6.29479 -5.05308 -4.27572 -4.96574 -4.04495 -2.38062 -2.46343 -4.78604 -4.25926 -4.62366 -4.87373 -2.96663 -3.77737 -5.30583 -5.96901 -5.37465 -4.7353 -4.6823 -7.03032 -6.41394 -7.45562 -9.12532 -6.55104 -5.51976 -5.40383 -6.55288 -6.44054 -6.46927 -6.29974 -7.80864 -8.56207 -7.89731 -9.34186 -7.39778 -7.40012 -5.08832 -5.44524 -5.96128 -8.04682 -7.09427 -6.06329 -6.80017 -6.54386 -5.44655 -6.70949 -6.53914 -8.04213 -7.28066 -5.3994 -3.71232 -5.99405 -5.48442 -8.15408 -7.66497 -6.41784 -3.91227 -4.88102 -3.65309 -2.50247 -4.19303 -4.70409 -7.17189 -6.39647 -5.52346 -5.746 -6.09131 -5.72203 -5.33738 -6.64711 -7.13346 -6.4539 -5.23112 -6.5149 -5.07884 -5.73942 -5.46693 -4.55883 -5.11077 -4.51636 -3.13267 -4.2215 -3.32414 -3.44261 -2.44637 -3.3758 -4.0329 -3.30074 -2.98697 -2.90009 -1.84822 -1.78476 -4.98673 -5.37545 -6.3416
 -0.662381 -1.95658 -1.92097 -0.730884 -1.48624 -1.03628 -2.1416 -2.44521 -1.91156 -1.1998 -2.40986 -4.20164 -3.62975 -3.12982 -2.12127 -2.41 -5.08183 -5.409 -3.45727 -1.39385 -1.57904 -1.24 -2.11623 -1.85693 -3.2705 -3.68566 -1.84892 -0.848639 -0.458441 -0.894243 -2.86724 -2.99404 -1.41306 -1.92237 -2.84976 -2.30123 -3.43782 -3.3374 -4.10496 -6.01676 -3.24833 -5.43075 -7.35399 -5.70728 -5.70728 -5.31604 -6.99716 -5.49388 -4.30311 -4.51779 -3.71462 -4.3628 -3.85454 -4.29551 -3.22733 -2.07532 -4.42679 -4.37724 -5.59904 -4.3807 -4.67576 -5.40241 -7.71385 -8.15446 -7.32638 -6.34188 -5.38312 -7.09577 -7.57314 -7.15845 -6.03347 -6.30708 -6.36061 -7.48363 -6.68457 -6.21494 -6.08201 -5.18962 -5.71328 -5.02515 -5.67847 -7.01335 -7.52533 -6.54239 -4.72845 -6.97296 -6.11197 -6.65694 -5.5857 -5.09911 -6.24885 -5.59111 -3.80809 -7.56488 -8.62118 -10.6749 -9.76392 -9.14875 -5.38391 -5.64489 -5.06848 -4.6259 -4.63982 -6.78785 -7.59496 -6.26081 -7.22002 -7.25213 -6.97986 -6.63753 -5.68074 -6.948 -6.43837 -7.19352 -5.93235 -5.10335 -4.75818 -5.36077 -4.85861 -4.917 -4.917 -5.4736 -4.46049 -5.16568 -5.98313 -4.95178 -4.08907 -4.02768 -4.49838 -4.61658 -3.65864 -2.31258 -2.2726 -3.76384 -4.51569 -4.95769 -4.81539
 -1.3402 -2.78578 -2.2948 -1.55385 -0.907775 -1.39878 -2.16363 -2.58988 -0.76864 -1.73496 -2.75786 -3.02902 -1.40473 -2.27548 -2.52933 -3.45665 -4.34506 -4.8243 -1.8813 -2.3962 -3.81808 -1.04236 -1.17672 -1.35146 -2.59226 -2.94599 -2.5812 -1.33775 -0.967625 -0.898964 -1.33358 -2.55984 -2.10815 -2.52678 -2.50969 -0.225029 -3.10605 -2.57353 -2.99504 -3.44094 -3.02821 -5.44937 -6.61721 -5.45961 -6.33197 -4.41588 -6.5328 -5.56599 -5.12816 -5.56749 -4.67512 -4.20213 -4.18997 -5.25587 -4.14436 -4.40453 -4.06665 -4.73297 -4.97919 -5.47301 -5.64892 -6.16406 -8.10389 -10.6805 -9.23645 -8.88185 -4.46003 -5.62967 -5.20661 -5.87509 -5.79721 -4.42054 -5.3889 -4.39131 -4.33755 -6.14055 -5.99642 -4.89926 -5.1893 -3.1967 -4.8245 -4.7565 -6.52523 -4.8833 -5.97688 -8.50381 -8.59112 -6.02163 -7.39216 -6.55007 -5.83557 -3.84015 -4.65364 -7.36697 -8.28783 -9.45021 -10.8207 -10.5697 -8.50833 -8.39316 -5.5776 -6.1101 -6.75101 -6.81426 -5.93121 -6.28119 -6.42022 -6.65201 -5.70026 -6.43295 -5.55507 -6.04294 -7.14401 -7.20407 -5.44964 -3.72652 -4.57536 -5.04302 -4.60149 -4.91578 -4.95752 -4.97062 -4.75931 -6.91323 -5.13766 -5.8028 -4.71228 -5.00883 -4.2946 -4.27817 -5.43104 -2.27403 -4.2749 -4.93916 -4.94029 -4.49206 -3.82779
 -1.32056 -2.84619 -1.62133 -1.55385 -0.907775 -1.17308 -1.72579 -1.43455 -1.80929 -1.989 -2.18792 -3.8724 -3.27156 -2.4441 -4.05399 -4.32194 -5.69821 -1.8394 -3.28578 -5.25135 -3.17635 -2.74807 -0.625783 -0.769196 -1.02267 -1.49401 -0.394125 -1.33775 -2.07488 -1.46988 -0.80886 -2.03512 -1.06013 -3.21466 -3.21397 -0.920117 -4.73034 -3.04368 -1.99284 -2.69567 -3.07067 -4.67974 -5.08144 -4.98289 -5.61995 -4.93102 -5.52042 -5.56599 -5.12816 -3.9253 -5.11473 -5.39437 -6.33264 -4.70516 -3.91666 -3.91666 -4.82884 -4.99492 -4.04518 -6.28597 -6.73488 -7.5746 -9.25751 -10.1213 -9.73948 -7.37787 -6.07353 -7.08568 -7.43982 -5.38443 -4.79692 -4.61382 -5.2115 -4.05962 -5.37469 -6.97797 -5.68217 -3.57778 -2.77888 -3.28042 -4.52662 -6.91144 -6.66771 -6.68316 -5.26989 -8.16343 -5.86153 -6.09171 -5.16302 -5.73738 -3.03985 -4.10498 -6.16351 -7.4485 -9.28233 -10.1496 -11.0738 -10.0675 -9.45306 -9.92066 -9.22221 -7.59723 -7.74879 -6.5973 -4.60093 -5.60186 -4.65693 -6.18527 -5.4956 -5.19537 -5.68034 -6.61638 -7.14401 -6.38642 -4.99012 -3.95508 -3.66541 -4.77094 -5.36536 -6.43275 -5.85931 -5.8731 -6.87744 -6.96495 -6.7622 -7.26395 -7.44349 -5.95953 -5.19766 -5.82304 -5.9421 -4.97912 -4.1858 -4.85007 -4.36096 -4.44854 -3.93748
 -2.79312 -0.525599 -1.66694 -1.17242 0.291372 -0.433463 -2.51633 -3.59245 -2.96149 -1.5433 -3.42114 -3.92241 -6.27866 -4.69681 -6.28803 -5.85305 -4.48611 -1.8394 -3.87271 -6.09392 -5.99664 -2.64759 -2.22019 -1.34949 -0.774197 -2.43021 -1.74235 -2.21271 -0.561825 -1.95622 -0.344503 -1.57076 -1.46106 -3.66844 -3.74634 -2.99885 -2.69946 -2.26509 -1.4334 -1.85185 -3.20531 -4.72742 -5.52138 -4.93388 -4.77611 -4.95063 -5.55819 -5.60376 -3.82868 -4.54226 -5.20704 -5.95686 -6.83288 -5.84285 -4.34674 -4.85536 -4.98622 -3.76609 -5.4909 -7.23799 -6.67783 -7.57218 -9.03944 -8.47623 -7.47649 -7.02033 -6.15977 -6.63715 -7.69489 -7.92347 -5.93898 -5.30192 -7.19458 -4.67947 -6.51925 -7.41811 -5.3561 -4.07284 -5.55487 -5.00561 -5.34731 -6.31169 -6.71491 -6.70384 -6.18266 -5.73515 -5.55762 -4.55218 -5.77813 -4.69392 -2.80301 -5.17959 -5.53606 -8.25133 -9.07427 -9.07427 -10.7296 -10.2273 -11.7698 -10.8714 -9.6215 -8.93279 -6.99393 -5.90854 -3.46051 -3.97014 -3.30819 -4.49912 -4.43061 -5.2553 -5.20767 -5.07085 -5.5412 -4.84834 -4.46614 -3.35867 -4.47427 -5.33625 -5.38515 -6.98818 -6.98818 -6.94842 -8.07769 -6.97935 -6.04391 -8.23458 -6.48383 -6.40844 -7.10353 -6.39677 -4.52064 -5.02759 -4.63531 -3.74616 -3.74616 -4.89001 -4.37545
 -1.81461 -1.06049 -0.981721 -0.967716 -0.318005 -2.16398 -2.99234 -3.11683 -3.10077 -3.21529 -4.4416 -4.39274 -5.59439 -6.65578 -6.76913 -4.62603 -4.10994 -2.32357 -3.38855 -5.63815 -5.84099 -4.6283 -4.11687 -2.94295 -1.45075 -2.37601 -0.519991 -1.23895 -1.20154 -1.63734 -1.79842 -2.09969 -3.9407 -4.3739 -4.25185 -5.76417 -4.40354 -2.51652 -0.996759 -1.42259 -5.51775 -4.83315 -6.71399 -5.17887 -5.44863 -4.98257 -5.94235 -4.93029 -4.26652 -5.26107 -5.20704 -6.40518 -6.89807 -5.28982 -4.34674 -5.50932 -5.43106 -5.21529 -7.12034 -6.82796 -7.81618 -7.31594 -7.91069 -8.11621 -6.64978 -7.81846 -6.29019 -5.71123 -7.71132 -6.57188 -6.85561 -5.26992 -6.49332 -7.34583 -8.99055 -9.3019 -9.41063 -4.5392 -4.48677 -3.92475 -3.62096 -6.06633 -6.50782 -5.09393 -4.94982 -5.99772 -5.39296 -4.66999 -3.56947 -1.51166 -2.06623 -4.45658 -4.3889 -6.59122 -7.17323 -7.70771 -10.7296 -10.2843 -12.0184 -11.7718 -8.66057 -7.30284 -6.94108 -6.02 -5.09306 -3.88533 -3.01521 -3.73149 -5.0896 -4.82224 -5.82377 -4.14755 -4.46719 -6.26038 -5.19865 -4.16644 -5.16936 -6.1498 -6.36625 -6.04499 -6.08262 -6.23514 -7.41174 -6.842 -6.1158 -5.56386 -6.48383 -6.57881 -6.07857 -6.95561 -4.64698 -3.64029 -4.14245 -4.14772 -4.70239 -3.81059 -4.88651
