# name: MAT
# type: matrix
# rows: 82
# columns: 125
 -4.20024 -5.2027 -6.10471 -5.43068 -4.33416 -4.19204 -3.4257 -3.85827 -3.99869 -4.92232 -6.78425 -9.49971 -10.2636 -12.1121 -11.9606 -10.5067 -10.1272 -9.2363 -9.4647 -8.80049 -6.1414 -7.99005 -7.13396 -5.78007 -4.93649 -5.17546 -6.2274 -5.60054 -6.59645 -7.69222 -10.4264 -10.4264 -9.97506 -10.5288 -10.6549 -9.84894 -10.9295 -9.64738 -8.24951 -7.86644 -8.20057 -9.51684 -9.25287 -10.0673 -8.69954 -7.44137 -10.1321 -6.78168 -6.30332 -6.81998 -7.02419 -7.02275 -9.33374 -9.31192 -9.42193 -9.20023 -9.58378 -9.74918 -6.32281 -5.15609 -3.96275 -1.81862 -1.21797 -0.0648967 -2.79664 -0.88512 -0.374076 -1.61016 -2.97671 -5.18194 -4.12184 -4.92399 -5.59599 -6.53822 -7.95218 -6.56034 -7.64649 -8.42536 -6.44209 -9.07293 -9.37393 -9.28805 -11.498 -11.5111 -12.1467 -11.8092 -13.0592 -13.4261 -15.0746 -14.3773 -16.5989 -18.0449 -15.968 -17.1564 -13.5826 -10.7625 -9.76779 -9.65679 -8.29517 -8.20604 -7.16494 -9.05737 -8.50465 -6.14359 -4.1988 -4.47381 -2.77313 -6.67377 -7.23336 -9.61515 -7.83964 -10.5133 -8.41415 -10.2697 -11.5074 -9.98036 -10.855 -9.16213 -9.63233 -8.54657 -7.18873 -7.96871 -7.59643 -6.51987 -7.66861
 -4.86589 -5.29377 -6.50795 -8.58544 -5.18996 -4.35242 -3.41511 -4.50869 -5.10203 -5.29127 -7.37294 -8.04744 -9.04175 -11.9904 -11.0114 -11.2127 -10.6426 -8.26502 -7.86665 -7.68245 -7.17143 -7.38781 -6.23166 -5.8493 -5.76784 -5.19698 -6.22303 -6.6192 -6.59645 -10.0788 -10.106 -10.5257 -10.86 -11.3082 -11.821 -11.3573 -10.2762 -8.78877 -7.29558 -8.66622 -9.26579 -10.02 -11.292 -9.36127 -8.90479 -11.5821 -9.95679 -5.83634 -6.48241 -7.75789 -8.26752 -7.9463 -8.08548 -10.4152 -10.5479 -8.86801 -8.69031 -10.7553 -6.14059 -5.57857 -3.35954 -2.6598 -2.50067 -2.1654 -2.53306 -0.202203 -2.66077 -3.7539 -4.19616 -5.04879 -4.61095 -5.42532 -5.59599 -6.51337 -7.60581 -7.20159 -8.58934 -6.51356 -7.10059 -8.03118 -9.36802 -11.1656 -11.4114 -12.2136 -12.072 -11.7956 -11.2717 -11.6392 -12.2458 -12.394 -14.7348 -16.9614 -16.3033 -14.0358 -12.6815 -10.3475 -9.79592 -8.42424 -6.67719 -7.36846 -5.93672 -8.41263 -6.61123 -5.34643 -4.1988 -4.42777 -5.20553 -6.6446 -7.5945 -7.12475 -8.17317 -7.21672 -7.91283 -11.7958 -9.83019 -9.98036 -8.77943 -8.71322 -8.57295 -9.04315 -7.08279 -8.70973 -7.4931 -8.37449 -10.0078
 -7.85013 -9.03544 -8.58644 -6.87411 -6.22571 -7.77395 -7.79797 -7.86061 -7.81272 -9.62675 -8.95809 -9.44183 -8.86761 -9.36213 -10.9745 -11.0917 -11.3364 -10.6069 -9.27744 -7.19045 -7.34538 -6.97649 -7.46435 -4.29985 -5.24082 -3.54386 -6.28206 -8.03168 -7.96517 -10.0788 -9.94489 -10.3645 -12.0757 -12.6044 -12.4724 -12.8999 -10.6731 -6.03548 -5.82584 -9.16553 -11.2489 -11.45 -12.1091 -11.0059 -9.05712 -11.1954 -10.5109 -9.08277 -8.3989 -9.43091 -9.43091 -8.61797 -8.55309 -9.47759 -9.15134 -5.60858 -6.33697 -8.34288 -6.21062 -5.62726 -3.36668 -2.69441 -1.88185 -3.49408 -0.630103 0.573798 -1.11519 -2.82612 -3.79931 -6.42683 -5.12201 -6.0216 -6.58466 -5.79456 -6.34933 -6.60376 -6.81944 -4.52796 -6.50023 -8.57804 -10.7173 -12.3777 -12.1943 -13.3101 -10.0686 -9.84735 -9.07863 -10.9136 -13.6691 -14.6675 -14.0637 -15.5707 -14.9126 -12.943 -12.1575 -11.9365 -8.85491 -7.90369 -6.47605 -5.43541 -5.58291 -7.13166 -5.92502 -4.76108 -4.69049 -6.23725 -6.4498 -7.43724 -7.0276 -6.04855 -7.11762 -6.14996 -5.13479 -7.58199 -8.95072 -6.41532 -7.95558 -6.89498 -7.82313 -7.23562 -8.4743 -11.0339 -10.6975 -10.1716 -11.3467
 -9.56508 -10.5828 -9.29163 -7.52529 -9.33224 -8.00228 -9.46497 -7.4971 -10.4501 -8.72739 -8.69905 -8.97163 -8.34668 -10.9745 -11.6918 -11.9552 -12.2763 -12.6825 -9.78223 -9.12995 -8.47243 -7.92106 -7.46435 -7.8176 -5.02641 -6.38587 -7.42744 -7.96199 -7.86341 -11.0966 -10.4595 -12.0774 -12.4937 -12.6068 -14.0812 -13.1544 -10.6607 -8.55405 -7.3231 -8.54927 -10.6847 -11.4224 -11.0576 -11.9699 -11.8214 -11.2079 -10.9775 -9.32174 -10.2447 -10.2302 -9.73938 -8.68271 -8.90885 -9.40211 -8.9134 -7.21922 -6.23209 -7.28193 -5.5964 -5.13106 -3.86037 -4.41702 -3.34591 -4.52676 -1.68309 -1.63046 -0.661559 -1.5849 -5.35502 -5.99103 -5.98899 -7.22631 -6.15683 -6.78928 -6.53034 -3.68228 -2.67485 -4.59421 -5.5891 -8.62957 -10.9925 -11.9294 -13.313 -11.7609 -10.9357 -9.18489 -9.65387 -9.52829 -12.5488 -15.2503 -14.6772 -15.1046 -14.4351 -12.2713 -13.0558 -11.3128 -9.82001 -9.3842 -8.35365 -5.20483 -5.25925 -7.2232 -5.17296 -5.09499 -2.83987 -4.8783 -6.1042 -7.14635 -8.33709 -5.897 -5.32886 -5.84207 -5.38851 -6.08465 -7.22755 -6.36378 -5.79 -6.89906 -7.9724 -9.15862 -10.2997 -12.136 -12.2869 -10.6502 -11.4264
 -10.3627 -10.6825 -8.94297 -9.53191 -9.25002 -8.06924 -7.68464 -8.24825 -8.92025 -8.66042 -8.69905 -9.70601 -9.69891 -11.8322 -14.2329 -13.6502 -13.0487 -12.2449 -11.2646 -9.31608 -7.38667 -7.13437 -7.83993 -7.36296 -7.30777 -7.83866 -9.35159 -7.95309 -8.47979 -9.75386 -10.0702 -11.0076 -12.4937 -11.0177 -12.9366 -13.4693 -9.52596 -8.89431 -7.44548 -6.78675 -8.78263 -12.1209 -11.2908 -12.9736 -12.3746 -11.9589 -12.5733 -7.46659 -9.72139 -10.7372 -10.7546 -10.7144 -10.7256 -9.16833 -10.2024 -10.0691 -11.1234 -9.76605 -7.76807 -8.09591 -6.43944 -5.34973 -4.57957 -5.94721 -3.72866 -3.11765 -2.65687 -1.54694 -3.18651 -4.79901 -5.11582 -6.0547 -5.96146 -5.05199 -5.73744 -4.89654 -3.18591 -4.08634 -5.54558 -10.0944 -11.0015 -11.4246 -12.4797 -12.7449 -11.4566 -9.96906 -9.73286 -8.93256 -10.2186 -14.4595 -13.8864 -12.0472 -12.7997 -14.4661 -13.5351 -11.1069 -9.73852 -8.83723 -6.88616 -6.76723 -5.34501 -5.66011 -5.17296 -5.20142 -5.70074 -3.79191 -6.94704 -6.73658 -7.19336 -7.50162 -7.20473 -3.97622 -5.20046 -5.46121 -6.33454 -6.37509 -6.75435 -7.31173 -9.5411 -9.79238 -10.2781 -12.7991 -12.3392 -10.8049 -11.9819
 -10.9031 -11.2304 -11.4925 -11.4351 -10.1135 -8.06924 -10.778 -7.56199 -9.56055 -9.00521 -8.77374 -8.84897 -9.35718 -12.2043 -14.8156 -15.4227 -13.4055 -11.8457 -11.7063 -9.31859 -8.23274 -6.4919 -8.17356 -8.56577 -6.80645 -8.77506 -8.04503 -8.01741 -9.0808 -10.0206 -11.0224 -11.3951 -11.9365 -12.0169 -13.9012 -12.7714 -9.99666 -7.25551 -8.13174 -8.28263 -9.4026 -12.0367 -11.9796 -11.0983 -12.952 -11.9589 -10.7094 -7.40808 -8.94349 -9.97529 -11.7733 -12.4025 -10.3179 -9.94545 -10.8648 -11.6403 -12.2046 -14.3449 -11.8504 -8.29323 -7.59516 -5.05154 -5.30175 -4.51429 -4.29281 -2.96907 -3.35196 -2.53078 -2.54434 -2.18447 -4.13565 -4.53576 -5.00492 -4.18097 -4.06453 -4.89654 -3.75756 -4.22483 -4.22483 -9.24355 -10.6608 -12.0107 -13.9917 -12.8851 -12.9849 -11.3782 -10.9551 -8.64348 -10.0611 -11.5081 -11.8857 -12.4491 -12.4698 -13.9623 -15.0639 -12.7053 -8.32608 -8.46059 -9.04809 -5.77839 -6.42916 -5.09068 -5.07386 -6.28232 -5.28091 -6.09987 -6.47491 -7.99507 -6.67618 -7.22932 -4.82111 -2.70206 -4.70023 -6.20182 -7.2084 -6.78891 -7.27155 -8.02276 -10.5962 -10.6531 -11.3544 -12.1842 -12.797 -12.2312 -11.5196
 -12.1789 -10.9756 -11.4649 -12.0741 -13.3471 -9.34222 -11.6231 -9.34388 -8.87429 -9.23834 -9.34962 -9.00076 -10.3494 -12.4169 -13.3622 -13.5109 -12.8163 -11.8457 -11.0522 -11.5435 -9.75159 -9.20022 -10.3487 -9.41432 -7.59241 -7.73236 -8.16817 -8.53147 -10.2388 -11.7758 -11.5385 -10.7271 -10.8289 -12.0169 -13.5772 -11.3753 -9.34156 -7.96574 -6.05514 -7.95425 -7.52305 -9.30845 -11.1573 -11.0823 -12.4746 -10.635 -9.8399 -7.26311 -8.87309 -8.9472 -10.2743 -10.9043 -8.86102 -9.4866 -9.44326 -9.55651 -9.11716 -13.3121 -11.6909 -12.0561 -8.51199 -5.05154 -5.42011 -4.9653 -4.29281 -3.11782 -4.88963 -3.34146 -2.18677 -3.70988 -5.55114 -4.05652 -4.68275 -5.24077 -4.12525 -2.5368 -4.26068 -4.22483 -7.04927 -9.24355 -9.67149 -12.0051 -13.5568 -13.3446 -14.8714 -12.8105 -10.2745 -7.59712 -10.8338 -10.9985 -11.4589 -11.9718 -12.5759 -13.5083 -13.8873 -11.3568 -9.09309 -10.0145 -9.56636 -7.05372 -7.15831 -5.7174 -5.82217 -5.25979 -5.81657 -7.02893 -7.36686 -8.48294 -7.4645 -7.71686 -6.2449 -4.77173 -5.71606 -5.69219 -6.70817 -5.84881 -6.90196 -8.85095 -10.2921 -9.96221 -12.3172 -11.0593 -13.3403 -14.655 -14.0819
