# name: MAT
# type: matrix
# rows: 80
# columns: 103
 -12.5202 -11.3776 -10.3372 -9.12507 -8.21 -6.94999 -6.98771 -6.9089 -5.15634 -3.84809 -4.94418 -4.31787 -4.42843 -1.8407 -0.329643 -2.13313 0.00554471 -0.698289 -1.17377 -3.45929 -4.47121 -3.60831 -3.56802 -3.39328 -2.93817 -4.72519 -4.78212 -4.52185 -1.89393 -3.08686 -1.95627 -0.852397 0.00618009 -0.0882595 2.40448 3.40415 0.933873 -0.898925 -0.556359 -1.9402 -2.15414 -4.04286 -3.86127 -5.62164 -6.04451 -6.04451 -5.31113 -7.97884 -9.42439 -9.93624 -11.0987 -9.92444 -7.86422 -7.84111 -8.90962 -8.76073 -9.83149 -11.3507 -11.854 -10.7418 -9.74931 -9.98819 -7.83662 -8.28829 -9.7857 -9.8129 -8.82979 -7.54202 -8.20628 -9.14934 -9.18485 -9.37868 -8.26659 -8.78397 -9.45139 -11.6541 -9.92063 -8.95889 -9.9386 -9.6871 -9.33979 -9.30752 -10.8608 -9.63891 -9.22133 -9.74227 -12.1878 -11.7407 -12.393 -14.1526 -15.2746 -14.437 -14.8141 -14.9924 -15.9212 -14.9969 -15.1516 -15.7866 -15.2844 -14.1805 -13.7456 -12.8794 -11.0184
 -11.4021 -10.2596 -10.3372 -9.73575 -8.03842 -8.82073 -6.23933 -7.25376 -6.63872 -3.56344 -3.15945 -2.90764 -2.38671 -3.89257 0.953136 -0.557211 1.07215 0.400276 -1.75547 -2.26124 -2.85649 -3.03555 -3.57419 -2.87814 -1.44945 -1.97488 -3.41767 -2.04427 -2.84695 -1.26406 -1.81124 -0.148874 0.521762 0.4786 1.62034 3.02139 0.80256 0.113663 -1.92555 0.0337304 -1.66627 -3.13658 -3.85968 -4.60792 -5.89164 -8.00199 -7.07339 -8.65051 -10.0499 -11.1993 -9.46035 -8.51057 -8.50049 -8.01097 -7.80204 -7.74861 -7.16563 -8.80709 -8.03591 -9.73219 -8.92192 -9.32388 -8.34889 -7.3437 -6.05439 -8.06116 -8.18371 -9.49406 -8.20628 -9.16177 -8.23583 -9.37868 -7.25672 -8.36091 -9.93748 -10.0665 -9.73708 -10.9202 -10.2485 -9.19839 -9.29734 -9.49093 -10.2181 -9.21438 -7.85418 -9.14754 -12.5541 -12.1906 -11.6332 -12.0979 -13.3484 -13.8329 -14.0447 -15.0536 -14.6017 -15.3231 -14.7805 -16.3758 -15.3527 -14.8332 -14.6598 -13.7 -10.9737
 -10.8782 -9.73575 -8.86113 -8.65314 -7.1638 -7.05078 -5.31593 -5.61114 -6.37532 -4.92109 -4.11506 -4.50849 -0.192225 -0.810269 0.13741 2.17078 2.15283 1.44164 -1.65666 0.168626 -1.29678 -0.734186 -1.90034 -1.77773 -0.228718 -0.866474 -3.42466 -0.394976 0.089078 0.145255 -1.83209 -0.233788 0.0720188 1.56705 1.15278 -0.757411 -2.25187 -1.75447 0.0215978 0.541942 -0.147371 -0.449887 -2.13489 -3.81174 -4.82823 -7.49217 -6.31107 -8.19976 -8.69855 -9.11553 -8.11204 -7.697 -8.99723 -7.43353 -8.25199 -8.19857 -7.07925 -7.27356 -6.99828 -6.97504 -9.35118 -8.27878 -7.78807 -8.31205 -8.63507 -7.45855 -6.95027 -9.49406 -8.77647 -8.65806 -7.19659 -7.25672 -7.2715 -8.36091 -9.82524 -9.17916 -9.59672 -10.8311 -10.7675 -8.60667 -9.63038 -9.56159 -9.49106 -8.80201 -8.87377 -10.8944 -12.2084 -10.2198 -10.2851 -11.9074 -13.3484 -14.422 -15.0736 -14.1184 -14.4436 -14.8814 -16.9729 -16.7199 -15.2847 -15.1822 -14.229 -13.7932 -11.5406
 -10.3506 -8.32913 -8.00502 -9.09098 -8.55792 -6.61869 -5.1279 -4.89544 -4.8302 -5.68871 -2.96407 -1.54485 -2.58875 -1.82497 -2.50127 1.1858 2.27118 2.36276 1.90291 2.25164 1.75069 0.113304 -1.20184 0.600678 0.598289 0.352625 -0.390207 1.69131 1.65021 1.62024 0.406635 0.975332 3.0195 2.4259 1.08491 -0.476919 -0.191332 -2.05097 0.0615186 0.150426 -0.222185 -0.673932 -2.71993 -4.90747 -5.60059 -6.18685 -7.48107 -8.09706 -8.76083 -8.69404 -6.63679 -7.63347 -7.08491 -7.08491 -8.0599 -7.92245 -7.59533 -6.36331 -4.73599 -7.01697 -5.52613 -8.28657 -8.23323 -7.79539 -7.80423 -8.49548 -9.6235 -10.7706 -11.0265 -7.66148 -6.25902 -6.08684 -8.26564 -8.85481 -9.79159 -9.17916 -9.74925 -10.145 -9.74855 -9.52701 -9.73253 -8.20312 -8.13306 -9.29653 -9.36989 -9.89541 -12.4337 -11.2943 -11.843 -10.705 -11.3213 -14.7964 -14.0346 -14.668 -15.1382 -16.0202 -16.0202 -16.5169 -15.9509 -14.6943 -14.6582 -12.1298 -11.5297
 -9.0222 -9.37394 -8.52889 -9.16595 -8.63864 -8.27104 -5.9752 -4.21531 -5.22158 -4.78719 -2.85825 -1.54485 -2.16661 -2.03417 -0.577165 0.311852 2.5829 1.45748 2.41254 2.65272 3.18125 1.60121 1.35208 2.46327 0.598289 2.01579 0.111555 2.12915 2.2067 2.23477 2.11673 1.49587 0.321941 0.301953 0.902068 -1.03561 -1.24144 -1.35222 -1.26594 -2.43435 -1.15318 -1.70279 -2.20337 -2.71993 -5.72308 -4.86827 -8.24167 -8.68733 -9.11526 -6.08798 -5.66795 -6.60505 -6.05768 -5.5337 -7.05606 -7.07515 -5.59161 -3.09424 -5.18966 -4.74075 -5.06787 -5.35955 -5.5947 -7.28025 -7.83483 -8.70902 -8.60872 -11.0036 -9.41415 -8.46345 -5.63696 -6.10162 -7.67813 -8.42688 -7.74773 -7.18067 -6.51689 -9.1102 -9.07378 -8.94934 -9.84885 -8.35031 -7.34683 -8.45548 -9.89386 -9.47463 -10.4246 -12.4874 -11.5372 -10.7908 -11.3643 -14.1669 -14.5497 -15.7129 -15.7129 -14.9993 -14.9359 -15.5857 -15.9509 -15.4854 -14.4507 -12.5591 -11.5297
 -9.0222 -9.67102 -9.16595 -9.40732 -9.1553 -8.33146 -6.66643 -3.14153 -5.08135 -4.11275 -2.85825 -4.16572 -4.35167 -2.12787 -3.18056 -0.84191 0.829932 0.41553 2.05184 4.21657 5.39184 4.03193 4.62035 4.25424 3.64478 4.11442 2.20416 3.09032 1.69396 0.633309 -0.316908 0.0517658 0.726867 1.18167 -0.103037 1.0318 0.884982 -0.207048 -1.34751 -2.65406 -2.13737 -1.6497 -2.15932 -3.53464 -4.02893 -5.23268 -7.86301 -7.49483 -7.70102 -5.7173 -6.51421 -7.08989 -6.05768 -7.37141 -8.89377 -7.29525 -6.66919 -6.36424 -4.96732 -5.38371 -5.61992 -6.76617 -5.71818 -5.69932 -5.89431 -7.02711 -6.55058 -8.32329 -6.91223 -7.00076 -5.02033 -6.63197 -5.99701 -7.7808 -7.7808 -7.18067 -7.73402 -8.04379 -7.57943 -6.97472 -8.23121 -9.68624 -8.52221 -7.30424 -7.80544 -9.895 -10.5941 -11.9913 -11.3494 -11.3643 -11.3965 -13.717 -15.1927 -15.225 -15.6629 -14.4909 -14.4671 -16.3018 -15.5532 -15.4689 -13.9369 -13.9369 -11.3004
 -8.08455 -9.73914 -9.00524 -9.92398 -10.3674 -9.58596 -6.07003 -4.08155 -4.52601 -5.43437 -7.28657 -4.61567 -3.71487 -2.76231 -1.85308 -0.305412 2.12725 0.206123 0.206123 1.46822 2.89557 3.88054 3.41034 3.97652 4.22457 2.99881 2.1285 3.09032 1.37546 1.29197 0.440574 1.05937 -0.0539922 2.23202 0.980662 1.47522 0.43503 -1.91972 -4.04677 -4.28003 -1.61407 -2.28754 -2.49469 -3.46689 -3.27251 -3.56849 -5.82601 -5.89676 -6.12351 -6.18165 -5.99755 -7.08989 -8.92759 -7.90338 -6.75675 -6.66543 -7.91167 -7.21657 -5.61622 -4.64155 -4.8332 -5.36055 -4.78786 -5.96112 -4.94984 -6.45013 -8.59201 -8.86749 -6.25265 -5.21535 -4.35477 -4.53294 -5.34996 -4.99946 -5.24566 -5.47869 -6.48264 -7.1785 -5.18126 -5.57635 -7.19581 -6.88724 -6.22009 -6.91621 -6.86044 -8.70738 -9.72336 -10.5125 -11.8923 -11.827 -11.3163 -12.3532 -14.7404 -16.2182 -13.9799 -13.9799 -12.5901 -15.2776 -14.5605 -14.4837 -14.4314 -12.7476 -11.8839
 -9.11651 -10.5606 -9.00524 -9.47544 -9.05357 -9.42 -7.04312 -2.52175 -4.08817 -5.43437 -6.72363 -5.56143 -3.60809 -1.88601 -1.01619 -1.51751 1.24559 -1.70247 0.728475 1.15897 5.31845 3.74656 3.84979 3.72245 4.10918 3.27106 3.68583 1.56834 2.86969 -0.195926 2.81093 2.79629 4.01735 4.12279 4.56449 1.96974 -0.180666 -2.80227 -2.99919 -2.50559 -1.5821 -2.63086 -2.17042 -2.79743 -1.7368 -1.6133 -4.42511 -3.36098 -3.17291 -5.91632 -6.43801 -7.01173 -7.06578 -7.61316 -7.19256 -5.69044 -7.65152 -7.45393 -7.00398 -5.0564 -4.38293 -5.01998 -4.49526 -4.07985 -3.51098 -4.02742 -5.29113 -5.74929 -5.13582 -3.0338 -3.05368 -2.38942 -1.50504 -3.17575 -4.40125 -5.88585 -5.99477 -5.17932 -4.19835 -3.70237 -5.3147 -4.85457 -5.16443 -5.80547 -5.29508 -6.23691 -8.86736 -8.94408 -10.5566 -11.0662 -9.47563 -12.3982 -13.2595 -13.2951 -12.6588 -13.4647 -13.4246 -13.947 -15.2471 -12.8448 -12.3503 -12.298 -11.5049
