# name: MAT
# type: matrix
# rows: 66
# columns: 150
 -13.7637 -13.0529 -14.4761 -14.496 -14.496 -14.496 -14.7102 -13.7155 -14.5808 -13.2829 -11.9277 -11.9277 -12.4069 -11.779 -10.734 -10.7293 -12.8625 -12.3612 -15.0378 -15.9637 -14.6446 -14.3803 -14.1017 -12.7601 -13.6793 -13.0729 -12.6601 -9.83929 -11.1395 -8.2417 -8.17727 -7.99849 -6.98112 -4.69396 -6.984 -6.20201 -6.20201 -2.14663 -3.92378 -4.3022 -3.19513 -4.21624 -1.27842 -1.24651 -4.6433 -4.09835 -1.88446 -4.87443 -5.79857 -6.819 -8.33582 -6.82699 -6.87303 -8.59121 -7.53495 -8.91198 -12.853 -13.5264 -13.9793 -15.6603 -13.2248 -12.6099 -12.9795 -13.9302 -13.4538 -12.8935 -13.0097 -13.367 -12.9233 -14.3609 -14.224 -11.8104 -12.4565 -12.3434 -11.931 -12.4476 -9.44473 -8.87707 -10.7863 -9.74619 -9.21361 -9.23055 -7.21024 -8.30587 -8.75435 -9.70121 -11.4529 -11.2777 -10.0581 -9.51857 -9.88082 -11.0058 -8.21772 -11.2571 -10.7498 -8.69621 -6.75551 -7.67231 -5.98015 -5.06397 -5.14061 -5.01956 -5.82591 -5.11738 -6.81553 -5.82061 -5.63027 -8.09676 -7.93864 -9.28841 -8.41592 -7.94544 -9.42409 -7.18117 -7.53517 -6.7796 -9.70053 -10.7165 -10.1051 -11.4246 -11.6074 -10.629 -10.5034 -12.5507 -13.2034 -13.6312 -12.2248 -12.7355 -12.5325 -13.5202 -14.1968 -12.1084 -12.2367 -11.9433 -12.3783 -12.5542 -12.2137 -11.1759 -12.2789 -9.87248 -8.79222 -9.19322 -8.98281 -10.5797 -8.90333 -8.26706 -9.79644 -9.2801 -8.42654 -5.77557
 -13.2672 -12.7969 -13.2914 -14.4242 -14.496 -14.496 -14.7102 -14.21 -15.0753 -12.8564 -11.9277 -11.9277 -11.432 -11.943 -10.6958 -10.7293 -12.7571 -14.04 -15.9684 -14.7781 -14.178 -13.3638 -13.5142 -13.1523 -13.147 -11.3469 -11.0251 -10.7404 -10.0669 -9.21547 -9.4874 -8.30442 -7.51157 -5.26646 -7.55855 -6.60785 -5.6663 -4.89752 -3.21738 -4.13451 -5.03688 -3.04638 -0.577376 -0.850577 -3.44839 -5.67472 -4.38814 -7.58085 -8.3823 -6.51546 -5.59524 -6.82699 -7.82805 -7.58357 -9.79754 -10.4137 -14.5934 -14.5934 -14.8444 -17.3441 -16.2951 -15.6881 -15.7989 -14.3785 -15.0452 -13.4827 -14.169 -15.9563 -16.5499 -14.9563 -15.9381 -15.4796 -14.3392 -14.2857 -12.6768 -12.1755 -9.9057 -8.31192 -10.9171 -9.22433 -8.78435 -9.29366 -8.40821 -9.82076 -8.74154 -9.26541 -9.75341 -8.79076 -8.99798 -10.0337 -10.0958 -9.0096 -11.0291 -9.69201 -10.3479 -7.11798 -8.0332 -8.20412 -8.56166 -5.95261 -4.99489 -7.3036 -5.23414 -5.5715 -7.80995 -7.0133 -5.45361 -5.42207 -8.99217 -9.43426 -8.06848 -8.66138 -10.3609 -10.3219 -8.73947 -9.24317 -9.8977 -11.3626 -9.79485 -11.7717 -11.0521 -11.0585 -11.19 -13.6424 -14.0803 -12.7495 -12.7506 -12.7771 -13.7413 -12.6456 -11.6949 -11.2453 -10.5572 -13.4529 -13.8878 -12.7168 -12.2137 -11.2461 -11.8625 -9.95742 -8.43819 -8.14115 -6.02749 -7.50991 -7.69944 -8.3365 -9.18006 -10.1499 -7.98312 -5.93358
 -12.1094 -11.207 -11.6445 -13.7523 -13.1598 -13.8317 -14.7341 -14.2339 -14.2339 -12.3598 -10.9527 -10.9527 -11.8974 -12.4085 -11.5121 -10.9778 -11.5653 -14.1481 -16.6055 -13.6869 -13.451 -13.3661 -13.3102 -13.0062 -12.9698 -8.08519 -10.6195 -9.93304 -10.0669 -9.76739 -9.96665 -9.27818 -7.21657 -6.95801 -7.69887 -6.23639 -5.9517 -5.12529 -2.52926 -2.95852 -4.32135 -3.8332 -3.34364 -2.04994 -4.188 -6.14819 -6.27536 -7.96615 -8.91563 -8.10572 -7.25096 -6.30374 -7.89418 -10.5234 -11.0321 -12.6226 -13.8015 -15.1027 -16.5884 -18.2094 -18.8732 -19.1544 -18.1766 -17.7074 -17.3895 -16.0439 -16.0421 -17.8337 -18.3516 -16.8266 -16.6021 -15.5988 -13.8361 -12.6734 -12.6768 -12.6296 -8.89869 -6.78963 -9.37687 -9.54296 -7.30207 -7.94027 -8.11808 -8.02852 -6.48069 -8.24943 -11.1338 -9.55334 -7.72451 -8.54114 -8.59461 -8.67983 -8.51196 -8.4758 -8.22882 -8.72125 -10.1531 -10.2563 -10.2563 -6.74392 -5.99992 -6.7865 -7.44898 -8.56397 -7.50453 -5.61631 -4.25975 -2.50847 -8.86416 -11.7139 -9.85067 -10.8113 -10.3624 -9.8217 -9.31867 -9.44249 -9.78265 -10.2962 -9.79485 -11.656 -11.6355 -11.098 -12.1612 -14.792 -13.6148 -13.2508 -13.2508 -12.6148 -12.4012 -11.315 -11.2453 -11.2453 -11.0574 -12.3282 -12.7168 -12.7168 -12.0624 -11.6741 -11.2461 -11.9284 -8.84968 -8.59006 -6.52882 -7.39377 -6.83415 -8.77991 -9.09627 -9.47693 -6.86736 -5.84979
 -12.1469 -13.7057 -11.6678 -12.1056 -13.2903 -13.5527 -13.7243 -13.7243 -12.8085 -12.312 -12.1063 -12.1063 -12.4085 -12.4085 -12.6779 -10.4776 -12.3688 -12.3688 -13.4789 -14.324 -13.0113 -12.4462 -13.2913 -13.8599 -12.4961 -9.39597 -10.4919 -10.3688 -9.51159 -10.5973 -8.72284 -8.72284 -7.74055 -6.93178 -6.52955 -6.40023 -5.57328 -6.09176 -4.29214 -2.95852 -4.28344 -3.86516 -3.22177 -2.97726 -3.04347 -6.18624 -6.89174 -7.42038 -7.33605 -8.6306 -7.25096 -9.69319 -10.716 -11.4229 -10.9929 -12.5834 -14.6916 -15.5365 -16.5884 -18.8732 -19.8239 -19.7545 -18.156 -19.0949 -17.9242 -18.4394 -17.7131 -17.8337 -18.3516 -17.5147 -16.846 -13.9865 -13.3701 -13.3104 -12.2929 -10.6309 -10.5721 -8.39991 -9.47409 -9.28032 -7.06128 -5.94963 -6.52837 -6.63421 -6.40817 -7.35912 -7.88442 -6.74212 -6.88762 -7.59044 -8.66554 -10.1699 -9.76742 -10.6592 -9.27456 -8.08669 -9.22176 -10.9298 -9.8244 -8.56181 -8.43937 -7.64629 -8.9542 -9.4972 -10.7111 -8.15863 -6.53988 -3.95298 -9.16475 -9.45148 -10.4578 -10.3624 -9.97654 -9.25773 -9.15446 -8.8519 -10.5754 -10.1341 -10.0357 -11.1908 -12.5006 -13.5204 -13.6127 -15.3943 -15.3078 -14.4409 -14.7935 -13.7042 -11.7767 -11.2607 -9.86038 -10.5166 -10.9821 -11.9328 -12.7168 -12.8143 -12.1119 -12.1119 -11.4191 -11.9284 -7.84656 -8.06618 -10.0329 -9.08156 -7.26462 -8.41834 -9.91109 -9.55411 -7.76078 -7.2953
 -11.6878 -12.7302 -12.6878 -13.3759 -13.3179 -15.1209 -15.5673 -13.7912 -13.3034 -12.8068 -12.8857 -11.7207 -10.5486 -11.5738 -10.6334 -13.5731 -12.4386 -12.9088 -13.4489 -13.5543 -13.0329 -12.9164 -14.388 -14.46 -13.0287 -11.925 -11.3075 -10.9592 -10.7928 -10.1874 -9.36482 -7.73632 -7.18726 -5.92414 -6.82086 -7.6208 -5.26453 -4.20778 -3.31804 -3.15009 -2.80312 -4.62204 -3.24154 -5.0762 -5.91925 -4.9345 -6.87408 -7.79471 -8.2627 -8.55707 -8.34247 -8.43393 -10.7076 -11.7363 -11.9333 -11.8737 -13.5778 -15.0869 -16.5884 -17.8982 -19.3078 -21.0459 -18.1546 -18.6156 -18.8386 -18.8883 -20.7121 -19.1008 -18.6331 -18.2246 -16.9438 -14.1156 -13.04 -13.0468 -12.6368 -11.0987 -9.43659 -10.0189 -9.28032 -8.83037 -7.6369 -5.60879 -7.12848 -6.70961 -7.00829 -7.47012 -7.96939 -7.08506 -7.70371 -7.45504 -9.52547 -11.2443 -12.0282 -12.5491 -10.9942 -10.7353 -10.7983 -10.4022 -10.255 -9.70765 -8.1649 -6.52792 -10.0941 -9.67199 -9.59831 -8.71071 -7.45251 -7.32087 -8.22586 -7.77659 -9.36275 -9.23692 -8.51811 -8.51811 -7.82276 -9.50537 -10.4535 -11.0005 -11.7378 -11.5219 -12.4243 -15.224 -15.3131 -16.3299 -15.4474 -15.8954 -14.4755 -14.3254 -12.8807 -10.3686 -10.8783 -10.5662 -12.0206 -12.5759 -14.3047 -13.7155 -13.171 -13.232 -11.8569 -10.8952 -8.77473 -10.0635 -10.5927 -10.5178 -8.697 -8.61369 -10.7295 -10.0974 -9.43344 -8.50492
