# name: MAT
# type: matrix
# rows: 47
# columns: 52
 -12.5102 -13.8113 -14.8772 -12.8842 -10.7926 -13.0126 -10.7288 -11.1356 -9.87596 -8.54955 -8.62476 -10.1995 -9.86513 -9.26923 -8.75817 -8.87666 -10.4031 -10.7144 -12.3891 -10.7425 -10.5202 -10.9242 -9.25814 -10.1605 -9.89701 -9.96874 -10.8821 -9.09296 -10.892 -10.7758 -11.0577 -10.6321 -9.73565 -10.9715 -11.1528 -11.8787 -10.5258 -10.8699 -8.5156 -7.91417 -6.18192 -6.16561 -5.469 -6.99306 -7.4309 -4.08486 -5.32003 -5.48687 -6.07597 -7.81165 -6.83057 -6.12028
 -13.5214 -13.5039 -12.4254 -10.7876 -9.83693 -10.9563 -11.2472 -8.45674 -8.40543 -8.34683 -7.9194 -8.40458 -8.27353 -9.26981 -9.71813 -11.7813 -11.0714 -11.4024 -11.957 -9.63849 -10.5977 -9.87415 -9.80551 -11.6586 -10.0714 -9.69321 -10.4486 -11.8195 -11.8195 -11.3634 -10.072 -11.7336 -12.3229 -11.0716 -11.9495 -9.84978 -8.62325 -8.33423 -9.71068 -8.53916 -8.02985 -6.90179 -6.40367 -6.98199 -5.76989 -4.90853 -3.82837 -3.82629 -4.93116 -6.60817 -6.01659 -6.14749
 -12.3864 -12.3864 -12.3864 -11.2973 -7.98845 -9.51109 -9.05096 -8.31703 -7.34991 -7.78043 -6.94977 -9.38226 -9.33634 -9.77214 -10.6473 -11.6608 -11.3441 -11.7454 -11.0347 -9.91112 -9.91112 -9.24039 -10.7786 -11.6124 -11.8242 -11.1142 -10.2495 -10.3724 -10.3724 -10.0233 -11.2123 -11.1669 -10.5668 -10.9104 -11.9767 -10.0066 -9.32972 -9.31707 -10.6123 -8.41003 -5.61506 -5.78121 -7.75371 -6.98199 -6.98199 -6.55273 -5.5407 -4.06097 -4.272 -6.8665 -6.28952 -5.33782
 -12.1099 -8.89548 -8.43112 -8.79782 -4.87892 -5.77629 -6.97577 -8.00358 -7.41315 -7.65293 -7.34229 -5.63479 -7.05401 -8.32165 -9.89516 -10.8062 -10.0016 -10.9125 -10.3528 -8.18193 -10.0531 -11.3586 -11.3586 -11.9671 -11.7918 -10.0657 -9.61576 -9.60236 -10.2361 -10.0586 -8.94523 -9.61762 -11.1977 -12.6852 -11.9513 -9.5938 -9.00482 -9.49394 -9.40121 -8.88356 -5.66273 -5.86209 -7.00322 -7.70559 -7.52493 -7.52493 -5.0805 -5.42204 -4.92997 -5.91489 -6.38838 -7.41568
 -11.0616 -9.75274 -9.75274 -8.43112 -5.47796 -5.12037 -6.68242 -9.02325 -10.4419 -8.33292 -7.57337 -6.30154 -7.45707 -8.42938 -10.9561 -10.1117 -10.2539 -11.0245 -10.3526 -9.61036 -9.60968 -10.7457 -11.0207 -12.6074 -12.8681 -11.0552 -10.4052 -9.55418 -8.00298 -8.17238 -9.36824 -12.0456 -10.2216 -11.7713 -9.53833 -8.05803 -8.96996 -9.46653 -8.59818 -8.40289 -6.71734 -7.25696 -7.74074 -8.8814 -7.96259 -8.02139 -7.19112 -5.02532 -4.62256 -5.07092 -5.97076 -5.99861
 -10.8558 -10.1807 -9.60066 -8.95113 -9.14018 -5.99515 -7.65852 -10.1948 -9.96521 -10.1399 -8.71655 -6.82484 -6.40873 -9.4194 -10.9561 -10.1117 -10.2833 -10.0865 -10.7549 -9.77987 -9.66698 -10.1903 -11.1534 -10.7434 -10.3633 -9.63465 -11.2568 -8.69069 -7.54025 -7.20683 -8.25044 -8.93616 -7.80359 -8.94917 -8.94944 -8.15337 -9.47655 -8.93468 -9.62977 -7.83277 -5.9295 -6.83946 -6.77037 -8.53828 -7.55708 -8.88759 -6.326 -4.41858 -6.32565 -8.3165 -7.10716 -4.9577
 -11.0931 -10.8126 -10.6485 -9.04746 -10.6225 -9.71841 -9.63115 -10.5157 -9.80631 -9.98098 -8.60121 -6.86585 -6.84471 -9.4194 -10.5183 -9.32131 -10.0841 -9.99341 -10.3191 -9.82144 -9.44455 -11.2856 -9.9055 -9.23949 -7.16641 -7.83069 -8.99668 -7.57733 -6.79167 -5.76828 -6.95504 -7.90701 -8.16343 -8.43151 -7.48412 -7.98983 -9.96736 -8.74101 -8.17089 -7.04521 -4.9054 -5.87513 -7.08413 -6.38374 -7.02079 -8.85652 -7.5062 -7.05338 -7.05557 -7.22122 -5.94825 -4.6938
 -10.4682 -10.7677 -9.85169 -10.9306 -10.0671 -9.28347 -8.16795 -8.9482 -8.82375 -9.55172 -9.07858 -6.87572 -5.8837 -8.37826 -9.34285 -9.62177 -8.7064 -9.21245 -10.1602 -8.10576 -9.44455 -9.40334 -9.40527 -7.60032 -6.93096 -6.29252 -6.13996 -6.01481 -6.37935 -6.35892 -7.35252 -7.85478 -7.29831 -7.89413 -8.37331 -6.71162 -7.81043 -7.2303 -7.42108 -6.29539 -5.26659 -5.8119 -6.59208 -7.89068 -7.60392 -8.20803 -9.58796 -8.84594 -6.6699 -5.3037 -4.32325 -3.35524
 -10.8975 -9.22179 -10.2875 -10.1938 -9.41056 -8.16795 -6.84633 -5.6221 -6.02414 -6.49162 -6.14856 -6.37916 -5.99714 -8.87901 -8.04172 -8.93778 -8.6058 -9.21058 -9.57184 -7.81171 -8.93123 -8.20108 -6.63268 -6.0901 -7.13735 -5.8572 -4.91661 -4.50327 -6.77838 -6.83938 -6.93099 -7.70797 -4.91206 -7.0161 -7.42128 -7.21632 -7.07854 -6.76009 -7.44668 -5.48988 -4.89183 -5.42289 -5.92478 -6.73286 -7.01367 -8.19086 -10.4009 -9.34925 -9.45247 -7.71477 -6.17451 -4.24773
 -9.62169 -8.63261 -9.69832 -8.53083 -6.38425 -7.67637 -5.59 -5.12017 -5.15933 -6.97186 -5.58035 -7.53977 -7.94436 -8.27943 -7.58937 -7.30785 -8.63322 -8.63322 -8.76869 -4.79865 -5.91528 -6.65366 -6.15343 -6.09821 -5.8572 -5.4259 -5.54159 -4.64212 -6.10968 -7.6777 -10.3996 -7.24938 -6.13881 -5.82488 -6.585 -7.0157 -5.71422 -4.89223 -4.93395 -7.28681 -5.31569 -5.36148 -6.27343 -5.23695 -5.43716 -7.59289 -9.06726 -9.8839 -8.55196 -8.20388 -6.23186 -4.91439
 -10.6098 -7.75815 -8.07221 -8.35938 -5.88054 -6.7835 -5.81933 -5.47267 -4.03448 -7.18014 -7.15221 -8.44821 -8.3618 -8.42821 -6.20245 -7.30785 -7.65923 -7.81567 -7.37752 -5.22659 -4.81068 -5.92913 -6.63017 -5.80577 -4.76556 -5.46516 -5.14028 -5.64372 -7.04542 -5.99356 -9.37929 -9.52798 -7.22679 -6.57711 -6.69969 -5.94753 -5.14882 -5.52381 -5.91711 -3.99766 -5.38883 -3.24915 -6.1326 -5.72606 -5.17645 -6.05599 -7.20312 -5.90849 -5.40515 -5.17681 -5.75983 -4.49132
 -9.56493 -7.30005 -8.06392 -8.21442 -6.90685 -8.69739 -9.10753 -4.23475 -4.93287 -6.91262 -7.00687 -6.49295 -6.40709 -7.26718 -5.56471 -6.62607 -7.77152 -8.31938 -6.89946 -3.9985 -4.6702 -5.77244 -7.1712 -5.91162 -4.99121 -6.21094 -5.71963 -6.17529 -6.02211 -7.30533 -8.97515 -7.50485 -6.95068 -6.86717 -6.24085 -5.50411 -5.61318 -6.13123 -5.88292 -3.83275 -2.63166 -3.07911 -3.07732 -5.2904 -5.71791 -6.22291 -6.09934 -6.83531 -4.46281 -2.39553 -4.62311 -3.71515
 -8.73233 -6.89679 -8.03135 -8.72472 -7.11326 -7.81681 -6.23592 -8.72264 -6.90972 -7.33041 -5.97806 -7.09903 -4.4377 -5.91928 -5.60571 -7.70394 -8.23526 -8.01051 -4.73598 -3.33473 -3.71937 -5.77244 -5.33125 -6.98075 -6.05938 -7.08233 -6.00351 -6.90204 -4.75462 -5.79404 -5.92488 -7.59853 -7.61445 -5.89888 -6.62207 -3.59949 -2.92222 -4.44862 -1.94825 -1.20983 -1.07906 -2.13052 -2.21566 -3.43347 -3.71553 -4.42398 -3.55176 -3.95085 -4.03974 -3.08364 -2.98516 -3.61709
 -8.40268 -7.6629 -9.02523 -9.10538 -8.20709 -10.5168 -7.52243 -6.85487 -7.92787 -7.46664 -6.52757 -5.86557 -4.48588 -3.69793 -4.64764 -7.22966 -6.97214 -6.24731 -3.46128 -2.92723 -2.58449 -5.85681 -5.72847 -5.6339 -6.21101 -5.92473 -5.91267 -5.70939 -4.37147 -5.19309 -6.74203 -6.4758 -6.19775 -6.78161 -6.18852 -4.32596 -4.16841 -5.07081 -2.18852 -2.67639 -0.716872 -0.626363 -2.32375 -2.52581 -3.75351 -3.35331 -2.24399 -4.21405 -4.20507 -3.11464 -3.50183 -4.92229
 -10.0518 -8.54933 -8.8613 -8.91965 -9.12229 -7.77584 -6.96106 -5.53158 -5.34395 -6.60152 -5.0254 -3.99234 -3.59623 -3.52303 -4.19648 -4.04347 -5.22509 -4.3649 -2.82935 -2.20648 -2.03245 -4.7546 -5.15838 -5.51443 -5.53741 -6.42933 -5.80641 -5.85425 -4.6379 -5.94472 -8.48001 -6.35911 -7.48412 -5.24861 -3.84286 -4.16922 -3.12095 -4.15519 -3.77099 -3.24648 -2.48285 -1.969 -2.59947 -3.5687 -3.33147 -2.3782 -3.40224 -2.14271 -3.80678 -2.56615 -6.24137 -5.94828
 -9.85473 -9.08736 -8.69602 -8.59231 -8.45561 -6.50755 -4.09057 -3.31886 -3.76053 -4.18858 -4.2543 -2.53971 -1.55612 -3.57174 -3.96488 -2.70549 -4.18513 -3.76176 -2.27865 -2.39049 -4.35612 -5.48298 -6.63481 -5.49836 -4.98657 -2.8766 -3.79008 -3.9301 -5.1488 -6.97619 -8.03147 -7.5541 -6.55345 -5.87336 -4.50054 -4.98064 -4.49007 -2.08412 -2.5746 -2.276 -4.07708 -2.11283 -3.31342 -3.24704 -2.7729 -2.36617 -3.43325 -3.68501 -4.71081 -5.3086 -6.34207 -6.87374
 -8.35077 -6.9892 -7.35344 -7.69844 -8.03719 -3.66319 -3.96558 -3.92536 -4.1769 -4.25294 -2.24383 -0.618713 0.260823 -1.1225 -3.76517 -2.08886 -3.5061 -5.41039 -6.65293 -4.80559 -5.78065 -5.26076 -5.39303 -3.8665 -4.87809 -4.28558 -3.15788 -3.38707 -4.54531 -5.70731 -7.89896 -7.11587 -4.837 -6.19954 -7.45099 -5.22938 -4.36594 -3.9132 -3.29864 -1.14075 -0.726422 -1.65198 -2.34604 -2.27966 -3.21968 -1.7142 -1.29309 -3.94097 -4.49017 -5.83256 -7.62572 -7.40266
