# name: MAT
# type: matrix
# rows: 83
# columns: 94
 -5.87698 -5.87698 -8.02383 -7.06935 -8.79755 -9.34901 -8.70294 -8.13002 -7.62631 -7.62631 -8.75164 -8.75164 -8.53755 -8.59475 -8.59475 -7.93273 -7.45983 -8.69419 -9.77659 -9.77659 -11.0181 -11.4883 -10.3795 -9.2737 -10.232 -10.6809 -11.1398 -9.51636 -8.02484 -8.32004 -6.89737 -7.01416 -8.6597 -6.61661 -4.77465 -5.47757 -3.40051 -3.85765 -2.15334 -2.43395 -2.37058 -1.35088 -1.77619 -2.21386 -4.19097 -4.48638 -4.48638 -4.80241 -5.61933 -7.50694 -6.67906 -8.07546 -8.05014 -9.50738 -9.21213 -10.3093 -9.21111 -8.04133 -7.22156 -7.28579 -7.90135 -9.98442 -9.44278 -8.78543 -6.534 -5.98195 -5.37245 -5.73451 -6.51653 -4.75213 -5.83621 -9.07515 -10.1522 -8.83065 -9.05823 -8.34379 -8.91174 -9.22922 -8.51625 -8.16248 -6.71454 -6.41685 -5.39004 -5.67884 -5.10772 -5.02643 -3.93556 -3.874 -2.52886 -5.22438 -4.3003 -4.36761 -5.00826 -4.85017
 -5.87698 -5.87698 -7.50869 -7.06935 -9.34901 -9.34901 -9.1908 -7.73694 -6.72391 -7.20316 -7.20316 -8.35295 -8.50045 -8.59475 -7.87595 -7.85311 -7.96914 -9.2035 -9.6524 -9.6524 -11.7569 -9.85555 -10.3795 -9.79037 -9.83858 -10.2516 -10.2259 -9.78633 -7.21895 -6.85037 -6.95676 -7.76129 -6.32347 -7.05242 -5.91054 -5.27505 -3.80111 -3.82745 -2.23213 -1.77054 -1.96945 -2.87984 -2.43899 -3.9358 -3.00358 -5.26608 -5.25316 -7.1382 -7.60478 -8.82693 -8.40552 -8.98926 -10.6057 -10.459 -9.3251 -9.1386 -8.11689 -10.0074 -8.51459 -9.5821 -9.14611 -10.9925 -9.22741 -7.56317 -6.02073 -5.15167 -6.38531 -5.83243 -6.94987 -7.48023 -8.76465 -9.39837 -10.9153 -9.66149 -8.09812 -10.0458 -9.1047 -9.74943 -10.6145 -9.65497 -9.19231 -7.65008 -8.15225 -9.4366 -5.0305 -5.0534 -4.11713 -4.0114 -5.00411 -4.74701 -4.2768 -4.34797 -3.20773 -2.89479
 -5.87698 -6.3715 -7.06527 -7.68573 -8.79755 -9.34901 -8.28841 -7.73694 -7.23323 -7.20316 -7.20316 -8.35295 -9.46004 -9.46004 -7.87595 -8.36242 -9.66374 -8.74658 -9.76558 -10.317 -10.9961 -12.5416 -11.2164 -12.2869 -10.6092 -9.77231 -9.74666 -10.0017 -7.50226 -8.71436 -6.65046 -7.5518 -7.01546 -6.17481 -6.71048 -7.92383 -7.69006 -4.68015 -4.78283 -2.09866 -4.50305 -3.30428 -4.29364 -4.96711 -4.38911 -6.73706 -7.18597 -7.56658 -8.33392 -8.47275 -8.40552 -9.48378 -10.0802 -11.8229 -11.4237 -10.6153 -9.06596 -9.03521 -9.85401 -10.831 -9.74252 -9.71202 -8.80166 -8.13625 -6.78942 -7.83512 -8.77213 -7.99922 -7.51996 -9.51445 -9.65423 -11.6473 -12.512 -9.53856 -11.5136 -10.1146 -11.2717 -13.8551 -13.7184 -10.8477 -10.7019 -8.66156 -9.98366 -8.2794 -5.56625 -4.60948 -5.0909 -3.17788 -5.94269 -5.6168 -5.31667 -2.88068 -3.14537 -2.32468
 -6.94159 -5.73361 -7.25239 -8.19679 -8.79755 -9.83688 -8.93448 -7.62613 -8.40756 -9.05364 -10.808 -10.7473 -9.46004 -9.96936 -9.8876 -9.86477 -8.99948 -9.70996 -10.1589 -10.9128 -12.2082 -13.2677 -11.45 -11.481 -11.6306 -10.2668 -11.6102 -9.82584 -8.75997 -8.90983 -8.33281 -8.4082 -8.27849 -6.159 -6.66093 -7.09629 -6.50517 -6.79011 -5.44272 -4.78478 -5.55164 -4.12172 -3.76966 -4.44313 -4.13254 -5.17144 -7.13997 -8.54309 -7.15391 -7.08063 -8.42827 -10.1335 -7.7946 -10.4061 -11.2622 -9.70066 -8.48565 -10.2308 -10.8889 -10.6667 -10.6904 -11.7255 -10.7237 -7.67234 -8.30756 -8.66321 -10.3591 -10.0979 -11.0588 -9.52682 -10.3933 -11.5909 -12.2696 -12.4523 -12.3886 -9.89129 -10.4387 -11.5404 -13.3437 -10.9355 -10.6812 -11.5469 -8.83922 -7.11225 -5.72287 -4.80125 -4.0459 -3.57196 -3.73902 -5.65474 -6.21348 -5.24668 -4.74548 -3.54139
 -6.13628 -7.04508 -8.46262 -8.89188 -9.30861 -11.043 -8.82368 -8.27221 -8.75881 -9.5647 -10.808 -10.517 -9.96936 -10.6064 -10.9011 -10.4349 -9.91098 -11.0242 -12.2363 -11.4432 -12.1313 -12.501 -11.9652 -11.3876 -11.659 -10.9092 -10.8706 -9.3271 -7.88784 -8.39747 -8.27628 -9.65625 -7.60682 -7.6757 -6.91753 -8.61089 -6.99358 -7.36513 -4.87241 -5.95948 -5.5746 -5.58379 -5.78417 -6.17697 -5.31352 -5.72564 -6.18202 -7.71296 -7.10208 -8.10509 -7.52493 -8.13358 -7.79365 -8.59605 -9.03946 -8.39787 -8.05848 -10.1121 -8.02717 -9.4431 -10.127 -9.44382 -9.75467 -9.24016 -8.27788 -9.81647 -11.331 -10.3097 -10.5989 -11.8551 -11.855 -13.8823 -13.3303 -11.0312 -11.1183 -10.5239 -12.214 -11.9274 -12.8859 -10.3245 -9.25825 -9.5439 -7.66398 -5.38509 -5.29635 -6.44515 -5.23715 -3.58687 -4.29243 -4.45201 -3.59813 -5.58971 -4.75631 -3.96945
 -5.69844 -7.12238 -8.02478 -8.45404 -8.89188 -10.4916 -9.33474 -8.78327 -8.27956 -9.5647 -10.517 -10.517 -11.7242 -11.0498 -11.5962 -9.99702 -10.4459 -11.0242 -12.3085 -12.3085 -12.9966 -13.8152 -11.4486 -10.8145 -12.1043 -9.78786 -8.96943 -9.37661 -6.67895 -7.16411 -7.0906 -9.65625 -8.04989 -6.45318 -6.89488 -7.55876 -6.77719 -7.45321 -6.48044 -7.54464 -8.23249 -7.42345 -6.1536 -5.68924 -6.63995 -6.94385 -6.7366 -6.17546 -7.71227 -7.71227 -8.12929 -8.20029 -6.93308 -5.98051 -5.81684 -7.24703 -7.88064 -8.65567 -8.11164 -10.5875 -10.1626 -8.63829 -9.13588 -10.4661 -10.8916 -12.659 -13.1539 -13.4443 -12.8568 -12.949 -13.7304 -13.4421 -12.7432 -10.6045 -11.4679 -12.0261 -11.9387 -10.9264 -11.5874 -9.28957 -7.96827 -5.30585 -6.27937 -5.85057 -6.28858 -6.53655 -5.2361 -3.51651 -3.00719 -2.26849 -3.53302 -5.15187 -2.20294 -3.45337
 -7.31077 -7.12238 -8.02478 -8.45404 -8.45404 -10.0537 -9.15133 -8.34543 -8.78327 -10.0684 -10.9604 -10.9604 -11.7242 -11.7449 -11.1584 -10.4459 -10.4459 -11.3192 -12.3085 -12.3085 -12.4814 -13.8152 -12.4214 -12.6459 -10.8063 -9.78786 -8.90364 -9.37661 -7.59029 -7.59621 -7.02611 -8.65589 -8.90748 -6.51943 -7.53115 -7.05526 -8.24037 -6.1032 -7.07916 -7.58847 -8.43868 -6.65364 -6.1536 -7.1043 -7.41859 -5.77086 -3.76693 -4.32664 -6.81994 -7.26336 -7.16405 -8.00871 -6.9963 -6.50767 -5.93562 -7.42984 -7.72326 -8.41033 -8.72474 -9.64034 -9.36508 -9.39563 -8.84675 -11.8801 -12.2348 -12.659 -13.6553 -12.9947 -12.4072 -13.6206 -13.4711 -13.6221 -13.19 -10.6298 -10.264 -10.3602 -11.8223 -11.8223 -10.3456 -8.74438 -5.88926 -4.77781 -5.92813 -4.595 -4.96692 -3.43317 -3.76768 -1.31161 -1.31161 -0.481644 -3.04775 -3.78764 -3.32392 -4.55478
 -7.92715 -7.12238 -8.02478 -8.45404 -9.06562 -9.55349 -8.65109 -7.8452 -8.72646 -10.5118 -10.9604 -10.9604 -11.852 -11.2356 -10.8192 -11.1194 -11.1194 -10.6363 -11.8706 -12.3085 -11.886 -12.6358 -12.4306 -11.9643 -11.8163 -10.7062 -9.39275 -11.0948 -8.82228 -9.45855 -7.09792 -8.26871 -6.83063 -4.03932 -4.24072 -5.43583 -6.69088 -7.16426 -7.55978 -7.07191 -7.03124 -8.35106 -7.31926 -6.77629 -6.71511 -5.68648 -4.77659 -6.03205 -6.30913 -6.72711 -7.1615 -6.61103 -5.83312 -4.57066 -5.14492 -6.99066 -7.05543 -7.92247 -10.7288 -10.224 -10.6884 -11.185 -9.29663 -12.1489 -13.6279 -14.1375 -14.7006 -13.5312 -12.5682 -12.288 -12.2941 -13.5542 -11.563 -10.5024 -9.92342 -9.96958 -9.87532 -9.14383 -11.2496 -9.39885 -7.39153 -5.5808 -6.05924 -6.38782 -6.12808 -3.32191 -5.07345 -2.49005 -1.81656 -1.29588 -3.03145 -5.5688 -3.89659 -4.97867
 -7.92715 -6.60724 -7.50963 -8.02478 -9.12423 -9.12423 -8.65109 -8.57787 -8.2154 -8.69465 -10.4601 -10.4511 -11.852 -11.852 -11.706 -11.2681 -10.7889 -11.4406 -11.879 -12.3181 -12.5595 -13.0273 -13.047 -12.9023 -12.2956 -11.7359 -10.2792 -9.92546 -11.5092 -8.72707 -7.09792 -7.35752 -7.22549 -6.45827 -6.59775 -5.75658 -7.36324 -9.81317 -7.98438 -7.46908 -8.49157 -8.35106 -6.87072 -7.63196 -7.36741 -6.31296 -5.89875 -7.76113 -6.53753 -6.2711 -7.23924 -5.86025 -6.99593 -5.98315 -7.02769 -8.16872 -7.66666 -8.67803 -9.31746 -10.1314 -11.6624 -12.1872 -10.9668 -11.4779 -11.901 -12.0077 -11.6263 -12.674 -11.9626 -12.6994 -13.9835 -13.5387 -12.2347 -10.5573 -9.41732 -10.9245 -7.8356 -9.57593 -10.5708 -8.86117 -6.85569 -5.99113 -7.88568 -7.88309 -7.16588 -5.70374 -7.20314 -3.89673 -2.42883 -2.60418 -3.89778 -4.57125 -4.71789 -5.44938
