# name: MAT
# type: matrix
# rows: 73
# columns: 108
 -13.5005 -13.5047 -15.6737 -14.4596 -15.9387 -13.5627 -13.09 -10.7385 -10.6745 -10.2303 -7.7458 -7.51034 -5.31823 -7.41188 -9.58422 -12.0436 -11.1658 -11.7801 -10.0139 -11.238 -9.48476 -7.60665 -8.28467 -10.4499 -9.81526 -10.2982 -9.93421 -8.95642 -8.2519 -8.19091 -9.2868 -12.5394 -14.0482 -12.1334 -9.56605 -7.79323 -8.87288 -7.84088 -8.36804 -10.734 -8.5171 -6.25841 -3.98004 -5.26495 -6.03617 -7.49751 -7.81257 -7.26008 -8.70073 -8.75821 -8.75821 -6.40278 -6.36793 -6.91634 -6.83015 -5.60527 -5.978 -5.64852 -3.58674 -2.16212 -3.03996 -2.55141 -2.80009 -3.19287 -3.63115 -3.61374 -3.10442 -5.98704 -7.93502 -8.36296 -4.74775 -6.12597 -7.05125 -9.68658 -7.91242 -4.8404 -4.85157 -6.28185 -4.04151 -1.95778 -3.62385 -2.17564 -2.62835 -4.10333 -4.01735 -3.73833 -5.26519 -7.15368 -6.61034 -5.70972 -5.96924 -4.66796 -5.68442 -6.53374 -5.15227 -5.20646 -5.60515 -4.63183 -5.58575 -6.26568 -5.70381 -5.5849 -7.07812 -9.31131 -7.62024 -6.40261 -5.80425 -5.40001
 -14.5381 -13.9177 -15.3369 -14.4412 -14.1057 -12.0477 -9.89516 -9.4667 -11.0412 -8.69194 -5.53066 -6.47087 -4.36651 -5.67281 -8.5864 -12.2323 -11.2132 -11.7172 -11.7871 -9.70875 -8.5131 -8.71237 -8.02413 -8.53045 -8.71858 -10.3911 -12.2675 -9.80022 -11.1583 -10.9081 -12.0647 -13.6762 -15.0974 -10.154 -8.19455 -8.56513 -7.63687 -7.45603 -6.48423 -7.18657 -6.01173 -8.54888 -4.37605 -3.91502 -4.79932 -5.23512 -6.90256 -8.55064 -9.3454 -9.90995 -8.28084 -5.37127 -4.82873 -4.08486 -3.22545 -5.2038 -4.79994 -3.73024 -2.04853 -2.16212 -2.36828 -3.03077 -3.59382 -2.70976 -2.57816 -3.61374 -4.05513 -6.09536 -8.42946 -8.11548 -7.02189 -6.76076 -6.76093 -8.04324 -7.1884 -4.77461 -5.41804 -6.28148 -3.9366 -3.32022 -2.08791 -0.913894 -3.18797 -3.97492 -4.64026 -3.8348 -7.67526 -7.10836 -8.23402 -7.59426 -4.21196 -4.62422 -5.69272 -5.44914 -5.83762 -6.36612 -6.29461 -5.49018 -5.4388 -5.68274 -5.47957 -6.24344 -10.2433 -7.99588 -7.00484 -6.40261 -7.06877 -4.5911
 -13.169 -11.0546 -13.1136 -13.9789 -13.0743 -11.6377 -8.95211 -9.01816 -8.80292 -7.84681 -6.91023 -5.74602 -3.85545 -3.22639 -5.58164 -7.26022 -10.2147 -12.2221 -10.6498 -8.27202 -6.51032 -8.34563 -11.8181 -8.94776 -8.44818 -10.9351 -11.0439 -10.3294 -7.57789 -8.95062 -11.6614 -12.1478 -11.646 -9.41742 -8.19288 -7.75957 -5.94965 -5.96669 -5.25508 -5.91559 -6.88229 -2.89344 -3.67276 -3.98786 -5.01147 -5.3458 -6.32577 -6.55911 -7.2479 -7.28676 -7.17733 -6.72901 -3.19144 -3.63276 -3.91639 -3.10239 -4.2725 -0.921439 -0.432329 -1.75714 0.287496 -1.99415 -2.8778 -3.29586 -1.89823 -2.97048 -6.47617 -6.60468 -5.90035 -8.11735 -7.7606 -8.2848 -9.62152 -10.7403 -9.16356 -6.60368 -6.10305 -6.21589 -3.22802 -2.16313 -2.34091 -2.17159 -4.13453 -4.20027 -5.00153 -5.26051 -6.58855 -7.61749 -9.04707 -7.87891 -6.17282 -5.16763 -3.63732 -3.97596 -4.44397 -7.57308 -4.93483 -5.31736 -6.4914 -6.56658 -6.11663 -7.10689 -9.78305 -6.58205 -7.64702 -5.58762 -5.24607 -4.43561
 -9.00497 -9.41265 -11.3542 -13.9575 -12.5189 -9.72419 -8.00487 -7.5764 -7.86138 -5.72426 -4.27593 -4.17017 -4.48393 -1.1967 -3.06889 -5.46794 -6.82596 -8.16754 -7.63135 -8.51328 -7.81017 -9.85428 -10.2166 -10.6668 -8.8928 -10.9351 -10.5674 -8.40213 -7.42746 -8.38638 -8.71241 -11.7129 -7.64866 -7.66181 -5.07356 -5.58452 -5.35791 -5.04599 -5.6585 -5.18411 -5.99635 -3.40447 -5.76808 -6.76863 -5.91055 -3.96247 -4.13995 -5.08079 -6.40212 -6.77713 -6.10209 -7.2413 -5.70573 -5.58138 -4.16093 -3.71104 -4.93677 -0.999985 -0.383115 -1.30679 -0.617382 -1.46442 -2.14554 -3.86402 -3.88116 -2.65996 -5.64412 -4.95871 -5.62436 -8.36608 -8.04459 -6.52678 -8.84489 -10.1782 -8.84901 -5.50973 -6.86975 -4.74428 -4.03626 -3.50787 -2.06052 -2.6809 -1.65236 -4.09991 -3.3927 -3.62648 -6.39994 -7.26747 -7.80283 -7.84635 -6.44154 -4.14459 -3.4235 -3.34629 -3.82348 -4.30932 -4.68846 -4.31218 -6.4914 -7.07891 -6.08291 -6.86149 -8.52132 -6.59292 -6.04132 -6.92195 -6.37754 -3.87114
 -8.72204 -7.56884 -10.7984 -12.7132 -12.1397 -9.77537 -8.09607 -8.08319 -6.94719 -6.50467 -6.03469 -4.15886 -3.55063 -2.4497 -1.90714 -4.71681 -5.37263 -7.88945 -7.88945 -7.09385 -6.70856 -4.84917 -7.96243 -9.60253 -8.96996 -8.90659 -7.89174 -9.00356 -8.17788 -7.89591 -8.54934 -8.16485 -7.19975 -4.11115 -5.02032 -5.84906 -6.82373 -4.8874 -5.95173 -6.61378 -5.03146 -5.86428 -6.26058 -7.11959 -5.76681 -3.98327 -2.52685 -4.03539 -6.24671 -7.21497 -5.60185 -6.96846 -8.02597 -5.35656 -3.64437 -2.85384 -2.84129 -1.84088 -1.07899 -1.30679 -2.10934 -3.14396 -1.8424 -2.22398 -2.79501 -3.51411 -5.02775 -5.60479 -5.83931 -8.5829 -7.95653 -5.91041 -8.67846 -10.3718 -10.1898 -7.7638 -6.14559 -5.60466 -4.48622 -4.07798 -3.51881 -5.26421 -3.08614 -3.27305 -3.97739 -4.60469 -4.85599 -9.07618 -7.12341 -5.51122 -3.39631 -4.44205 -2.98598 -2.92336 -2.3952 -3.40407 -4.72837 -3.6438 -5.97961 -6.06253 -7.78694 -7.76416 -6.16045 -8.11347 -6.50211 -3.22635 -4.16299 -3.4841
 -10.4057 -9.06176 -8.97269 -8.96002 -10.5938 -8.72836 -6.5847 -7.02586 -6.43807 -6.93312 -5.97024 -6.30775 -2.7774 -2.89077 -3.8784 -4.24628 -3.74834 -4.75814 -5.61314 -5.03594 -6.18462 -6.07581 -5.61633 -7.94048 -7.8906 -8.08864 -7.29618 -8.62495 -9.68206 -9.88997 -7.01304 -6.69773 -6.20247 -4.49316 -5.63975 -6.36515 -4.98619 -7.88045 -7.1411 -5.06832 -3.73329 -7.30899 -8.38532 -8.08256 -4.82791 -5.77652 -3.90926 -4.64334 -6.1369 -7.70644 -6.38135 -9.36862 -8.93282 -9.65132 -6.01661 -3.12473 -3.57277 -2.01305 -1.0374 -3.43342 -2.58859 -2.61237 -3.24123 -2.21033 -3.25937 -5.08143 -5.59814 -6.4111 -5.24222 -7.47618 -7.35944 -7.82611 -8.86194 -10.4631 -9.23989 -9.10831 -7.2255 -6.72086 -4.86748 -4.52558 -5.3647 -6.5173 -4.66406 -3.08614 -5.32797 -5.6893 -5.34737 -6.15591 -5.92654 -5.30594 -1.78467 -3.70341 -3.64297 -4.21126 -3.2556 -2.71189 -3.15562 -3.05129 -6.76094 -7.69279 -7.15628 -7.25813 -5.29516 -7.24478 -8.11135 -6.38757 -4.12502 -3.26157
 -11.5622 -9.49732 -8.97269 -8.45631 -9.56317 -6.59947 -6.09636 -6.96165 -6.43807 -5.97516 -6.24808 -4.77654 -3.23151 -4.07368 -4.44492 -4.03554 -3.43651 -4.45836 -4.4119 -6.14132 -6.38132 -6.43203 -7.27652 -6.95765 -6.96619 -4.37335 -7.1866 -8.4128 -9.0021 -7.58176 -6.5573 -7.70759 -4.22773 -1.56066 -4.40766 -4.44018 -4.91396 -7.9497 -7.34995 -8.52475 -8.72329 -7.38139 -6.60713 -6.18389 -7.82987 -6.31011 -4.29524 -4.03313 -6.8864 -8.17129 -8.29188 -8.88547 -8.41552 -9.13476 -8.27748 -7.53376 -4.17604 -2.06655 -0.951995 -3.83619 -3.6077 -3.10148 -3.08295 -3.70972 -2.64025 -3.76993 -5.65727 -5.21196 -6.07708 -5.79643 -6.38383 -7.82611 -8.82588 -10.0703 -11.2914 -10.8737 -8.71515 -7.65189 -7.37152 -7.67969 -4.92686 -5.38426 -4.18481 -3.77237 -4.64895 -6.02782 -6.94697 -4.97847 -4.28543 -4.05787 -1.42257 -1.4276 -5.25131 -5.09332 -3.14022 -4.65093 -4.82171 -3.59203 -4.8289 -6.11399 -7.16375 -6.62186 -7.09206 -6.05551 -7.19129 -7.55283 -6.01513 -4.46542
 -11.5761 -11.0816 -9.40646 -8.4112 -9.42422 -5.6058 -5.07368 -6.96165 -7.46557 -6.5463 -5.16884 -3.9246 -4.9563 -2.94642 -2.48553 -2.62817 -5.73344 -2.67746 -3.91 -3.47153 -5.32642 -5.34811 -6.30306 -6.44004 -7.79553 -2.70185 -5.54162 -5.1064 -7.71815 -5.32301 -5.32301 -5.17548 -0.921694 -0.121848 -1.67229 -3.77311 -6.93307 -8.02784 -7.75112 -7.1509 -9.83097 -7.32928 -6.38555 -6.97007 -7.87942 -5.69467 -3.79572 -4.29064 -6.28825 -6.55439 -6.77039 -8.63543 -10.1618 -11.2582 -8.26355 -8.37628 -6.04862 -2.91913 -4.0353 -4.05489 -5.74254 -3.43196 -4.03605 -3.16102 -2.48862 -2.62745 -6.15179 -7.05954 -6.16451 -5.50147 -6.4826 -9.66555 -11.3253 -11.1303 -11.4061 -10.4923 -9.50926 -9.13877 -9.26445 -8.19492 -7.64755 -5.45649 -3.5483 -3.48554 -5.08889 -4.20036 -4.54016 -5.14159 -3.02614 -2.17714 -2.91134 -4.508 -4.3992 -5.91295 -3.94304 -5.22102 -5.85729 -4.10702 -4.39964 -5.57601 -5.30654 -4.78342 -5.25362 -5.04133 -5.74782 -5.71255 -5.50474 -5.27839
