# name: MAT
# type: matrix
# rows: 66
# columns: 120
 -8.02158 -8.54251 -7.951 -8.41194 -7.2493 -7.29733 -7.47242 -6.44903 -5.29216 -2.24014 -3.77344 -4.45993 -5.59286 -5.57985 -4.99234 -6.00219 -5.9368 -7.86859 -10.2493 -10.6749 -12.6116 -10.8516 -11.1805 -10.1253 -9.35478 -8.1009 -8.32517 -8.04566 -8.31422 -7.37853 -7.37741 -6.94161 -8.85034 -6.54246 -9.30153 -7.25587 -6.26347 -5.98472 -3.73119 -3.91972 -3.59399 -3.02389 -3.08751 -3.08733 -2.49982 -3.58613 -4.88771 -6.17422 -6.61634 -7.21646 -6.48497 -5.85391 -6.06643 -6.95573 -6.02738 -5.45716 -5.95849 -7.22656 -8.5083 -9.18562 -6.48067 -3.31703 -3.27573 -2.75186 -1.78318 -1.90049 -4.60167 -6.24734 -6.24734 -5.30505 -6.96092 -6.61122 -7.35394 -7.79451 -5.27818 -5.15975 -6.37896 -3.22141 -2.36858 -3.66154 -4.45402 -3.32678 -3.21137 -3.91057 -3.47537 -2.94979 -2.87361 -3.32836 -4.30293 -4.39652 -6.60526 -4.4305 -3.97933 -3.88524 -6.18979 -4.90412 -2.67033 -3.74506 -3.17813 -2.63721 -2.16751 -3.09689 -3.03541 -1.02977 -2.42388 -1.61985 -0.755711 -0.302917 -0.333081 -1.55167 -3.2346 -3.52666 -5.01774 -7.03374 -7.32318 -6.28919 -5.76059 -4.44935 -4.44935 -4.25041
 -6.58663 -6.00202 -7.45296 -7.91248 -7.39592 -7.35045 -7.24102 -5.24044 -3.2379 -2.83673 -2.90815 -4.02258 -4.98828 -4.48804 -5.17615 -4.27373 -4.6968 -6.4919 -7.87558 -9.90982 -11.0512 -11.0512 -10.3766 -9.87636 -9.03948 -7.72837 -7.76015 -8.26481 -7.82955 -8.46611 -8.57438 -8.31015 -8.97424 -9.306 -10.8622 -9.55871 -7.45396 -7.82202 -6.01395 -4.93988 -4.48543 -5.50704 -3.4755 -3.34192 -4.08224 -5.66866 -6.26615 -7.02868 -7.31331 -7.75689 -7.75689 -8.57613 -8.01002 -8.60278 -8.12401 -7.18535 -7.17059 -8.3723 -9.99943 -9.94777 -6.87716 -4.445 -4.40371 -3.73753 -5.14065 -6.27532 -6.98834 -8.60489 -6.83738 -7.60125 -7.5567 -7.09936 -8.65041 -7.29676 -5.62639 -6.65693 -4.37567 -3.79652 -3.48213 -3.39205 -3.9502 -5.10295 -4.45198 -3.636 -1.02047 -2.77711 -2.82216 -2.7769 -3.82713 -4.39652 -4.69292 -4.62028 -5.57098 -5.91265 -7.30372 -5.59482 -4.42322 -4.92487 -4.32154 -3.65075 -3.12075 -2.51244 -1.26958 -2.07031 -2.42388 -3.4907 -1.90885 -2.67061 -2.08747 -0.966347 -2.12344 -3.66325 -6.84774 -7.44828 -5.80567 -5.85171 -4.08319 -4.71925 -2.94951 -2.06424
 -5.38371 -5.98071 -7.44247 -8.35032 -6.52247 -6.48516 -5.42309 -4.99441 -3.91137 -3.76667 -2.71385 -4.72112 -4.98828 -4.48804 -4.68828 -3.60947 -4.08679 -5.41555 -7.76837 -8.55046 -10.6492 -10.0746 -8.4923 -8.40321 -9.16708 -8.47897 -8.22046 -7.65063 -7.63297 -7.22335 -7.17204 -7.64095 -8.42327 -8.1143 -8.85811 -9.19439 -8.68476 -8.51202 -4.48077 -4.5595 -3.25949 -5.89187 -5.1128 -4.97093 -4.94923 -4.992 -6.47426 -7.97398 -8.73785 -8.23614 -9.07887 -8.57755 -8.52805 -9.03021 -8.64494 -8.64783 -9.5667 -9.04577 -10.4873 -7.59455 -6.64333 -4.445 -4.99289 -5.5804 -7.51505 -6.85796 -6.38193 -9.21057 -9.21057 -10.8956 -8.38518 -9.82365 -9.99361 -7.62275 -7.75067 -6.00607 -4.08234 -4.3194 -5.72305 -2.84839 -4.06382 -4.47063 -3.62705 -2.53016 -1.13275 -2.3669 -2.5869 -3.19311 -4.14078 -3.35739 -5.21734 -4.32278 -5.84692 -5.23474 -8.07676 -5.16772 -4.10439 -4.7533 -5.54434 -4.81149 -3.63006 -2.22081 -1.69751 -1.56899 -3.96408 -4.4655 -4.10268 -3.18165 -3.11064 -1.6156 -3.78815 -5.19596 -6.22319 -7.9525 -6.5077 -4.50348 -5.56257 -3.08658 -2.34148 -0.31105
 -4.92116 -5.14613 -6.54537 -7.51596 -6.43666 -5.48149 -4.97476 -5.42367 -4.97347 -4.85137 -5.58972 -4.02902 -3.71624 -4.00018 -4.00018 -3.47041 -2.72281 -5.34977 -8.44153 -8.62309 -9.98276 -8.59238 -8.4649 -7.93773 -9.16708 -7.80709 -7.6158 -8.73248 -7.87742 -6.66215 -7.99052 -6.97388 -7.20244 -9.15829 -7.48707 -7.53384 -7.29245 -6.00413 -4.03097 -4.1381 -5.90967 -5.80541 -6.5741 -5.88513 -4.74304 -5.45748 -6.36666 -7.00293 -8.16476 -10.5266 -11.8486 -9.60753 -10.2291 -9.25514 -10.5053 -9.99216 -8.48536 -8.48536 -8.79259 -6.96315 -6.43031 -6.0858 -6.83628 -7.48746 -6.66507 -6.21548 -7.35981 -10.0481 -9.22978 -10.8956 -9.83614 -11.4016 -8.94505 -6.65725 -6.82436 -5.52557 -5.14927 -5.49981 -5.6403 -4.09586 -5.8836 -5.61128 -4.639 -4.2316 -2.3579 -2.14007 -3.13597 -3.67613 -4.74811 -3.59718 -5.19665 -4.01242 -4.2961 -7.3818 -8.06581 -8.29577 -6.97415 -5.64236 -5.08278 -2.78206 -3.54593 -3.46161 -2.54621 -3.93599 -4.03878 -4.55367 -4.76695 -3.02303 -1.95362 -2.49219 -4.29701 -3.77229 -5.19212 -7.28063 -8.46058 -4.23075 -5.0963 -2.1694 -1.12421 -1.82729
 -5.07886 -7.06719 -6.43307 -7.13175 -7.02472 -5.18828 -5.68608 -5.21646 -4.76626 -4.3403 -6.26411 -3.28044 -2.79133 -1.22265 -1.84724 -2.55161 -2.04625 -3.65979 -5.66111 -6.1894 -8.62099 -7.35281 -9.15999 -7.93354 -8.69741 -9.01439 -9.54709 -9.27186 -7.68101 -6.6547 -5.72612 -6.42193 -8.15791 -7.69011 -7.69011 -7.80772 -7.20832 -6.12911 -6.08889 -5.23248 -8.51771 -5.82197 -6.67845 -6.62188 -6.03953 -6.02171 -6.47004 -7.6764 -8.39298 -8.76736 -10.5736 -10.5745 -11.7386 -10.2457 -10.4814 -9.35341 -9.40943 -10.1364 -8.48108 -6.94632 -6.91988 -5.44794 -4.28378 -5.91302 -7.684 -6.70045 -6.94811 -8.54712 -10.3372 -11.8306 -11.4263 -10.1751 -8.3706 -6.76773 -4.8431 -4.63707 -4.76292 -4.68421 -4.90753 -4.55833 -4.77837 -3.76777 -4.74452 -3.68895 -3.34841 -1.80875 -4.23376 -2.55031 -3.19115 -3.70027 -4.31261 -3.20132 -4.05789 -5.67207 -6.94167 -8.22494 -5.86961 -5.50413 -5.67749 -4.3868 -4.58241 -4.22405 -4.22405 -4.15091 -4.58635 -4.0297 -5.35446 -3.36211 -1.87735 -4.14973 -5.78535 -5.6857 -6.61062 -8.61937 -8.45651 -5.75983 -2.9167 -3.03776 -2.19929 -1.20575
 -4.98584 -7.04086 -7.18964 -8.04555 -6.57477 -6.2215 -5.70494 -5.66478 -4.76626 -6.31852 -4.38761 -3.91831 -3.85018 -3.42044 -2.23282 -2.40445 -2.08891 -2.46039 -4.13059 -4.61974 -7.0369 -8.14503 -7.77357 -8.64713 -8.78709 -7.92603 -9.21117 -8.17758 -7.20176 -7.62969 -7.02722 -6.99502 -7.96245 -6.73349 -6.92313 -6.93763 -6.39026 -5.77058 -3.36805 -5.18538 -5.45882 -5.81295 -6.25231 -5.73138 -5.74615 -4.53125 -6.24476 -7.20783 -9.72292 -11.1063 -10.4777 -11.2405 -12.3411 -10.8904 -10.7629 -8.93107 -8.29877 -8.31175 -7.83503 -8.83793 -6.76774 -7.42916 -6.51314 -8.03389 -7.34474 -7.90889 -8.75742 -10.5144 -10.5636 -10.5636 -12.468 -11.3171 -9.86452 -6.73364 -4.97402 -7.25706 -5.22722 -4.82141 -4.96535 -4.09285 -3.7933 -2.44784 -3.80093 -1.96678 -2.87764 -0.579414 -1.73804 -2.60068 -2.68881 -2.95045 -4.81542 -3.14582 -3.92911 -4.49461 -4.68386 -5.93356 -6.95249 -7.03534 -6.48062 -5.30298 -6.76516 -4.77863 -4.26207 -4.35216 -4.93967 -6.33206 -3.9198 -4.17149 -4.31229 -4.19894 -5.26147 -5.26147 -5.59763 -7.14756 -6.46454 -5.53832 -5.73205 -5.49636 -4.34975 -1.95461
 -6.01567 -8.08292 -8.06363 -7.66409 -7.22484 -5.88378 -5.899 -6.21789 -5.5276 -4.50461 -4.51276 -2.88647 -2.89715 -2.2402 -1.84189 -3.08319 -2.31806 -1.38218 -3.60075 -4.37211 -5.3471 -6.95896 -8.3019 -8.59248 -8.26086 -7.40937 -7.17468 -7.6536 -7.20176 -6.66321 -6.79988 -6.48675 -9.09695 -7.02294 -6.57462 -6.54424 -3.65647 -3.85005 -4.29223 -3.95453 -3.8083 -4.21634 -5.37594 -5.79846 -5.57339 -5.99544 -6.44376 -6.45728 -8.2422 -10.3057 -8.91842 -9.07631 -10.8907 -10.9928 -10.8389 -10.2141 -10.0768 -8.34069 -9.84427 -9.41047 -10.3685 -9.22313 -10.1137 -10.7029 -9.37879 -8.01887 -7.66303 -9.75712 -10.4434 -11.0592 -13.0194 -11.8686 -11.4413 -9.82843 -8.24599 -6.79306 -7.54363 -6.69091 -7.35747 -6.35057 -3.04095 -3.65837 -3.84802 -2.25235 -1.78184 0.0568548 -1.153 -2.42616 -1.93899 -2.97546 -4.08394 -4.87474 -3.2479 -1.92408 -3.06302 -5.13639 -6.74126 -7.1692 -5.65916 -4.37052 -4.80412 -4.26207 -4.26207 -3.54627 -4.13378 -3.87933 -4.1858 -2.98383 -3.77659 -4.87061 -5.26147 -5.14958 -4.18088 -5.56981 -6.24132 -5.41048 -4.99676 -4.48632 -5.01639 -4.02487
