# name: MAT
# type: matrix
# rows: 71
# columns: 113
 -4.70064 -2.71784 -3.51005 -4.12355 -3.11489 -2.2619 -2.4058 -2.4058 -1.16471 -2.55948 -4.12543 -5.32212 -4.48524 -4.58797 -4.44027 -6.75791 -4.95433 -4.61486 -6.32315 -5.89004 -3.84243 -4.967 -5.54367 -6.62943 -6.73174 -6.34062 -4.15137 -4.26396 -2.12616 -1.92625 -4.4448 -4.96224 -5.0863 -4.87835 -2.52626 -4.94365 -5.58955 -7.92067 -8.31293 -10.6754 -8.32886 -7.77152 -7.81011 -8.8206 -6.86836 -7.80067 -7.96184 -6.75565 -7.15921 -7.95693 -8.2975 -8.63292 -6.12005 -6.96192 -5.92838 -5.13019 -4.36683 -6.80403 -6.08825 -6.13736 -5.38878 -5.66775 -5.84595 -8.60846 -6.31722 -6.40627 -6.19732 -5.58153 -4.9284 -3.81847 -4.06936 -5.11172 -3.92951 -3.45049 -1.3254 -1.34754 -2.2431 -0.449725 -1.75944 -3.20746 -4.88911 -5.61456 -3.85512 -2.18643 -1.43615 -1.64575 -1.09883 -3.36945 -3.76481 -4.7289 -5.21963 -6.12218 -6.1618 -7.83391 -8.24576 -8.5518 -7.66819 -5.61705 -6.18506 -3.81833 -0.545283 -0.983122 -2.3675 -2.43174 -3.75939 -6.47168 -8.93149 -9.28635 -11.8882 -12.4358 -10.127 -12.4484 -11.1235
 -5.3342 -2.9346 -3.05477 -3.06535 -2.07383 -2.30523 -2.05842 -2.23772 -4.49798 -5.218 -6.35143 -6.96837 -5.43914 -5.48841 -7.22961 -7.18098 -6.73399 -6.41988 -7.55971 -6.93909 -5.13311 -5.88796 -6.04556 -6.04556 -6.54945 -4.42564 -5.04343 -3.465 -4.09531 -4.05754 -4.9701 -4.03981 -3.70043 -3.19373 -2.37168 -5.47068 -6.01757 -6.73308 -8.39869 -8.50937 -6.43402 -5.43038 -6.32296 -7.55052 -7.92914 -8.43242 -8.39441 -6.97198 -9.3042 -10.6754 -9.7891 -8.95892 -7.30149 -5.69998 -6.06406 -4.86674 -6.00883 -4.1925 -5.56427 -6.13736 -6.17689 -6.20029 -6.34619 -7.52638 -6.95818 -5.92923 -6.78963 -3.31397 -3.12994 -1.51245 -2.64851 -3.72925 -4.67451 -2.58949 -2.40455 -3.1866 -3.89033 -2.37419 -4.64072 -4.76384 -5.41506 -5.11363 -2.97631 -2.14122 0.354226 -0.399554 -1.78343 -2.88399 -3.73829 -3.66461 -4.61923 -5.71934 -6.32118 -7.76733 -7.08698 -8.43937 -7.95759 -5.45559 -5.44568 -5.00688 -0.978341 -0.162732 -2.62462 -2.4614 -4.76336 -8.51306 -8.69073 -7.61834 -10.1472 -9.55188 -9.90541 -12.2924 -11.3915
 -5.3342 -5.35519 -4.10954 -4.40761 -2.76635 -3.72115 -4.23318 -4.01778 -5.18609 -5.88364 -6.8288 -6.17697 -5.69951 -6.2338 -7.73091 -8.26208 -7.83609 -8.37292 -10.1903 -7.54461 -5.79737 -7.3494 -6.65681 -6.11702 -6.10397 -7.56994 -5.10073 -4.08054 -4.57456 -3.79172 -3.27846 -4.51697 -3.37921 -3.17895 -3.61679 -3.90471 -5.10439 -4.01735 -3.68462 -5.85119 -6.35408 -6.23452 -7.1941 -7.10879 -9.68407 -7.94708 -7.96232 -8.23403 -8.52432 -10.2347 -8.54027 -7.7983 -7.47205 -5.88383 -5.61411 -6.10758 -5.35366 -5.33652 -4.55877 -6.41069 -6.21249 -6.72501 -6.23371 -7.00873 -7.20492 -4.87326 -4.4996 -2.5972 -2.0285 -2.39504 -2.64851 -4.10993 -4.73487 -3.11421 -3.10142 -4.9226 -3.94603 -3.3827 -4.53533 -5.21238 -5.43276 -4.26566 -5.231 -2.50762 -1.3875 -0.47569 -2.26267 -2.90875 -2.87484 -3.76566 -5.21911 -5.6512 -5.6512 -3.91406 -5.49236 -6.39177 -6.37177 -3.81838 -4.14339 -2.63781 -2.63781 -0.376913 -3.26334 -3.30588 -5.51104 -8.56429 -8.99639 -7.74054 -7.74187 -10.1442 -10.716 -10.1031 -11.0751
 -5.30942 -8.25128 -6.68141 -5.91215 -5.71526 -6.39757 -5.70932 -5.43977 -5.00842 -8.82724 -7.43826 -6.82609 -8.35517 -6.24238 -8.23462 -8.23462 -8.39239 -10.5319 -10.1851 -9.23507 -8.67467 -7.78724 -7.79642 -7.14811 -7.34319 -6.52059 -6.62088 -8.46642 -6.17628 -2.90207 -3.51457 -3.0267 -3.41062 -5.0475 -4.89193 -4.9157 -4.24547 -2.6545 -2.94709 -4.63157 -5.76899 -6.68447 -7.19378 -7.80445 -7.61664 -8.27282 -7.16614 -7.33176 -7.85236 -9.40384 -7.66182 -7.80627 -6.47839 -6.21147 -6.10103 -5.58997 -6.1147 -4.50271 -3.8375 -5.99086 -5.76417 -6.60296 -5.87997 -5.95686 -5.07554 -5.72512 -4.18569 -3.04716 -3.56927 -1.87848 -3.49356 -5.12856 -4.78306 -4.86028 -6.44692 -5.60188 -2.93679 -2.73558 -4.89029 -6.72157 -5.69011 -4.06804 -3.12831 -2.12219 0.148224 1.02875 -1.66821 -1.90323 -2.88594 -1.98189 -2.90257 -4 -5.14904 -2.92643 -5.47608 -5.29535 -6.09111 -4.00325 -2.21129 -1.50624 -1.68377 -1.15258 -1.20461 -4.21531 -6.83929 -8.59316 -8.56429 -7.31748 -7.95772 -8.60379 -8.79271 -8.52199 -9.69389
 -7.89844 -8.05014 -6.10469 -6.92011 -5.83739 -6.47387 -6.98317 -6.86096 -5.93509 -8.89897 -8.90456 -6.64755 -6.29853 -7.38315 -8.87168 -8.3751 -8.84651 -10.5319 -10.2159 -10.9718 -9.93719 -8.20473 -7.85001 -7.89805 -7.50215 -6.59942 -8.25944 -9.47018 -9.93734 -4.27751 -5.081 -4.9813 -4.9813 -5.92212 -5.70641 -5.89167 -3.84346 -2.34919 -2.57024 -3.53517 -4.33314 -1.99139 -5.79488 -5.81028 -6.55821 -7.51557 -8.78038 -7.08052 -10.0237 -9.66937 -8.01423 -10.1774 -6.5451 -5.59644 -5.89447 -5.1306 -5.56732 -4.13558 -4.16242 -6.82983 -6.8793 -6.164 -7.36288 -7.87251 -5.26433 -6.93722 -5.28852 -5.79958 -4.61664 -3.0856 -4.04705 -4.79189 -6.6786 -6.91997 -8.21795 -6.71491 -4.31907 -3.9272 -5.211 -5.48917 -5.95511 -3.58949 -1.74843 -2.2363 -1.74843 0.74582 -0.66155 -3.06986 -2.70061 -3.79573 -5.66539 -3.99627 -6.47541 -6.10751 -5.66441 -6.44687 -7.35174 -4.50348 -4.0046 -1.62148 -0.315029 0.152989 -0.869213 -4.23792 -6.76368 -8.61794 -8.68936 -9.42785 -9.80524 -9.37731 -9.46929 -8.52006 -9.19173
 -8.81238 -8.41318 -8.3863 -8.4528 -6.36737 -7.6515 -8.29009 -8.07089 -8.47593 -9.33286 -7.62254 -7.27352 -6.29853 -6.84939 -8.46677 -9.42075 -9.4166 -11.5139 -10.2912 -9.23564 -9.93719 -9.56083 -8.07803 -7.69298 -6.48755 -4.58589 -7.5627 -8.18069 -8.65934 -2.95925 -3.48082 -5.58141 -4.9813 -4.78389 -6.06054 -7.26565 -3.82444 -3.85414 -2.37031 -2.43713 -3.37697 -2.95451 -3.23346 -5.66044 -7.93321 -8.2209 -8.13039 -8.73988 -9.98664 -9.51972 -9.18518 -10.1774 -7.04201 -7.114 -5.89447 -5.89447 -4.67328 -4.47193 -5.08973 -6.28267 -6.05697 -6.60576 -5.65751 -6.23044 -5.41228 -6.11218 -6.15754 -5.71789 -6.26526 -5.63337 -4.65718 -8.3984 -7.89341 -7.79224 -9.57868 -8.8368 -6.77992 -6.01745 -3.23336 -5.79352 -5.07093 -1.97625 -1.11096 -2.36428 -1.42646 -1.21265 -2.13839 -3.37424 -4.22068 -5.57182 -5.12591 -6.62643 -6.76517 -7.41443 -6.98851 -7.84457 -6.07384 -4.89815 -3.41545 -2.43422 -1.46917 -1.53375 -3.35132 -1.44202 -5.38445 -9.25031 -10.5259 -10.535 -10.126 -10.2793 -10.6059 -9.76086 -9.70104
 -8.99867 -8.66477 -8.09703 -7.25115 -6.79293 -9.95403 -9.99622 -10.0437 -10.9038 -9.42724 -8.63405 -7.85354 -7.92516 -7.95035 -7.11487 -8.50603 -9.27327 -10.8539 -7.97993 -9.23564 -9.41503 -8.95067 -6.09701 -7.17631 -7.04143 -4.72489 -4.8991 -6.6857 -9.94395 -4.92548 -4.90079 -5.39094 -6.66608 -4.80409 -5.04154 -6.32557 -3.82444 -3.85414 -3.84796 -3.77393 -4.26017 -5.53556 -4.71949 -4.94663 -5.50777 -6.81216 -7.29869 -10.3018 -10.5991 -10.1261 -11.8098 -10.3433 -8.94139 -6.66546 -7.11526 -5.63281 -5.26469 -4.55808 -3.62538 -5.92549 -6.12303 -4.96349 -5.72604 -7.94533 -7.79964 -5.597 -6.69557 -5.6176 -6.16497 -6.14945 -6.83142 -8.8898 -11.4526 -9.80839 -8.39896 -7.71289 -7.92105 -7.01418 -5.08207 -5.34584 -3.68311 -1.97462 -0.661007 -1.21247 -1.96887 -2.85791 -3.81732 -3.66531 -4.71199 -4.99335 -5.61721 -6.59233 -7.88462 -7.43608 -8.09619 -6.60962 -6.43278 -4.41388 -1.8678 -0.41687 -0.149802 -0.454176 -4.06126 -4.77585 -6.05533 -8.30688 -8.93314 -10.1686 -10.1512 -10.5067 -10.8117 -9.99938 -9.98294
