# name: MAT
# type: matrix
# rows: 97
# columns: 93
 -5.45295 -7.43259 -8.85431 -10.7355 -10.7829 -11.2312 -8.52726 -11.6101 -11.1016 -10.6108 -9.55737 -7.49511 -6.83735 -7.55279 -9.23461 -10.31 -6.31339 -7.12319 -5.30817 -3.58501 -5.78331 -6.22823 -6.46157 -5.97564 -5.69413 -5.18752 -5.15713 -5.74714 -4.87374 -5.40112 -3.21557 -3.07042 -3.94963 -5.37293 -4.57292 -4.14498 -3.50509 -4.21221 -4.08223 -6.06873 -6.70674 -6.96326 -7.22406 -5.74478 -4.0249 -2.58727 -2.00392 -0.959565 -0.415027 -1.18969 -0.26206 -0.909146 0.801696 0.800683 -1.54788 -2.38222 -2.61288 -0.47543 -1.18094 -3.29093 -5.63835 -6.86298 -6.28277 -5.12169 -5.89064 -8.21057 -7.80629 -8.82094 -4.70493 -3.20352 -2.37055 -0.73074 -0.452733 -2.61733 -3.39257 -3.6788 -3.09327 -4.22937 -2.86558 -2.42166 -2.88468 -5.95086 -5.28521 -5.6977 -5.77013 -4.72885 -4.52905 -6.01954 -6.95495 -6.72373 -8.06832 -7.35342 -8.9591
 -7.42064 -7.54643 -10.5605 -11.4723 -10.8224 -11.4116 -11.2637 -10.6015 -11.2236 -10.5636 -8.88785 -9.14272 -7.54516 -8.02326 -9.74826 -9.80067 -9.17295 -7.55245 -7.20263 -3.75613 -5.23901 -6.23548 -4.80076 -5.90551 -6.17338 -5.68207 -5.19233 -3.79736 -4.23269 -4.57813 -5.13271 -4.4401 -3.86998 -4.65198 -4.12003 -5.07304 -4.30363 -2.18467 -3.58771 -4.84471 -5.90007 -5.28104 -5.54278 -4.43573 -2.90319 -1.41343 -0.816337 0.384974 1.60272 -0.778065 -0.502156 0.946338 3.25112 0.749974 0.581562 -1.55751 -2.06338 -2.54278 -3.30928 -2.96818 -3.91264 -6.36131 -5.99129 -4.98039 -5.4087 -7.87821 -8.35558 -8.21957 -5.52019 -3.48233 -2.72886 -1.22277 -2.49493 -2.71764 -3.16748 -3.61602 -3.53975 -4.23376 -4.04247 -3.51681 -3.74987 -5.07721 -5.08583 -4.95332 -4.19302 -3.50492 -3.37002 -4.56098 -4.10065 -5.93939 -7.33646 -6.28027 -7.79629
 -8.03051 -8.14218 -9.14808 -11.7053 -11.6236 -12.964 -10.8382 -11.5129 -10.0308 -10.9854 -9.44963 -9.32302 -6.87343 -8.00073 -9.00488 -9.39832 -8.26167 -6.02673 -6.06906 -3.62814 -5.32947 -5.71512 -5.81152 -6.4266 -6.56143 -6.6865 -4.16357 -3.06946 -4.10652 -5.12363 -4.45196 -3.63128 -3.61574 -3.60869 -4.52256 -2.77551 -0.957516 -0.377494 -3.52385 -3.27913 -4.77658 -4.68463 -5.6502 -2.30679 -0.310005 0.0556524 1.63372 2.07842 3.10338 1.88285 2.69571 2.90418 1.94472 1.8506 1.16864 -2.17432 -0.505236 -1.48583 -2.97402 -4.41755 -4.20297 -4.71872 -4.65522 -4.10259 -4.10259 -6.10045 -7.90667 -6.30019 -5.35998 -3.94737 -2.33791 -1.04791 -3.5077 -3.44112 -4.31674 -4.80913 -3.45353 -2.82531 -4.04819 -3.00072 -3.14844 -6.34369 -4.74761 -5.68239 -5.18787 -3.0104 -3.80323 -5.04157 -2.98546 -4.08114 -5.0823 -8.05691 -8.10422
 -7.46799 -8.43501 -9.4137 -9.79127 -11.3282 -10.923 -9.66306 -10.5527 -10.371 -8.99713 -8.86166 -9.38163 -9.06467 -8.87109 -9.87198 -8.89699 -8.31122 -6.02302 -5.4474 -4.31119 -5.48638 -7.66526 -5.98366 -5.93872 -7.06232 -5.01507 -4.06437 -4.07154 -3.2839 -2.42395 -2.42395 -3.67185 -1.4615 -2.2894 -2.21783 -1.64671 -0.95261 -0.458306 0.309127 -2.69285 -4.29043 -5.69787 -2.98217 -3.04356 -0.759957 0.56458 2.6928 5.71449 3.76291 2.9052 2.86624 2.47871 3.55096 2.70223 2.47397 -0.489369 -0.865174 0.204357 -1.44841 -3.68554 -2.86259 -2.77708 -0.108692 -0.108692 -3.40189 -5.42899 -5.94092 -3.79118 -4.59734 -4.46439 -4.16545 -1.69586 -1.82186 -2.77326 -3.17506 -4.53157 -2.84025 -2.36081 -0.730326 -2.13032 -2.20145 -3.96251 -4.68113 -4.15355 -4.23138 -3.60359 -5.09165 -5.33861 -4.14869 -4.1939 -6.2675 -6.76245 -8.34221
 -7.22969 -8.3029 -9.32764 -9.91682 -11.4334 -11.6913 -10.7152 -10.2939 -9.95345 -10.3814 -10.3814 -9.56846 -11.5432 -10.5452 -9.87256 -9.43878 -8.83594 -6.57845 -5.66087 -3.79453 -4.8025 -7.68546 -7.14852 -5.45894 -6.55921 -6.05445 -5.10375 -5.05368 -2.54887 -2.93909 -2.3075 -2.32192 -0.504653 -2.40086 0.10444 0.392289 0.0468967 -0.343111 1.09287 -2.72589 -3.77528 -5.62713 -5.49016 -3.56655 -2.33328 1.04408 4.00975 3.53924 3.53024 4.12642 2.91408 3.16497 4.38246 2.63216 2.43853 1.535 -1.03203 0.307286 -2.77529 -3.40727 -2.93855 -1.99672 -1.68608 -1.19821 -1.70182 -4.40957 -4.41218 -4.92884 -4.27033 -2.54754 -2.36699 -2.66521 -2.71906 -2.43173 -2.43194 -3.48285 -3.85056 -3.31354 -1.3453 -1.988 -2.16695 -2.84093 -3.39627 -3.50318 -3.36873 -4.55537 -4.6628 -6.83641 -6.98498 -7.21152 -5.68499 -6.85002 -8.19852
 -7.91988 -11.2192 -10.7099 -10.7099 -10.6078 -10.3565 -11.1099 -8.21879 -9.21547 -10.0373 -9.42094 -8.88572 -12.6162 -12.8445 -12.48 -10.6749 -10.216 -8.48328 -7.4721 -6.27067 -4.99733 -8.36147 -8.93636 -8.01197 -6.0679 -6.05445 -5.10375 -6.58106 -3.91195 -4.06769 -3.4057 -2.14028 0.224449 -0.636934 0.0447632 1.84117 0.496848 -0.655222 1.54765 -1.73413 -3.4757 -5.38119 -5.71658 -4.55099 -0.891644 1.49664 2.7764 5.7721 3.63279 2.63086 2.14136 5.07056 3.70164 3.01538 2.01085 2.98736 -1.04751 -0.824497 -3.05099 -4.49901 -1.73128 -2.43166 -1.1895 -1.68608 -1.31574 -3.97292 -3.54083 -5.16475 -4.65416 -3.63361 -1.83709 -2.30955 -3.22511 -2.67207 -3.30081 -3.73061 -4.05375 -4.45326 -3.51213 -0.975143 -1.22669 -1.77747 -1.09717 -1.84243 -2.45585 -5.19228 -6.31269 -7.79719 -6.35251 -7.38068 -5.90684 -6.793 -8.10675
 -8.79106 -12.0826 -11.2192 -11.2252 -10.7943 -9.69774 -8.45166 -8.73016 -8.20999 -8.96109 -10.4601 -10.3278 -9.96061 -13.2819 -11.5021 -12.8929 -9.98803 -10.3266 -7.4721 -6.27067 -4.63063 -8.83013 -9.42976 -9.51154 -8.37608 -6.51149 -5.62827 -6.15668 -4.49549 -5.52463 -2.30001 -1.23235 -0.20937 -1.03004 0.737836 -0.521415 -0.254696 -0.390079 0.79309 -0.986813 -4.04992 -4.36853 -4.14633 -3.67364 -2.92244 -0.43834 1.91791 3.43515 1.92355 3.64809 2.92406 3.2264 3.57397 2.70868 1.16934 0.672765 -0.855364 -3.43814 -4.0478 -3.64668 -2.16439 -1.29417 -2.54877 -1.29637 -1.23026 -4.57738 -4.03783 -4.98243 -4.07426 -4.65706 -2.38682 -1.74265 -3.67586 -3.09786 -1.96521 -3.87984 -5.16242 -6.7367 -5.43856 -0.765068 -1.20884 -1.71016 -0.782365 -0.537526 -4.50847 -5.70594 -7.85432 -5.72646 -7.0744 -6.35808 -6.13315 -5.13732 -6.80676
 -11.0536 -11.1111 -9.80933 -8.30168 -9.89993 -10.0663 -8.33976 -7.75986 -8.62672 -10.4684 -8.92976 -9.41564 -9.41564 -10.7605 -12.0883 -13.0699 -10.1147 -9.29048 -9.25659 -7.50913 -7.50913 -8.65517 -8.49429 -9.1005 -9.57252 -6.80294 -5.10629 -5.82641 -4.56435 -3.39364 -2.6282 0.37185 1.0227 -0.514293 -0.571097 -0.300048 0.0983281 -0.36711 -0.185112 -1.46419 -3.60341 -4.68405 -4.56309 -5.43129 -3.79742 -0.278378 0.892411 2.12276 1.65084 1.74855 2.9738 0.511119 2.19313 0.395775 -0.583398 -2.87604 -2.81747 -5.11991 -4.57252 -4.32328 -2.34441 -0.609566 -2.09826 -3.1463 -4.69185 -2.8296 -3.89888 -3.57116 -4.45784 -4.44513 -2.63549 -3.81952 -5.78163 -4.45347 -2.99812 -4.5454 -5.01448 -5.66383 -4.98061 -3.79296 -2.44862 -2.84911 -1.71308 -4.54443 -6.80991 -7.39215 -6.1329 -6.21557 -5.99725 -4.75164 -4.56778 -4.95179 -4.87139
 -11.5285 -11.1755 -9.2149 -7.18968 -9.42498 -9.29238 -8.51498 -9.55022 -9.09709 -8.78612 -8.80773 -8.13412 -9.10911 -8.78927 -9.88878 -10.8572 -9.76027 -9.31542 -8.24062 -7.50913 -8.02579 -9.35765 -7.69701 -9.65508 -8.13025 -6.54713 -6.3651 -5.2109 -1.92161 -3.32629 -1.58465 -0.451117 -0.117708 -1.4295 -2.69633 -1.2528 -0.305338 0.0881245 0.516795 -0.515166 -3.18851 -2.24643 -3.74997 -5.87832 -4.69597 -3.83644 -1.31474 0.787311 0.383254 1.42326 1.8497 1.56037 2.626 0.363134 -0.161587 -2.86878 -3.48516 -5.234 -4.05783 -5.35769 -3.21836 -2.06782 -2.64675 -3.00179 -3.66376 -4.16402 -3.0082 -5.17896 -5.17896 -3.58265 -2.4323 -3.67748 -4.07817 -4.55119 -6.30553 -3.7231 -5.04218 -5.47769 -6.27814 -7.12339 -4.71721 -4.404 -6.11066 -7.05476 -8.72004 -9.26741 -7.85013 -5.78348 -5.41603 -3.31325 -4.12596 -6.2994 -6.37439
