# name: MAT
# type: matrix
# rows: 74
# columns: 128
 -9.42581 -9.317 -8.7674 -9.20133 -9.81944 -9.07982 -8.97074 -7.72674 -8.3429 -9.36115 -9.35379 -8.69248 -8.19225 -7.22544 -6.69359 -7.95742 -8.69805 -8.17588 -9.16231 -6.33861 -6.31027 -5.22431 -5.75208 -6.67127 -5.6559 -3.27757 -2.95034 -2.47115 -5.06809 -6.28029 -7.23988 -8.29988 -7.28664 -4.42173 -2.97452 -2.92653 -1.60367 -0.590268 -3.75991 -3.17705 -1.52186 -2.28573 -1.8292 -0.4562 0.371099 -0.363135 -2.34873 -3.60047 -3.34195 -5.98384 -6.37732 -4.50286 -2.41253 -3.30553 -4.17731 -2.47831 -2.20261 -0.560656 -1.0724 -2.66968 -1.36055 1.19807 1.83605 0.144428 0.0944001 -0.565256 -0.608438 -1.34718 -3.75467 -3.84678 -5.18172 -2.25502 -1.18217 0.199349 1.07092 0.994614 0.0329243 0.423009 1.49298 0.911705 -0.828909 0.135333 0.0797535 0.2386 0.194375 -1.89469 -2.75783 -1.70435 -2.51879 -1.3313 -0.311174 -1.6483 -2.25554 -1.26989 -2.80262 -1.53739 -2.38681 -3.42238 -2.9292 -2.86337 -4.23821 -4.18283 -3.68625 -4.11418 -4.76026 -5.14346 -4.2191 -4.72042 -5.6798 -6.09931 -6.1594 -6.96337 -6.16517 -3.5621 -3.5621 -3.92389 -4.44046 -3.70083 -3.18977 -5.35892 -5.67015 -7.23504 -6.63832 -6.62434 -5.47514 -6.14861 -8.19545 -9.86387
 -8.30913 -8.30913 -7.59801 -8.38278 -8.2346 -8.87676 -9.21948 -8.74023 -9.3177 -8.68064 -9.92575 -8.90154 -9.38079 -8.87946 -8.80831 -8.37621 -10.2901 -9.88844 -9.67163 -7.04928 -5.85917 -6.27301 -5.6031 -6.67127 -6.78277 -3.53791 -3.46862 -2.47335 -4.62187 -5.96576 -7.92979 -7.56701 -7.6557 -5.02752 -3.02781 -2.38342 -3.07941 -2.30471 -1.90228 -1.47531 -1.26536 -0.918572 -0.804211 -0.300585 -0.905848 -0.148481 -2.45476 -3.5242 -3.99369 -3.90661 -4.12002 -5.16686 -2.52819 -2.81716 -3.90114 -3.81599 -2.7682 -2.21869 0.0958508 -0.778291 1.18007 2.95312 2.61712 -0.679001 0.543309 -0.223671 -1.43897 -1.45416 -1.58415 -4.35584 -5.36745 -2.86897 -2.44324 0.810899 1.44973 1.36102 -0.367826 0.281944 0.38657 -0.0604335 1.90849 1.30319 -0.553627 -0.759657 -0.26827 -2.17973 -2.30665 -3.18417 -1.55814 -1.48301 -0.311174 -1.6483 -0.398485 -0.921158 -2.80262 -1.08885 -0.720768 -1.00543 -1.83581 -2.32986 -3.28907 -3.27322 -2.27293 -3.43509 -3.43509 -4.21023 -4.23185 -3.83677 -5.21435 -5.76725 -5.62761 -5.75845 -6.80282 -4.5789 -4.01687 -2.53213 -3.02124 -3.02124 -2.50536 -4.50804 -5.3669 -7.69576 -6.3118 -5.1644 -4.66128 -6.65967 -8.86537 -7.79682
 -7.92001 -6.17685 -8.20282 -7.7857 -7.51043 -9.34112 -8.72474 -10.2373 -10.0486 -10.5628 -9.92575 -9.38079 -8.8647 -7.79832 -8.7577 -9.44442 -8.64072 -9.6441 -9.88367 -7.54975 -6.45896 -5.77085 -6.11318 -5.79973 -5.84408 -3.50682 -4.09889 -4.46761 -4.18496 -6.48232 -7.44192 -7.5008 -5.07196 -3.82266 -2.82131 -5.16615 -4.64949 -4.05113 -1.46683 -2.48475 -1.4319 -1.00396 -0.683695 -0.889557 -0.682555 -0.690385 -2.32872 -2.31729 -3.50783 -2.70656 -2.76734 -4.00426 -4.68849 -3.0471 -2.90841 -3.82679 -1.67155 -2.29437 -0.538547 -0.625612 2.8677 1.4585 2.58204 2.11043 3.45279 0.972058 -0.329487 -1.11719 -1.45385 -2.00691 -5.08199 -4.60913 -2.67699 0.375489 1.53991 0.959891 0.159966 0.836522 -0.168007 1.89567 0.932541 3.13829 0.325593 -0.271556 1.08861 -2.54304 -2.76653 -1.97906 -1.09861 -1.09861 -0.126357 -0.35914 -1.43074 -0.848013 -1.0528 -0.029649 -1.16122 -1.00543 0.480639 -0.91064 -2.26336 -2.76359 -2.27293 -2.91901 -4.27032 -3.76801 -3.71571 -3.84891 -3.8406 -4.87496 -5.62761 -5.62761 -7.31455 -6.61681 -3.897 -2.53213 -2.0838 -3.69389 -2.46297 -3.46567 -5.8163 -5.5192 -6.12686 -4.6279 -4.6279 -6.48176 -7.38925 -7.33133
 -8.22686 -7.13623 -7.48008 -7.53019 -8.02149 -8.02149 -11.074 -12.1975 -10.841 -9.97388 -10.405 -9.39047 -7.79832 -8.2479 -8.33378 -10.5391 -8.65705 -8.66874 -8.85306 -7.15241 -7.39795 -6.75187 -5.76193 -4.84798 -6.36501 -3.53636 -3.82917 -7.01634 -5.63967 -7.42098 -8.99115 -7.57624 -5.25836 -4.06832 -4.9488 -5.16456 -4.9964 -5.00249 -3.48862 -2.88825 -2.09624 -2.44594 -2.54975 -2.30351 -0.910205 -0.95753 -2.80447 -1.29126 -1.7813 -0.985893 -3.79164 -4.95273 -6.25805 -4.9575 -2.74603 -2.29927 -2.33979 -1.59948 -1.94807 -1.3431 1.37934 0.631684 3.00956 2.90397 3.3298 2.7666 -0.367658 0.220539 -0.837474 -1.26843 -3.90253 -4.26964 -3.65791 -0.255088 1.44026 1.30365 0.748309 1.41782 2.52856 1.89567 0.500446 2.67877 2.00221 -0.789055 -0.467915 -1.10168 -0.996917 -2.03677 -1.52238 -0.658937 -0.126357 -3.15223 -3.78599 -4.45131 -1.34934 -1.13131 -2.39029 -1.0805 0.0306781 -0.716861 -0.649313 -3.01835 -3.57186 -3.72136 -3.19083 -3.19083 -2.74172 -3.2553 -2.76619 -4.35166 -6.04252 -6.57997 -5.43931 -6.61198 -5.90461 -3.28442 -0.93415 -2.56028 -3.92519 -4.85387 -5.76139 -4.8484 -4.3179 -5.13552 -5.31447 -7.00574 -6.36869 -7.70289
 -7.27221 -6.7442 -6.70863 -7.99567 -7.99567 -7.83944 -10.7819 -10.2905 -10.7226 -10.79 -9.92651 -7.75221 -7.67781 -8.19295 -8.84286 -9.65708 -10.3953 -9.1853 -7.2925 -4.60218 -5.61356 -6.03662 -7.08336 -5.15253 -6.02347 -4.24128 -5.8689 -6.69254 -6.7402 -7.48128 -7.41889 -7.0569 -5.09999 -4.03606 -6.04654 -5.07187 -5.52078 -2.84792 -4.18876 -4.08115 -4.32995 -2.45277 -2.38116 -2.30351 -2.63149 -1.04 -0.98442 -2.03356 -0.764197 -2.37181 -3.21198 -2.68065 -4.80005 -4.93713 -2.74926 -3.2006 -2.17502 -1.97312 -4.68106 -1.89103 0.822777 2.23758 2.74782 4.68136 2.72497 3.83731 2.58557 2.18989 0.0936615 0.34531 -1.74 -4.52899 -3.07723 -1.41456 1.30365 -0.356724 0.308918 0.0603879 1.74677 2.05814 1.9589 3.13829 1.95803 0.00507917 -0.0990829 0.824644 -0.0126395 -0.0802188 -2.07158 -1.63948 -0.50723 -1.99281 -3.28045 -2.75877 -2.56403 -1.56691 -2.51482 -2.58911 -2.31925 -2.60074 -2.10051 -2.98587 -3.67284 -1.58836 -1.55235 -2.31622 -2.24788 -3.70384 -3.75663 -4.35166 -5.66394 -6.57997 -5.94292 -5.4416 -4.23505 -2.40245 -2.309 -3.69797 -3.33969 -5.72848 -7.18426 -5.5478 -6.30299 -6.34927 -6.70575 -6.35511 -5.30634 -6.81952
 -7.27221 -7.265 -6.67089 -6.73191 -7.33013 -8.46153 -9.46502 -10.7937 -11.2258 -10.3256 -10.3256 -9.38776 -9.23141 -10.2065 -9.29281 -8.51167 -9.94536 -8.75754 -6.7058 -3.9934 -4.41431 -5.40694 -6.21373 -6.63204 -4.76411 -5.57972 -5.8809 -6.70324 -7.92396 -8.88655 -7.20911 -6.15741 -6.07173 -4.40621 -5.1249 -4.99485 -3.39165 -2.41008 -4.02162 -3.89404 -4.80265 -2.95638 -2.38116 -2.26363 -1.65873 -2.58443 -4.86522 -1.21286 0.209734 -0.899469 0.779047 -0.969824 -2.33354 -4.53043 -5.39387 -3.41806 -2.93542 -2.39437 -1.55845 -1.4505 0.675898 3.25082 2.30427 2.72351 3.78505 3.69478 3.20802 3.24738 2.2427 -0.105739 -2.68004 -3.08208 -4.99044 -1.52812 -0.718154 1.87925 2.32757 3.50856 -0.00795043 0.277813 1.28234 2.46909 0.741856 0.225294 0.392223 0.331665 0.94374 1.05055 -0.631686 -2.13198 -1.43141 -3.23222 -1.57651 -2.55875 -1.23508 -3.4244 -1.52988 -0.361626 -3.70971 -3.62694 -3.11588 -1.73755 -1.33239 -2.25709 -1.69778 -1.07055 -2.27485 -2.34011 -3.3525 -5.236 -5.66394 -5.41962 -5.94292 -4.39042 -3.77404 -2.0503 -1.79091 -4.55435 -5.53233 -4.80324 -6.89278 -4.67318 -4.96083 -6.38005 -7.45403 -7.55592 -7.03572 -6.40196
