# name: MAT
# type: matrix
# rows: 70
# columns: 124
 -9.28335 -8.04604 -11.0793 -11.751 -10.2881 -10.331 -9.40178 -8.8535 -10.7052 -9.70141 -9.39526 -8.35562 -8.39695 -8.88826 -9.3232 -10.2746 -8.92461 -9.36245 -8.36598 -7.68586 -5.91058 -4.38112 -5.21233 -5.14836 -6.77513 -6.32194 -4.4428 -5.36636 -5.1661 -4.10896 -4.41741 -5.08879 -7.16023 -6.56561 -7.61567 -6.2374 -6.19025 -7.10936 -8.23065 -8.30877 -5.73314 -4.61044 -5.11874 -7.17814 -8.16043 -6.42464 -7.2311 -5.81187 -4.11421 -5.26319 -6.21625 -4.60392 -6.1874 -6.02803 -5.47004 -8.66252 -8.62011 -11.0311 -13.2592 -12.0692 -11.8947 -9.81115 -8.34502 -7.43719 -7.25476 -8.21095 -6.04982 -6.74047 -7.99937 -7.75338 -9.17795 -9.806 -8.17475 -8.78999 -10.7849 -11.9049 -9.41415 -6.79224 -6.61027 -7.75865 -7.77102 -8.20311 -8.40981 -8.06076 -8.34143 -11.0226 -8.7675 -10.6607 -7.0559 -4.7411 -4.54887 -5.46397 -4.95291 -5.05234 -3.92246 -6.04394 -5.11086 -3.97183 -3.08983 -1.59266 -1.40346 -3.51148 -1.9196 -1.42728 -2.33404 -2.49657 -1.96488 -1.52364 -0.179702 -2.94574 -4.56827 -3.53126 -4.55814 -6.84437 -7.67719 -5.8774 -6.284 -5.84617 -5.97099 -6.4545 -4.14408 -5.51249 -6.37521 -5.91652
 -10.3213 -8.84365 -10.2047 -10.3164 -10.3164 -10.9328 -10.5912 -8.9143 -8.19615 -10.3037 -8.81122 -7.7599 -8.83189 -8.83189 -9.321 -8.95911 -9.68676 -8.34648 -8.34648 -6.6734 -4.56473 -3.12566 -3.62018 -5.51222 -6.11713 -5.63814 -5.01552 -4.56047 -5.96105 -3.38424 -4.15765 -5.59652 -6.97287 -6.458 -7.48104 -6.54716 -6.67117 -7.72534 -8.28323 -7.7705 -5.78177 -5.08214 -4.08898 -5.0937 -5.51753 -6.42464 -6.55763 -4.5292 -1.25701 -3.55875 -5.21984 -5.26113 -5.70722 -4.92676 -5.86486 -7.92342 -9.06488 -9.99128 -10.5033 -10.379 -9.3155 -10.5916 -7.59317 -10.2905 -9.34418 -7.77601 -4.96543 -6.22363 -7.57011 -6.29009 -9.44036 -9.21511 -8.36443 -8.78999 -10.7301 -11.0398 -7.81853 -7.3807 -6.70837 -5.99083 -7.27079 -8.48812 -8.4109 -6.94717 -9.10198 -8.88198 -9.51432 -9.10093 -7.07209 -6.45762 -4.94683 -5.97472 -4.37265 -4.64511 -4.78652 -5.43604 -5.62884 -4.48856 -2.11044 -0.0642828 -0.0865045 -2.85632 -3.52128 -3.73008 -2.58441 -3.21985 -2.77372 -2.52362 -3.16726 -5.55392 -6.02095 -6.57376 -5.65364 -7.71167 -8.29169 -9.73144 -9.21865 -8.28951 -6.43534 -5.77016 -5.77216 -6.59533 -8.78676 -7.32452
 -9.27129 -8.79749 -9.9057 -10.1061 -10.3164 -11.6209 -11.1344 -10.4901 -10.2789 -8.10574 -8.0744 -9.14496 -9.86985 -10.5649 -8.53367 -9.44172 -9.78698 -8.45529 -7.22609 -6.18859 -3.85093 -3.77434 -4.77018 -5.46873 -8.20681 -6.13679 -6.62984 -7.01413 -3.84123 -3.27376 -4.27811 -4.78091 -6.17933 -5.00612 -7.72212 -7.99832 -8.81392 -6.76733 -6.66178 -6.48515 -5.17885 -5.88763 -6.89655 -5.40143 -4.48774 -6.57779 -5.28014 -3.07921 -1.54538 -2.23718 -2.71388 -3.44144 -4.09664 -5.54132 -5.85631 -6.0792 -7.28824 -8.44855 -7.32354 -8.57499 -8.22727 -9.79378 -10.6942 -9.60886 -5.81404 -6.03414 -6.0765 -6.20344 -6.53742 -4.05569 -7.4556 -7.48278 -7.05427 -6.53334 -9.09148 -8.21416 -7.02881 -7.2135 -6.68234 -6.79875 -9.23331 -8.68216 -8.58795 -6.41352 -7.74493 -8.42755 -8.35255 -6.64595 -6.03448 -6.0043 -5.06257 -4.26023 -4.98053 -4.28055 -4.46275 -5.85321 -5.91563 -5.85867 -3.63972 -1.39561 -1.82355 -4.02203 -4.89615 -5.56765 -3.68541 -4.41823 -3.32384 -2.02252 -2.24294 -5.51059 -8.35978 -7.48063 -7.80146 -8.15999 -8.21614 -8.57051 -8.9987 -8.51915 -7.01513 -6.58304 -8.09835 -8.37878 -9.15988 -11.3108
 -8.15922 -7.57171 -7.76049 -8.6231 -9.50587 -9.75332 -10.9895 -10.3365 -9.89736 -10.1639 -10.3778 -11.3793 -10.2224 -10.7115 -8.54225 -8.54225 -9.23163 -7.68845 -6.77955 -5.86296 -5.43276 -5.52428 -6.01215 -6.33469 -8.26799 -6.70459 -6.57236 -5.92653 -3.74381 -2.65058 -3.1753 -3.39521 -5.75626 -7.83961 -7.97927 -7.99832 -6.43817 -5.95172 -6.78466 -5.47274 -8.49988 -7.73032 -7.37166 -5.5502 -6.32227 -5.64923 -6.35089 -2.84943 -3.0978 -3.59897 -4.23212 -2.70107 -4.9041 -5.02601 -5.50258 -6.62835 -5.62807 -6.00873 -5.86731 -5.70344 -9.11129 -9.81117 -10.2691 -7.3113 -6.54138 -4.90263 -5.05523 -3.40186 -6.68153 -8.43242 -6.90366 -7.44187 -5.75404 -6.87403 -8.29377 -7.66721 -5.91091 -6.3428 -8.17092 -8.14115 -8.27742 -8.01028 -8.42703 -8.30228 -6.94807 -6.07076 -5.70416 -5.47481 -2.95418 -3.59344 -5.19786 -2.4838 -2.92393 -2.36133 -1.80986 -0.656852 -2.89419 -5.10893 -3.79259 -1.89148 -3.66844 -3.53257 -4.51586 -5.21616 -4.09652 -3.02222 -3.86918 -3.56259 -3.2259 -4.30732 -8.66063 -10.5771 -11.0135 -10.7283 -9.6084 -9.55347 -8.61192 -6.47814 -5.36973 -5.90008 -6.45543 -7.79209 -9.05572 -11.0897
 -9.43499 -8.16089 -7.43262 -7.74257 -7.137 -9.79383 -10.1783 -9.54793 -10.524 -11.3615 -12.3813 -11.8959 -12.0762 -11.2128 -9.22131 -6.32962 -7.87283 -8.5919 -6.97103 -6.91623 -5.76163 -7.51078 -7.07584 -8.00403 -7.40287 -5.99103 -5.5529 -5.36393 -4.88498 -3.71111 -4.16179 -3.63618 -3.18669 -6.2483 -6.88454 -6.44717 -5.99885 -7.26426 -7.735 -6.89895 -8.5317 -9.10728 -8.49024 -7.92846 -7.08758 -5.79249 -7.10334 -4.3497 -4.89051 -6.63252 -3.7587 -4.36432 -5.40525 -5.06063 -6.09756 -6.0027 -4.84827 -5.11369 -7.00711 -7.48998 -10.2486 -8.22587 -9.88846 -8.39765 -6.54138 -4.32129 -4.93488 -3.9753 -6.58631 -9.55975 -7.8948 -6.97815 -6.26494 -7.34351 -8.9432 -7.63389 -7.68893 -8.37248 -7.4241 -6.59365 -7.32848 -6.18589 -6.60331 -9.04196 -6.57962 -4.28396 -4.35128 -6.31674 -3.86479 -3.21332 -4.67327 -1.28893 -1.64914 -2.38131 -0.0764055 -0.270411 -1.76114 -3.32442 -6.22015 -5.26104 -3.85774 -4.8616 -4.65529 -4.50184 -3.93166 -1.43565 -3.14916 -5.6869 -4.10216 -4.66289 -8.07312 -11.0716 -12.1169 -10.9565 -10.8985 -12.0262 -10.4219 -7.7541 -7.60799 -7.23346 -8.26105 -8.97719 -10.0364 -8.90366
 -10.7948 -10.7948 -8.63348 -7.6725 -7.61669 -10.0665 -9.54793 -10.5628 -10.524 -11.6352 -11.0626 -10.8326 -11.4441 -8.66593 -8.89746 -8.71889 -7.35675 -7.34049 -6.73292 -7.26298 -7.89288 -7.54162 -8.7122 -8.16224 -8.41904 -4.93472 -4.33261 -4.59606 -4.73194 -3.59799 -2.49718 -3.54168 -3.58535 -3.51676 -5.88853 -7.28361 -7.55268 -7.77378 -7.82156 -7.41988 -8.73224 -8.95396 -9.97308 -10.964 -6.74914 -5.70571 -6.74905 -7.75636 -5.93872 -6.4035 -4.7584 -5.91558 -6.07762 -4.50032 -4.44041 -5.79077 -5.1419 -5.02711 -5.84064 -7.51823 -8.11311 -9.72638 -9.29466 -7.84912 -8.09742 -5.38947 -7.38349 -5.47841 -8.82474 -9.36974 -8.49364 -7.27549 -6.71326 -6.33438 -6.22021 -6.75467 -7.75158 -7.80084 -5.87073 -5.72836 -8.32252 -8.30592 -7.99815 -9.48959 -5.5554 -4.41633 -4.50801 -4.97237 -4.3685 -6.96836 -3.85153 -3.68964 -1.92266 -3.10388 -1.97902 -2.06735 -2.48504 -5.74883 -5.41865 -3.00735 -4.12661 -4.60585 -5.22785 -3.81302 -3.96788 -3.05911 -3.07593 -5.22577 -6.15026 -6.91987 -7.41707 -9.92737 -9.938 -12.0077 -11.4844 -12.5806 -10.4969 -9.17501 -10.4543 -8.60229 -9.01241 -8.41386 -10.1269 -10.56
 -8.4154 -8.79172 -9.65593 -8.79203 -9.19615 -10.098 -10.1033 -11.1503 -11.6669 -11.1321 -10.6442 -13.7972 -11.0423 -9.42997 -8.97192 -8.28533 -7.39672 -6.63756 -7.59126 -5.65239 -5.77744 -5.62538 -7.53027 -9.22956 -8.41904 -5.69449 -5.93274 -5.89888 -3.68344 -4.19115 -3.89091 -2.84645 -2.48993 -4.22734 -6.05898 -6.67536 -7.10862 -7.78029 -8.27687 -9.83062 -9.8322 -9.89048 -11.1326 -10.4627 -7.34634 -5.19633 -7.48969 -5.33531 -3.5383 -5.49082 -5.24032 -5.00278 -5.12692 -5.3203 -3.78141 -7.52759 -6.26804 -6.23921 -5.85393 -7.5926 -7.62525 -8.06075 -7.82692 -6.75311 -7.71209 -6.61141 -5.89166 -5.7346 -7.11106 -9.3126 -8.06835 -7.27549 -7.26429 -5.64779 -6.10671 -7.81687 -7.93361 -7.04998 -5.2833 -8.36779 -10.2076 -11.179 -10.9624 -8.31706 -7.80183 -3.72272 -3.94219 -4.67493 -5.12426 -6.85413 -4.24084 -5.23552 -3.67487 -5.95631 -2.33884 -3.33667 -4.77777 -4.2299 -5.67384 -5.15638 -3.962 -5.67764 -4.69727 -5.67101 -4.5175 -5.24729 -6.31035 -7.14715 -6.23154 -7.93882 -8.28435 -7.98252 -9.43677 -12.0077 -12.0077 -13.1359 -11.5518 -9.09285 -11.362 -10.8868 -10.8823 -9.8242 -10.4514 -11.6935
