# name: MAT
# type: matrix
# rows: 61
# columns: 128
 -10.0698 -10.5472 -9.18065 -8.70328 -9.43476 -9.22742 -12.8616 -12.3823 -10.6885 -10.3022 -10.9776 -9.96164 -10.452 -9.61509 -10.6311 -11.1954 -6.99431 -6.99431 -6.99431 -8.19461 -9.56084 -10.1027 -9.1593 -8.78492 -7.12432 -7.03047 -7.54153 -9.58611 -8.01311 -8.7601 -7.44441 -4.45177 -3.14325 -1.83253 -1.80298 -0.5752 -3.25023 -4.97766 -4.21379 -5.83689 -7.77943 -7.28364 -6.89622 -6.46042 -5.3694 -4.96641 -4.12673 -1.91394 -3.87105 -6.39472 -5.88541 -5.52006 -4.44516 -5.54145 -6.19514 -6.08641 -5.61426 -4.60363 -3.87184 -5.45785 -4.68819 -3.53233 -3.37556 -4.82185 -4.11389 -5.01469 -3.89654 -3.5957 -0.677235 -1.62424 -0.604561 -0.837349 -2.46471 -2.53537 -4.71089 -3.83073 -3.60057 -4.00886 -2.52341 -2.52341 -3.66823 -2.08563 -4.12128 -5.77244 -5.27792 -5.68945 -6.6652 -7.15747 -7.87628 -7.42486 -10.1258 -10.1855 -8.33912 -6.4396 -8.1576 -7.98006 -6.61257 -5.14395 -4.79447 -5.3556 -4.14845 -3.43468 -2.8501 -0.16332 -0.831287 -1.32458 -1.17774 -1.62732 -2.59636 -4.12178 -5.66484 -7.34675 -4.87019 -6.19232 -5.32213 -4.36235 -7.10326 -6.45394 -5.50324 -6.67294 -8.00659 -8.69548 -10.4461 -9.59535 -8.95927 -7.95626 -7.23593 -9.37055
 -10.0698 -8.63152 -6.88508 -8.2067 -8.93819 -8.74818 -10.4741 -11.5835 -10.4697 -9.62976 -10.1 -9.75529 -9.75529 -11.8352 -11.8352 -11.9051 -9.89252 -8.46746 -9.53659 -9.24821 -9.69922 -8.80177 -7.77506 -8.02105 -8.44045 -7.90105 -10.198 -10.0563 -8.898 -8.27409 -8.06917 -5.04095 -5.92223 -1.65895 -1.79247 -2.88649 -6.07726 -5.5456 -5.5456 -7.07879 -7.86356 -7.39593 -6.91611 -6.46042 -6.55459 -5.57147 -4.61172 -3.60434 -5.99209 -7.21033 -7.42353 -6.83782 -5.26077 -5.01672 -8.18155 -8.15986 -4.77011 -4.48625 -5.96505 -5.36335 -6.33594 -6.12713 -4.06182 -2.87138 -2.91216 -4.04516 -3.74073 -2.47531 -0.677235 -1.55765 -1.62424 -1.37144 -2.83745 -2.87856 -3.46566 -3.13117 -3.52618 -2.82113 -2.11367 -2.08847 -4.27615 -2.66895 -3.89634 -4.83519 -4.98675 -6.21221 -6.66616 -6.1495 -6.544 -6.3745 -7.79703 -8.20759 -6.44387 -6.44387 -5.10056 -8.00182 -4.97769 -4.47636 -7.37355 -8.41152 -6.27153 -5.0181 -3.53988 -0.659131 -1.3232 -2.54021 -2.15319 -1.56028 -0.883828 -4.08202 -7.89542 -6.10656 -5.65188 -6.24404 -7.43058 -9.23762 -8.1924 -8.07521 -7.56837 -6.83688 -9.33175 -9.87209 -10.8819 -9.81369 -9.09414 -8.77743 -6.47222 -9.07026
 -10.8255 -10.974 -8.83776 -8.72537 -8.70512 -7.52723 -10.3695 -10.4134 -11.3781 -9.52853 -10.5164 -9.51336 -9.56279 -10.991 -10.991 -11.2197 -9.60739 -9.06002 -9.53659 -8.89865 -9.20264 -7.87911 -7.16803 -7.67032 -10.1625 -9.61133 -11.796 -10.7024 -8.79149 -8.07262 -6.89727 -4.12678 -4.52906 -4.14457 -2.89303 -4.9303 -5.29044 -6.02485 -7.05398 -7.84266 -6.09999 -7.36062 -6.4851 -7.00024 -6.75956 -5.41087 -5.13266 -2.85631 -5.74063 -7.71712 -7.38055 -7.07244 -5.99755 -7.52061 -7.34164 -7.31995 -4.02821 -6.00031 -6.00031 -5.39861 -5.95168 -6.5662 -4.64429 -3.54485 -4.00437 -4.49348 -4.6077 -4.06309 -2.79586 -2.10959 -1.56067 -0.813653 -2.42874 -3.27309 -3.45467 -2.28871 -3.2394 -1.56048 -0.738642 -1.10593 -1.00496 -1.41455 -1.93612 -3.25257 -4.81965 -4.94619 -6.66616 -5.33389 -6.544 -6.27256 -6.15401 -6.12479 -5.50964 -5.50964 -3.96893 -5.73307 -4.27151 -5.44427 -6.70293 -8.20451 -8.06368 -7.97996 -4.0412 -3.93426 -2.19079 -1.02357 0.97914 -0.579844 -3.11405 -4.11998 -5.6231 -5.61744 -5.6417 -4.73026 -5.71931 -9.64293 -6.72507 -7.72138 -7.01848 -9.04643 -9.18569 -10.5801 -11.5186 -9.78618 -9.73041 -10.6719 -9.35196 -8.88913
 -12.8128 -12.2328 -12.2328 -8.98187 -7.4765 -9.51809 -10.4405 -10.9292 -11.3781 -11.8555 -9.82592 -10.3468 -10.8063 -10.2509 -9.82164 -11.7595 -9.60739 -9.60739 -8.09483 -8.52245 -7.9136 -7.6971 -6.341 -6.39584 -10.7443 -9.68213 -9.98304 -10.0209 -8.45088 -8.25064 -7.23127 -5.78883 -6.246 -5.2381 -4.15011 -6.22425 -6.12418 -6.98272 -8.59412 -6.77026 -6.52793 -6.91303 -6.91303 -6.40383 -5.56301 -3.33686 -1.46536 -2.51379 -6.01616 -6.52043 -7.98587 -5.13935 -5.10827 -5.00165 -5.95347 -7.9754 -7.10602 -4.75391 -4.99411 -4.41072 -4.83872 -5.68124 -5.88132 -4.75994 -4.70921 -4.54806 -3.87621 -4.06309 -2.79586 -1.52957 0.367214 1.24329 -0.257964 -3.51717 -1.84266 -1.22407 -0.942188 -1.92001 0.352755 -0.124616 1.45166 1.18623 1.25901 -1.25588 -2.67623 -3.31732 -4.53717 -3.72156 -6.57363 -5.82298 -4.84202 -6.34852 -4.50903 -4.81984 -2.01555 -2.33945 -5.17211 -5.01842 -6.3974 -6.83275 -5.82975 -6.10345 -5.27984 -4.03077 -2.13565 -4.59249 -4.67015 -3.58682 -4.04364 -3.61035 -4.56852 -4.97105 -4.41651 -6.03844 -5.0446 -4.6192 -5.88605 -8.90916 -6.70321 -10.5155 -11.0934 -13.0294 -9.03284 -10.0551 -8.84625 -7.48005 -8.43076 -10.7772
 -13.3239 -13.2913 -12.8 -12.2446 -10.4185 -10.4234 -10.9179 -11.2266 -11.6755 -11.6755 -10.7005 -10.315 -11.4929 -10.5705 -9.89721 -10.5335 -8.38504 -8.37932 -7.87441 -8.27931 -8.03811 -6.30135 -6.96562 -7.97182 -8.079 -9.42291 -9.21541 -9.21541 -9.0063 -8.25064 -6.59394 -8.49825 -6.08459 -6.17615 -6.20115 -5.65137 -6.32304 -6.99339 -7.16803 -6.73938 -6.1263 -6.40992 -6.91303 -7.04748 -4.73892 -2.97713 -0.936833 -1.50494 -7.37597 -7.8773 -5.66652 -6.49005 -5.75477 -5.08536 -6.75492 -6.09065 -4.99388 -5.09462 -6.59527 -6.97565 -6.50253 -7.41662 -5.39969 -6.37457 -4.23901 -3.21441 -3.01277 -3.79976 -1.32352 0.489957 0.937304 1.36998 -1.19521 -2.38978 -0.858433 1.23476 0.111144 -0.486329 1.01656 1.6371 1.10457 1.05114 -0.0430909 -0.409582 -0.657679 -2.1978 -3.07844 -2.68363 -5.1079 -4.27071 -4.82529 -4.71848 -3.80323 -3.33069 -1.71212 -1.14591 -0.40052 -5.33913 -5.31474 -5.55619 -5.11084 -5.74711 -6.61489 -5.95362 -3.63067 -4.66651 -3.98231 -3.94034 -4.93908 -5.76206 -5.11795 -5.32083 -7.82305 -5.66335 -5.78816 -5.73026 -5.13623 -8.32263 -7.55147 -8.59568 -11.5413 -12.6405 -12.0834 -10.5149 -9.44442 -9.44442 -10.4464 -12.9763
 -14.299 -14.299 -12.8 -10.9704 -11.66 -10.9179 -10.7264 -11.2266 -11.6755 -11.6755 -10.7005 -10.7005 -10.5071 -10.9984 -10.7113 -9.80013 -10.3969 -8.6943 -9.57974 -8.94028 -9.36335 -7.64094 -7.33496 -7.18464 -8.69213 -8.20302 -8.20302 -8.20302 -7.99391 -7.69819 -7.18211 -7.33518 -5.88762 -6.41265 -6.55764 -4.72536 -5.92342 -7.04204 -8.1511 -8.2982 -5.36938 -4.62773 -5.91501 -4.66966 -3.01742 -1.97068 -1.1707 -1.92996 -3.99032 -6.69499 -6.9369 -7.35579 -8.99835 -7.99964 -8.83231 -7.96702 -8.14049 -7.3254 -7.8291 -7.78154 -8.65842 -9.44337 -7.3615 -6.29235 -5.55557 -3.75017 -2.07406 -2.8877 0.0798396 0.75151 2.61824 0.28946 -1.38984 -1.02266 -0.635038 -0.941855 2.58483 0.967785 1.01656 0.67341 0.0668474 -0.155875 0.405447 0.406027 -0.0987103 -0.370237 -2.64264 -2.12598 -3.31372 -3.64252 -3.19294 -3.73963 -2.67093 -0.516066 -0.494774 -0.992773 0.764464 -1.83955 -2.34376 -5.76503 -6.49652 -5.74711 -5.61244 -4.38608 -3.75268 -3.75268 -5.23616 -5.65923 -3.40567 -4.8815 -4.47591 -4.55124 -6.42125 -6.19345 -5.7577 -6.15686 -5.69136 -8.20428 -7.34243 -11.004 -12.9841 -13.5975 -10.7883 -10.4012 -9.96159 -12.063 -12.6146 -14.1242
