# name: MAT
# type: matrix
# rows: 70
# columns: 81
 -5.41311 -5.51354 -2.13829 -1.39672 -1.63226 -2.91815 -4.01918 -5.48534 -4.96772 -5.5974 -6.64567 -8.41269 -8.6959 -4.8167 -6.0337 -8.37979 -8.6793 -10.409 -14.2803 -13.2575 -10.7221 -10.6048 -10.2811 -9.34304 -9.87243 -9.67478 -10.9641 -11.0587 -13.7645 -12.4695 -12.2794 -12.4358 -11.9913 -12.2414 -11.3593 -9.29995 -9.31813 -8.57204 -10.7101 -11.8815 -11.4772 -9.57621 -11.0036 -10.4355 -9.59857 -9.58432 -7.72723 -7.23811 -8.57702 -9.68556 -9.95537 -10.7836 -12.6571 -8.93555 -7.39128 -7.60281 -5.66176 -8.91103 -9.91015 -9.90756 -9.4738 -9.91164 -6.86799 -4.26602 -4.9379 -6.97293 -8.3914 -7.16073 -9.61612 -8.31982 -6.44567 -8.19941 -8.67702 -8.7274 -9.36096 -8.07003 -8.23267 -5.76176 -5.98691 -6.03964 -7.44389
 -6.85215 -5.78164 -5.10748 -3.03672 -2.60259 -4.12889 -5.40482 -4.53979 -4.96772 -5.49819 -8.39231 -7.31611 -8.03902 -7.70499 -6.78505 -7.95053 -8.37979 -10.3834 -13.2635 -12.2787 -12.6377 -9.88573 -8.67295 -9.20657 -7.87238 -8.92567 -9.3518 -11.6981 -13.3366 -14.2884 -13.8463 -12.7081 -14.8492 -13.1983 -12.01 -9.86319 -10.5275 -11.2832 -11.9248 -12.4357 -11.7406 -11.0023 -10.5004 -9.16969 -8.24389 -8.92044 -6.82499 -6.14844 -6.70138 -7.81701 -8.787 -12.3438 -8.69123 -8.48343 -8.14929 -7.60281 -6.62173 -7.95133 -9.17053 -10.8049 -9.36305 -9.25382 -11.0094 -7.01692 -7.96675 -9.58725 -8.19612 -9.8532 -10.7157 -9.55219 -7.56961 -9.956 -9.79306 -7.27856 -10.1108 -8.26023 -7.70288 -7.18853 -6.7289 -6.08996 -7.31912
 -6.39858 -5.44787 -5.67121 -5.03379 -4.06412 -4.64301 -4.66191 -5.45891 -6.28799 -7.07462 -8.66169 -8.39419 -8.65501 -7.4166 -7.96021 -7.01363 -8.4499 -11.669 -10.8593 -12.3223 -12.2905 -10.9976 -10.4063 -9.96626 -9.07979 -8.92275 -11.5859 -13.5628 -15.2013 -15.1413 -14.531 -16.2665 -14.9953 -11.9164 -10.8969 -8.80453 -8.96325 -7.6754 -9.73622 -9.70491 -11.1081 -10.9033 -8.38998 -7.42593 -8.33377 -8.34118 -7.1332 -6.70527 -6.49756 -7.56823 -7.76735 -9.31314 -7.52854 -6.84259 -7.57205 -6.86319 -6.79054 -10.6364 -11.2917 -11.3662 -10.9071 -11.5102 -12.0244 -8.33015 -10.1856 -10.2537 -8.07396 -10.3307 -10.569 -10.5389 -10.9742 -8.05248 -8.57342 -8.19132 -9.03636 -7.7048 -5.14128 -5.70967 -5.73706 -8.27773 -7.56153
 -7.56329 -6.18749 -5.29005 -6.30978 -6.0525 -5.8524 -7.50011 -6.67731 -7.34295 -7.05751 -6.55796 -9.41488 -8.88066 -8.08037 -8.40979 -9.39279 -9.5424 -10.7821 -11.087 -13.2336 -12.0653 -12.7053 -10.9056 -10.4358 -9.94427 -10.823 -14.3572 -14.8261 -14.7807 -15.1399 -15.7811 -14.5445 -12.6283 -10.4658 -8.40046 -8.86614 -8.31977 -8.1925 -7.08181 -8.23345 -11.343 -8.35069 -7.53877 -8.71113 -6.72087 -6.52604 -6.46636 -5.9497 -5.73717 -6.62501 -6.5329 -8.88056 -7.20251 -4.52337 -7.03947 -7.51948 -6.03674 -10.6106 -12.2474 -11.3128 -10.7693 -10.9616 -9.85643 -8.2441 -9.59476 -11.0793 -7.57624 -8.76994 -9.65009 -9.27297 -9.29034 -8.87571 -8.86166 -8.16381 -9.03636 -6.18401 -7.16428 -5.80971 -5.72677 -8.26777 -8.00465
 -10.177 -7.79446 -6.65072 -7.17382 -6.41367 -7.97258 -9.12882 -8.69673 -8.62057 -6.80906 -8.23653 -8.39211 -7.31314 -8.88066 -9.99234 -9.9629 -10.1125 -10.1074 -11.6008 -13.6574 -13.5228 -13.491 -10.8168 -11.5034 -10.6519 -12.2329 -14.4276 -16.2295 -16.2936 -16.2887 -14.3549 -12.0018 -9.62643 -7.43213 -6.92282 -7.41856 -8.27346 -6.05334 -6.27385 -6.82547 -6.89577 -6.94141 -5.96674 -7.21761 -7.24485 -7.57791 -7.09256 -6.97301 -6.72473 -7.15343 -7.57798 -8.0779 -7.41436 -7.03917 -6.13363 -3.66202 -5.61968 -9.89745 -13.0112 -10.8035 -9.29563 -9.80481 -9.41409 -8.31107 -9.90035 -8.93261 -10.5856 -10.2957 -10.1235 -9.82245 -8.79153 -11.8309 -7.55933 -6.82784 -7.90418 -7.4219 -6.9573 -5.42688 -7.1198 -7.08338 -9.64641
 -8.98118 -10.716 -8.10466 -8.06724 -6.96471 -8.92162 -9.21967 -9.3977 -7.48886 -6.3705 -4.89901 -7.95434 -6.86134 -7.53149 -9.14729 -9.7003 -9.17486 -10.2049 -11.6373 -14.0804 -14.038 -13.3699 -13.5649 -11.8114 -10.5687 -12.6153 -12.7982 -15.9054 -15.4701 -15.4701 -11.8092 -13.2996 -10.2343 -8.12721 -7.6179 -7.6142 -7.03418 -5.13696 -6.66413 -6.32394 -5.82399 -5.05093 -5.07761 -6.67003 -8.83003 -8.11122 -8.03036 -8.74671 -6.95159 -8.95317 -7.94222 -8.82785 -7.13928 -8.25826 -6.1431 -6.06775 -7.17827 -10.8022 -12.1098 -9.67894 -9.93268 -8.99395 -9.95119 -7.85045 -9.30253 -10.2294 -10.6261 -10.8657 -9.60476 -7.76165 -9.05414 -10.7081 -8.03159 -6.46322 -6.37297 -6.75992 -7.31963 -6.17669 -6.71085 -7.52122 -10.0096
 -10.246 -10.1916 -8.61705 -8.36599 -6.86117 -7.88656 -8.19057 -7.28363 -6.96819 -7.4171 -6.43864 -4.11264 -4.66486 -6.88885 -9.19746 -10.1465 -10.7341 -10.0071 -10.3729 -11.1206 -13.7489 -11.5382 -10.2945 -11.9995 -11.6941 -12.5653 -13.7611 -14.1306 -14.965 -12.3597 -12.0825 -10.0732 -10.898 -7.55455 -7.55346 -8.05107 -9.02017 -7.56312 -5.66067 -7.2134 -7.19001 -6.2053 -5.41307 -5.97497 -7.75076 -9.50238 -9.97752 -9.38711 -9.44134 -8.37637 -10.6759 -9.18523 -8.51774 -8.38923 -9.21834 -7.09016 -9.33739 -11.8429 -9.65962 -9.33761 -9.59135 -9.49767 -8.93521 -7.38039 -7.3394 -9.08184 -9.55797 -7.84988 -7.65109 -7.81501 -6.69179 -8.94012 -6.73275 -6.47149 -7.52382 -6.19006 -6.52732 -5.97949 -4.96432 -6.60973 -8.43505
 -9.66706 -10.714 -11.1795 -10.037 -10.631 -7.62851 -8.06922 -6.20614 -7.54304 -6.75426 -6.58034 -4.5881 -5.05652 -6.02423 -8.29841 -9.95293 -11.4057 -9.64741 -9.7358 -8.91166 -11.3976 -10.741 -10.2945 -9.95728 -11.8096 -13.4886 -12.7451 -14.1411 -13.6571 -10.9898 -11.5747 -11.0822 -10.1383 -9.35527 -10.1841 -9.18204 -8.49545 -7.04453 -6.826 -7.87913 -7.72204 -6.62425 -7.37165 -8.48038 -6.88931 -8.24542 -8.79736 -9.67617 -10.3235 -9.78895 -10.1477 -10.9958 -9.90865 -9.59931 -10.1427 -11.9426 -10.2868 -11.4585 -11.8885 -11.9553 -9.19452 -8.04064 -5.88385 -4.94519 -7.3394 -8.67174 -8.13131 -7.18561 -7.65109 -8.88142 -7.81681 -7.49104 -9.58166 -5.97814 -7.41167 -5.52257 -5.3389 -4.98683 -5.84128 -6.10042 -7.4106
 -11.0462 -11.1519 -11.1519 -10.3057 -11.4995 -10.1671 -7.75394 -7.30562 -7.89313 -5.44122 -7.51748 -5.0601 -5.93637 -7.30733 -7.88836 -9.95293 -11.4057 -9.68202 -8.87236 -8.0778 -8.45486 -9.06282 -9.0979 -9.34074 -10.3448 -11.7131 -13.7534 -13.5014 -13.2752 -13.4525 -11.4838 -11.5762 -10.6317 -10.4825 -11.3225 -9.18204 -7.47478 -8.10656 -8.07819 -7.9794 -8.99715 -7.39187 -8.86561 -8.41603 -9.41728 -8.35699 -8.29424 -9.61277 -11.6439 -11.4736 -12.0301 -12.4751 -11.9568 -10.5523 -10.1427 -10.939 -12.1487 -12.6823 -13.1584 -12.7534 -9.33068 -7.00016 -6.47303 -6.50936 -7.19562 -7.06015 -8.80787 -8.43526 -9.8414 -10.1311 -9.70981 -9.20009 -8.95678 -7.73414 -6.56143 -5.51603 -5.21376 -5.55286 -6.78783 -6.72399 -7.40261
 -9.43238 -9.79367 -10.403 -8.65381 -10.1571 -8.48618 -8.35861 -8.35861 -7.28814 -6.17944 -7.81434 -3.98421 -4.11367 -7.3758 -6.87922 -8.197 -10.668 -8.43309 -8.75984 -8.17746 -7.4967 -7.46359 -6.18915 -8.71666 -9.77462 -9.65175 -11.1102 -12.7027 -13.5985 -12.1783 -12.11 -9.76355 -9.70991 -8.74031 -10.5751 -8.88637 -9.77507 -9.76077 -9.66838 -9.77193 -8.62031 -8.07035 -9.89036 -10.3225 -10.362 -9.29898 -9.77884 -10.1938 -12.2922 -11.4736 -12.1983 -12.1483 -11.3698 -10.9024 -10.4703 -12.1743 -12.7427 -13.2541 -11.5445 -10.1409 -9.37252 -6.79313 -6.2788 -6.28469 -5.65863 -9.46866 -11.0768 -10.4051 -8.88139 -9.63717 -9.31687 -9.8378 -9.32527 -8.46884 -6.35339 -6.89384 -5.44984 -5.95296 -8.08989 -8.1331 -5.77691
 -8.81433 -8.71293 -8.1152 -6.77271 -7.38377 -8.58796 -7.42591 -7.19592 -6.54852 -6.6179 -5.46551 -6.12255 -6.39994 -7.07369 -8.48271 -7.91186 -7.99054 -9.03458 -7.12151 -4.81207 -5.16902 -6.7658 -7.20597 -8.41349 -7.91133 -8.79942 -11.6973 -11.6617 -11.031 -11.5973 -11.9129 -10.3213 -10.2328 -8.81161 -8.8205 -8.81941 -8.55125 -9.80524 -9.1575 -9.28861 -9.75746 -9.13789 -9.40448 -9.95642 -9.51858 -7.39829 -9.54213 -11.3789 -11.0485 -12.5319 -12.3933 -11.2969 -11.8794 -12.3673 -11.1644 -9.97752 -10.7899 -9.56154 -10.4479 -9.39305 -8.75015 -7.34708 -3.84352 -5.13306 -9.73345 -9.09485 -11.1447 -9.45108 -10.4246 -10.2769 -9.70892 -10.2034 -9.0352 -8.17245 -8.45112 -7.55235 -7.04272 -9.24052 -7.18187 -7.44562 -6.0178
