# name: MAT
# type: matrix
# rows: 68
# columns: 130
 -8.08055 -9.17457 -12.3776 -14.341 -14.3276 -12.8683 -14.0366 -12.9164 -9.12501 -7.83224 -8.47408 -8.25646 -6.88619 -9.09328 -6.48106 -7.88348 -5.78082 -4.42695 -7.59447 -7.36596 -7.39937 -6.49697 -7.72443 -6.78852 -6.92951 -9.11394 -8.56551 -8.33048 -8.26626 -10.61 -9.62887 -11.8805 -12.2319 -11.6029 -10.3726 -7.50011 -6.69995 -6.0614 -6.57716 -7.28653 -5.41189 -6.76323 -7.2598 -6.07692 -6.37587 -7.5686 -6.27639 -5.91443 -5.94667 -5.74615 -7.08197 -7.5395 -8.92387 -9.54909 -7.07307 -8.19594 -8.15999 -8.27748 -10.5694 -12.0477 -11.6631 -11.4771 -10.9338 -10.4636 -8.44657 -9.82522 -10.8176 -9.09331 -9.6204 -8.28387 -6.79179 -7.35996 -7.10771 -7.68225 -9.98558 -8.38269 -10.7182 -9.6345 -11.2937 -9.62275 -7.10192 -4.03388 -5.89666 -5.67692 -6.80642 -7.40232 -4.59385 -0.170157 -2.98849 -2.62691 -2.16262 -3.34831 -2.35917 -1.98854 -2.24451 -3.90886 -3.11788 -5.07136 -6.75885 -7.13539 -6.66188 -6.66901 -8.7995 -8.74997 -8.24708 -6.37792 -6.40314 -5.86516 -4.82699 -3.08955 -3.83958 -4.71729 -4.42704 -3.71895 -5.0107 -5.02082 -5.28854 -5.4253 -2.63369 -2.50008 -2.3433 -2.67819 -3.82831 -5.15184 -5.64752 -5.53321 -4.7349 -5.17947 -4.04715 -5.2867
 -9.09529 -8.65332 -10.575 -13.7184 -15.0445 -14.1203 -14.0947 -12.6769 -12.5574 -10.2736 -8.54381 -8.07385 -8.66261 -7.24095 -7.55466 -7.61429 -6.62207 -7.43768 -5.50404 -9.4801 -7.39185 -8.32706 -8.23374 -8.37474 -8.32875 -8.36388 -9.09135 -9.40571 -8.8182 -10.0975 -12.2585 -12.6271 -12.37 -10.3063 -10.969 -8.18579 -6.35926 -4.67471 -6.69746 -7.1632 -5.59374 -6.34722 -7.57606 -6.37645 -6.0756 -4.66721 -4.27706 -4.47803 -3.70697 -3.85002 -5.05361 -6.93395 -6.91896 -6.62204 -6.56531 -6.49472 -5.72825 -6.54191 -6.80048 -7.99824 -9.19454 -9.10027 -9.92933 -8.17721 -6.06623 -7.76687 -8.74036 -8.23694 -7.76358 -8.45003 -6.31187 -5.84428 -5.36832 -6.51426 -7.81672 -7.74942 -8.87851 -11.1267 -11.6431 -9.61551 -8.29293 -5.09117 -6.95596 -5.04913 -6.16481 -5.60924 -4.47451 -0.517517 -2.33552 -2.06464 -1.05946 -1.95575 -1.16352 -1.15175 -1.24976 -2.58841 -3.81494 -4.58162 -6.69855 -5.7815 -5.51221 -5.40317 -5.38228 -6.19456 -5.98665 -5.5718 -5.30967 -4.59021 -2.55323 -3.00331 -2.7038 -3.01357 -3.48133 -2.1673 -3.35729 -6.36815 -6.48494 -5.38104 -1.92327 -1.99084 -2.20049 -2.23049 -5.18218 -5.18218 -4.07489 -4.68432 -7.01959 -5.28013 -5.39989 -3.91919
 -9.8808 -10.3571 -10.1682 -12.8712 -14.6719 -14.0859 -12.4413 -14.5168 -13.1154 -11.1189 -11.0245 -8.31955 -9.55196 -8.84118 -8.67185 -7.32299 -6.68938 -6.67584 -6.87535 -11.2405 -9.6017 -9.4229 -10.7736 -9.68839 -9.68839 -9.23009 -9.35328 -9.7838 -11.6151 -12.4048 -13.0241 -12.6287 -12.4214 -12.1169 -10.1616 -9.02704 -7.15554 -4.29378 -5.22944 -6.27923 -6.27545 -5.20512 -5.78188 -5.93958 -5.54054 -4.58888 -4.72539 -3.45231 -2.45202 -2.5174 -5.91706 -4.94239 -6.39423 -5.66531 -5.59738 -5.06535 -4.74655 -4.41337 -6.21907 -8.21316 -6.08354 -5.87529 -6.63665 -8.69081 -8.30325 -7.899 -8.51553 -9.60489 -7.78884 -6.85028 -6.43812 -6.92513 -6.31283 -6.03622 -7.24663 -9.24969 -9.42281 -7.44851 -8.32609 -8.34246 -9.7978 -5.60477 -4.57776 -4.27673 -5.70046 -4.40197 -2.68347 -0.419951 -1.04182 -2.92809 0.484539 0.447834 0.287468 0.653765 -0.961025 -2.56742 -2.53813 -4.84443 -6.74712 -6.20878 -5.20577 -5.29342 -4.95302 -6.9084 -4.90001 -5.47108 -3.46653 -4.27015 -3.44672 -3.00331 -3.52112 -4.5781 -4.577 -4.88474 -3.93026 -7.26482 -5.09761 -4.49373 -1.943 -1.63474 -1.66127 -2.75473 -2.2952 -2.27272 -2.31512 -4.7712 -4.17322 -3.53545 -3.80108 -2.9065
 -8.6268 -11.1773 -8.62227 -10.9181 -11.2052 -13.3581 -14.6907 -10.9798 -11.9064 -11.0638 -11.2385 -9.8188 -8.58736 -7.26442 -5.95983 -6.29914 -7.55283 -7.03127 -8.72283 -10.8047 -10.6118 -9.17614 -10.0785 -10.2585 -9.13305 -9.38962 -8.8883 -8.3344 -9.083 -10.8925 -10.9951 -12.2343 -12.0754 -11.5553 -10.0344 -8.91967 -8.52952 -6.3063 -6.24914 -6.93089 -7.90778 -5.26549 -5.27673 -5.01887 -5.62567 -4.55016 -5.21055 -2.90639 -1.40249 -2.27207 -4.92445 -5.42687 -6.56415 -5.75549 -3.966 -1.36835 -2.29048 -3.25735 -4.54957 -5.30871 -3.8682 -3.68653 -6.6228 -7.10091 -8.49415 -9.46885 -9.86571 -9.44853 -8.95549 -6.74995 -8.0062 -5.72768 -6.38879 -7.26346 -7.23831 -7.96556 -7.68571 -4.40353 -5.6193 -7.22624 -7.22075 -6.31184 -5.07703 -4.09616 -4.4122 -5.13003 -3.67355 -0.935179 -2.07044 0.115014 1.52111 2.69883 1.71178 0.485058 -0.477983 -2.24284 -4.07191 -4.79159 -4.94034 -5.24579 -6.7746 -5.92718 -5.06206 -4.0349 -4.52216 -5.17404 -4.98622 -4.92072 -4.0015 -3.05676 -5.99857 -4.0559 -3.95354 -3.95354 -6.3952 -9.0581 -7.07196 -4.9234 -2.92055 -3.35473 -2.81589 -1.81914 -2.86817 -1.85629 -2.30191 -2.80182 -3.30205 -2.2579 -2.12506 -3.35482
 -9.30423 -9.77393 -6.59944 -8.72103 -8.93696 -12.8435 -12.726 -10.8878 -8.80367 -9.15872 -9.87044 -9.95937 -7.71274 -5.33922 -5.00261 -6.06893 -5.88729 -8.38382 -11.7324 -12.5261 -12.7151 -10.073 -9.56339 -9.70314 -9.74454 -9.86597 -7.74742 -7.94521 -9.59206 -10.9388 -9.40064 -10.8864 -11.0141 -10.5225 -10.5649 -8.34378 -6.72443 -5.44195 -5.31006 -8.42811 -7.23748 -6.77518 -6.48781 -5.94227 -5.51017 -6.0049 -5.40802 -3.7913 -2.76382 -2.24311 -5.31225 -5.81856 -6.28666 -4.53075 -3.64242 -2.17959 -2.06619 -2.83712 -2.31987 -3.58747 -4.24237 -4.0634 -5.65695 -7.18219 -9.29337 -8.76228 -10.1181 -9.60037 -8.18115 -7.52859 -4.92558 -7.02573 -6.29334 -6.67971 -5.40041 -6.11435 -6.77026 -5.96392 -6.22622 -5.66136 -6.59262 -5.8628 -4.53602 -3.85137 -3.72409 -4.18256 -0.89781 -0.357526 -1.1243 2.19462 3.28998 4.3652 2.90943 0.730002 0.229697 -0.101946 -3.0719 -5.28661 -6.54149 -6.79212 -6.75252 -6.40822 -5.92897 -3.51197 -4.02084 -5.60635 -5.64999 -4.88572 -4.07728 -5.17448 -5.13512 -4.0559 -4.50548 -5.28899 -7.06295 -7.99771 -8.48902 -8.39978 -6.61369 -4.6374 -4.1672 -1.81657 -0.141746 -1.12044 -2.01054 -3.20505 -2.79067 -2.74121 -2.24313 -4.12198
 -6.97435 -7.86571 -6.079 -6.8073 -7.55711 -6.81291 -10.171 -8.70053 -6.33561 -7.82482 -6.312 -5.88164 -4.39654 -4.73086 -5.46696 -4.33094 -7.98654 -9.53224 -12.2532 -13.3173 -10.9022 -8.91439 -8.27537 -7.90549 -6.1255 -7.1179 -6.79672 -6.51446 -8.28587 -9.12303 -8.08698 -6.92691 -7.17869 -8.87567 -9.4099 -8.88641 -7.08184 -5.78806 -6.24535 -5.70826 -6.06446 -3.8192 -5.10082 -4.21115 -7.53598 -7.89002 -4.90586 -5.9298 -4.33223 -3.08834 -4.69463 -5.19281 -5.77397 -4.16519 -3.64242 -0.9832 -1.02492 -3.3906 -2.88996 -3.83599 -4.62937 -4.85252 -4.55938 -10.0129 -9.46101 -9.45379 -8.85673 -7.69124 -7.69124 -7.36835 -7.3792 -4.61333 -4.99029 -7.29609 -7.08805 -5.95266 -6.69416 -4.47276 -6.04165 -7.10808 -5.16757 -4.81023 -4.45069 -3.55272 -2.11092 -0.566515 -0.153414 -1.02859 2.14178 2.11064 3.49767 3.79211 4.126 1.84417 1.74605 1.31007 -3.13184 -7.38284 -5.52306 -6.17242 -5.73995 -6.2387 -5.56584 -4.87925 -5.02671 -6.27885 -5.44979 -4.06968 -3.97495 -4.74426 -3.71906 -4.29174 -4.40798 -3.24523 -4.40282 -5.25798 -7.81714 -8.27315 -7.64079 -6.00563 -4.18508 -1.2009 -0.688195 -2.08486 -3.11755 -5.09095 -3.65412 -3.65338 -4.55243 -4.55549
