# name: MAT
# type: matrix
# rows: 56
# columns: 148
 -16.0513 -16.0513 -15.3117 -14.8115 -14.6743 -15.6266 -17.3133 -17.3133 -17.3133 -17.3133 -15.6123 -17.4192 -16.3443 -16.3443 -12.2144 -11.7906 -12.2227 -13.612 -12.6157 -10.4802 -10.9892 -10.7932 -10.135 -10.1631 -11.238 -11.3104 -9.71441 -9.7224 -9.54465 -8.81643 -8.3189 -9.65286 -10.4444 -9.2855 -8.06271 -8.45999 -7.98887 -8.50473 -8.35066 -9.24798 -7.12603 -8.60534 -8.85737 -9.77733 -9.21383 -5.55177 -4.72806 -5.26447 -3.657 -2.24793 -2.86348 -3.38324 -4.33331 -4.29617 -5.17718 -8.9375 -7.15303 -7.66322 -6.49556 -3.4315 -2.03749 -3.20889 -2.81501 -4.79907 -5.45293 -4.91973 -4.87401 -5.31405 -5.42241 -4.97409 -6.39123 -3.28734 -6.24435 -4.72247 -4.51569 -7.66144 -6.55037 -5.53763 -5.41574 -5.41574 -4.38577 -4.95886 -4.90742 -3.61051 -5.17839 -6.69499 -6.18924 -6.4416 -4.88208 -6.4926 -6.01079 -6.73369 -6.43383 -6.66877 -7.68209 -7.90745 -7.91013 -8.95385 -8.05 -6.54702 -6.47839 -4.77254 -3.85395 -3.54948 -3.86228 -3.92067 -6.50116 -5.24343 -6.64198 -5.01642 -2.22459 -3.28979 -2.80595 -6.01356 -5.33901 -4.70474 -5.01215 -5.52495 -4.87131 -6.70117 -6.74182 -8.31394 -7.32068 -6.79054 -7.22512 -9.13684 -7.17264 -7.98392 -7.98392 -6.66571 -6.60714 -6.26425 -7.47477 -8.57884 -7.7338 -6.72451 -5.52257 -7.09026 -8.69033 -7.66766 -7.75996 -8.20849 -5.0043 -5.62067 -4.0181 -4.55341 -7.14881 -9.0594
 -16.1013 -16.1013 -15.6011 -15.6011 -14.6743 -16.1967 -16.813 -17.3133 -17.3133 -16.2015 -15.6123 -16.3074 -16.7821 -16.3443 -13.8672 -13.0878 -12.2227 -13.612 -13.1082 -9.74873 -10.3928 -11.5829 -10.0195 -10.2545 -10.656 -9.98877 -8.62597 -8.91063 -9.04105 -8.90369 -9.40992 -9.61845 -8.61971 -8.63554 -7.23806 -8.39922 -7.95806 -8.22651 -8.3783 -8.50023 -8.48786 -6.65774 -7.33994 -7.63102 -8.55824 -6.86524 -5.30867 -5.1016 -5.09577 -3.14597 -1.36176 -3.27675 -3.62576 -4.32921 -6.1353 -6.73327 -6.74224 -8.15893 -7.71006 -5.4917 -4.43677 -5.24744 -3.73788 -3.28537 -5.63557 -5.74942 -6.23562 -5.57997 -6.70213 -6.03884 -6.60633 -7.72908 -7.39737 -5.4007 -7.2525 -6.69639 -5.18853 -5.29995 -4.98781 -5.41574 -4.96579 -4.42532 -5.03017 -7.31531 -6.25022 -7.9608 -7.64843 -6.44365 -6.49497 -6.33427 -6.47929 -7.81778 -9.64383 -8.77393 -8.55829 -6.69647 -7.11372 -9.04605 -8.91511 -8.11318 -5.4263 -3.27003 -2.56288 -2.49543 -3.24428 -4.21068 -6.50116 -5.84798 -3.67077 -2.59695 -2.37279 -3.71999 -3.02059 -5.48969 -6.55533 -6.67968 -6.97315 -4.22152 -6.00914 -6.46446 -9.84889 -9.84889 -7.33783 -7.15272 -7.98985 -8.07465 -8.83557 -8.94862 -8.83444 -7.94423 -8.77039 -9.41962 -9.08374 -7.20814 -6.70682 -6.70682 -6.67297 -6.67926 -7.02472 -6.48755 -5.90004 -6.60117 -5.98047 -6.00212 -6.49686 -6.56067 -6.90046 -10.2178
 -16.1013 -16.1013 -15.6011 -15.6011 -15.414 -16.813 -16.813 -16.813 -17.3133 -16.2015 -15.6123 -16.3074 -16.7821 -16.7932 -14.7351 -13.6579 -12.5987 -13.9734 -11.9203 -10.5792 -11.2233 -12.2514 -10.0572 -10.2473 -9.7164 -10.2932 -9.98853 -7.22696 -8.55591 -8.40346 -9.67356 -8.62164 -8.11948 -6.49436 -5.23866 -6.34265 -6.62241 -7.72436 -8.3783 -8.29289 -6.79068 -5.15555 -7.17028 -7.34625 -4.75328 -4.53014 -5.77756 -6.34442 -4.94405 -4.85102 -2.64414 -4.62696 -4.58905 -4.4566 -6.00536 -7.70467 -10.3529 -8.49735 -9.61467 -9.03336 -7.74101 -5.53917 -5.10254 -6.43961 -9.32566 -7.7015 -7.34308 -6.78851 -6.40577 -6.4615 -7.0952 -8.1745 -9.48066 -9.29639 -7.6017 -7.16979 -6.19328 -6.16216 -6.41374 -6.98464 -7.09458 -7.11247 -4.9369 -7.76444 -8.99558 -9.62856 -6.57493 -8.16055 -6.02958 -7.92077 -8.48343 -7.15401 -10.5008 -9.10104 -8.84307 -7.78185 -5.74886 -9.4848 -8.64463 -7.08513 -5.8372 -4.00074 -2.99052 -4.29509 -2.76143 -2.50141 -3.80208 -3.5839 -4.56441 -5.86011 -3.95579 -3.08757 -4.5093 -7.12807 -7.10236 -6.95999 -8.04205 -4.61812 -5.54116 -8.34 -8.82911 -8.79431 -7.86387 -6.67838 -10.6173 -10.3965 -10.7909 -9.13464 -8.69325 -9.11918 -9.10999 -8.20864 -5.28175 -4.9746 -5.14561 -5.14561 -7.3726 -6.03044 -6.51068 -5.1287 -4.49031 -5.08383 -5.53661 -6.47769 -6.49111 -7.49588 -8.83003 -9.43446
 -16.1013 -16.1013 -15.6011 -15.6011 -15.414 -16.813 -16.813 -16.813 -17.3133 -16.2015 -15.6123 -15.6123 -15.6703 -16.1289 -15.4718 -12.4373 -11.8875 -12.7528 -12.6675 -9.7141 -11.3118 -11.9827 -9.8671 -10.6273 -10.5909 -10.0011 -9.6965 -7.36996 -9.15232 -6.29547 -6.4136 -7.638 -7.63037 -7.06346 -5.76338 -4.06307 -5.59501 -6.11135 -5.48889 -6.45985 -6.58503 -6.08303 -4.88309 -5.15056 -4.28779 -3.59446 -3.29635 -5.94285 -5.75986 -4.94819 -3.90181 -4.63738 -6.66822 -4.51645 -6.1784 -9.74798 -9.54504 -8.62319 -8.19795 -10.0119 -9.52729 -8.18226 -5.5284 -7.05848 -9.17104 -7.01113 -8.00914 -7.7332 -7.49053 -6.29299 -8.04192 -9.34199 -9.15764 -8.84797 -10.6567 -9.02952 -9.31276 -6.90406 -6.97041 -7.57387 -8.30065 -7.31045 -5.10516 -9.49063 -9.79086 -9.17236 -6.17608 -7.33073 -6.29282 -6.88231 -6.18246 -6.16642 -8.81699 -8.86434 -7.47753 -5.49516 -6.90592 -8.0879 -7.22793 -7.75265 -4.69637 -2.5618 -1.67392 -2.11858 -1.34233 -0.648729 -2.94511 -3.46647 -4.86549 -4.59169 -4.81241 -6.22874 -5.86945 -6.63681 -5.68314 -5.54077 -4.28775 -5.34718 -7.42156 -8.4412 -7.01355 -8.17629 -10.0833 -8.62853 -8.38722 -10.3931 -10.4537 -8.20109 -8.7104 -8.06598 -6.92964 -6.49384 -6.69006 -4.53118 -5.66227 -5.5777 -7.55317 -5.66709 -3.92926 -5.52174 -4.0625 -5.37143 -7.63244 -7.54024 -6.87548 -7.31332 -6.85379 -9.00896
 -15.6239 -16.1013 -15.6011 -15.6011 -14.9847 -16.6004 -16.813 -16.813 -17.3133 -16.2015 -15.6123 -15.6123 -15.6703 -15.68 -14.7404 -11.9336 -11.5924 -10.9474 -11.2034 -10.4804 -11.5449 -11.9827 -10.631 -10.2272 -11.9489 -11.9125 -10.5696 -9.42307 -10.4793 -7.72329 -5.58409 -6.34796 -7.66057 -7.75004 -6.53351 -5.53849 -5.84389 -5.81575 -4.33025 -4.45747 -4.68734 -4.06477 -3.22841 -5.65161 -2.99618 -4.23898 -4.79852 -5.44627 -5.91706 -6.24069 -5.61099 -7.40846 -8.12285 -7.1133 -5.27459 -9.30489 -11.3804 -8.69102 -9.01371 -11.8923 -10.1481 -7.66286 -5.22944 -6.21493 -7.66455 -7.33771 -3.73229 -5.76789 -4.29789 -4.59366 -4.2081 -8.48245 -8.65741 -7.02612 -8.8907 -9.98784 -11.3755 -8.80032 -7.04759 -8.01867 -8.07294 -6.51181 -6.58629 -9.13663 -7.99353 -9.5297 -8.67132 -6.88789 -7.51968 -3.94197 -3.41939 -4.8559 -5.12547 -4.63021 -5.06276 -5.60389 -5.7909 -7.82972 -8.94896 -7.94927 -3.51097 -2.74527 -1.13452 -1.05607 0.680971 0.323386 -2.2771 -3.58176 -2.45009 -4.0186 -2.99975 -5.20733 -5.67702 -5.21759 -4.47056 -4.69072 -5.48238 -6.31041 -8.35427 -8.22681 -6.9787 -7.59345 -8.80602 -9.79181 -7.79263 -7.651 -9.89908 -8.93026 -8.93026 -6.58244 -5.48429 -5.92697 -5.70456 -3.20912 -4.00888 -4.77275 -3.69754 -5.15195 -4.25604 -4.50637 -4.51497 -5.89927 -5.99811 -6.19776 -6.77943 -7.306 -6.79999 -6.03613
 -15.6239 -16.1013 -15.6011 -15.6011 -14.9847 -16.6004 -16.813 -16.813 -17.3133 -16.2015 -15.6123 -15.6123 -14.9752 -14.9485 -13.6577 -11.1341 -9.98659 -11.5915 -12.0001 -11.2771 -13.6632 -12.0095 -11.2741 -8.93232 -11.01 -10.5251 -11.4101 -10.0334 -10.6577 -7.76103 -7.87916 -7.49119 -5.90147 -6.41741 -4.31422 -3.01707 -2.77906 -4.81243 -4.80755 -5.10983 -4.04548 -4.88665 -3.11411 -3.20268 -3.6571 -4.88151 -3.9458 -4.54154 -6.08795 -6.56961 -6.50857 -7.93234 -9.59511 -9.13571 -8.34978 -8.88714 -10.3242 -8.05873 -9.67815 -9.99078 -10.6338 -9.15037 -7.30258 -4.58963 -3.00516 -3.84779 -2.22735 -2.57225 -2.59989 -0.96714 -3.59491 -4.32742 -4.94414 -7.83951 -11.2986 -9.71233 -9.17478 -7.96055 -8.13024 -7.38892 -7.60274 -6.96071 -7.21015 -8.77577 -9.65494 -10.9335 -10.9652 -7.77793 -5.04773 -3.8787 -1.93224 -2.98199 -6.14135 -6.41631 -5.98374 -5.84706 -8.41014 -8.58216 -8.53629 -6.51404 -4.509 -2.85721 -0.250667 0.08338 0.531704 0.836971 -0.220267 -0.556822 -1.99829 -1.44518 -2.56527 -3.81789 -3.16708 -3.8989 -3.57969 -3.89115 -5.1706 -3.64847 -4.50814 -3.83803 -4.96492 -7.68177 -8.47692 -9.23647 -8.49898 -7.98963 -8.55855 -8.44257 -8.9372 -8.35723 -6.34541 -7.13485 -6.41468 -6.34038 -6.35352 -4.99894 -5.34573 -8.37569 -6.10327 -5.23983 -4.9635 -6.68838 -5.47339 -5.25849 -5.97448 -6.4364 -6.57894 -6.9463
